wav,rprs
1818.1818182,0.07017053  
645.1612903,0.07028206  
392.1568627,0.07028619  
281.6901408,0.07060177  
219.7802198,0.07065875  
180.1801802,0.07102681  
152.6717557,0.07095915  
132.4503311,0.07137124  
116.9590643,0.07149633  
104.7120419,0.07145807  
94.7867299,0.07177347  
86.5800866,0.07159646  
79.6812749,0.07206513  
73.8007380,0.07224351  
68.7285223,0.07162357  
64.3086817,0.07262368  
60.4229607,0.07169470  
56.9800570,0.07252337  
53.9083558,0.07183252  
51.1508951,0.07232237  
48.6618005,0.07223690  
46.4037123,0.07232075  
44.3458980,0.07230640  
42.4628450,0.07200911  
40.7331976,0.07254908  
39.1389432,0.07198165  
37.6647834,0.07215631  
36.2976407,0.07211425  
35.0262697,0.07238969  
33.8409475,0.07166619  
32.7332242,0.07232469  
31.6957211,0.07152520  
30.7219662,0.07239537  
29.8062593,0.07178198  
28.9435601,0.07173544  
28.1293952,0.07243323  
27.3597811,0.07140462  
26.6311585,0.07199784  
25.9403372,0.07157274  
25.2844501,0.07215284  
24.6609125,0.07178533  
24.0673887,0.07170343  
23.5017626,0.07175658  
22.9621125,0.07156611  
22.4466891,0.07190814  
21.9538968,0.07170462  
21.4822771,0.07169504  
21.0304942,0.07173067  
20.5973223,0.07151470  
20.1816347,0.07147583  
19.7823937,0.07160125  
19.3986421,0.07179057  
19.0294957,0.07136163  
18.6741363,0.07159936  
18.3318057,0.07123271  
18.0018002,0.07138933  
17.6834660,0.07130904  
17.3761946,0.07135752  
17.0794193,0.07131657  
16.7926113,0.07118542  
16.5152766,0.07141103  
16.2469537,0.07116288  
15.9872102,0.07125216  
15.7356412,0.07119189  
15.4918668,0.07116910  
15.2555301,0.07108924  
15.0262960,0.07102115  
14.8038490,0.07113446  
14.5878920,0.07113310  
14.3781452,0.07107702  
14.1743444,0.07105348  
13.9762404,0.07096919  
13.7835975,0.07096779  
13.5961931,0.07088300  
13.4138162,0.07096329  
13.2362674,0.07093838  
13.0633573,0.07081079  
12.8949065,0.07080679  
12.7307447,0.07086203  
12.5707102,0.07091678  
12.4146493,0.07085199  
12.2624157,0.07072352  
12.1138704,0.07066413  
11.9688809,0.07071817  
11.8273211,0.07072365  
11.6890707,0.07082513  
11.5540150,0.07058820  
11.4220445,0.07057362  
11.2930548,0.07062908  
11.1669458,0.07066455  
11.0436223,0.07069200  
10.9229929,0.07073966  
10.8049703,0.07056201  
10.6894709,0.07054299  
10.5764146,0.07070845  
10.4657248,0.07067029  
10.3573278,0.07070373  
10.2511533,0.07061064  
10.1471334,0.07047753  
10.0452034,0.07065585  
 9.9453008,0.07058037  
 9.8473658,0.07084156  
 9.7513408,0.07060507  
 9.6571704,0.07071574  
 9.5648015,0.07066959  
 9.4741829,0.07086273  
 9.3852651,0.07079556  
 9.2980009,0.07088845  
 9.2123445,0.07086275  
 9.1282519,0.07094041  
 9.0456807,0.07094872  
 8.9645899,0.07111266  
 8.8849400,0.07107701  
 8.8066931,0.07126589  
 8.7298123,0.07131896  
 8.6542622,0.07130528  
 8.5800086,0.07143817  
 8.5070183,0.07156497  
 8.4352594,0.07149618  
 8.3647010,0.07187960  
 8.2953131,0.07184190  
 8.2270671,0.07188542  
 8.1599347,0.07184554  
 8.0938891,0.07184924  
 8.0289041,0.07201923  
 7.9649542,0.07205319  
 7.9020150,0.07224415  
 7.8400627,0.07217780  
 7.7790743,0.07231194  
 7.7190274,0.07242903  
 7.6599004,0.07203881  
 7.6016724,0.07235174  
 7.5443229,0.07210269  
 7.4878323,0.07221446  
 7.4321813,0.07229520  
 7.3773515,0.07216064  
 7.3233248,0.07236935  
 7.2700836,0.07232031  
 7.2176110,0.07220723  
 7.1658904,0.07209373  
 7.1149057,0.07233267  
 7.0646415,0.07256630  
 7.0150824,0.07229798  
 6.9662139,0.07218284  
 6.9180214,0.07225852  
 6.8704912,0.07263271  
 6.8236097,0.07265852  
 6.7773636,0.07247862  
 6.7317402,0.07250150  
 6.6867268,0.07270785  
 6.6423115,0.07310797  
 6.5984823,0.07290853  
 6.5552278,0.07264552  
 6.5125366,0.07241717  
 6.4703979,0.07242543  
 6.4288010,0.07198900  
 6.3877355,0.07171954  
 6.3471914,0.07144687  
 6.3071586,0.07136323  
 6.2676277,0.07145767  
 6.2285892,0.07158069  
 6.1900340,0.07141060  
 6.1519532,0.07177512  
 6.1143381,0.07176849  
 6.0771802,0.07159667  
 6.0404712,0.07226142  
 6.0042029,0.07181950  
 5.9683677,0.07204755  
 5.9329576,0.07220797  
 5.8979652,0.07224381  
 5.8633832,0.07222869  
 5.8292043,0.07243052  
 5.7954216,0.07207812  
 5.7620282,0.07217368  
 5.7290175,0.07236392  
 5.6963828,0.07222188  
 5.6641178,0.07221764  
 5.6322163,0.07207109  
 5.6006721,0.07208337  
 5.5694793,0.07236069  
 5.5386320,0.07236701  
 5.5081245,0.07202299  
 5.4779512,0.07206852  
 5.4481068,0.07216444  
 5.4185857,0.07240980  
 5.3893829,0.07203713  
 5.3604932,0.07209344  
 5.3319115,0.07200345  
 5.3036330,0.07182741  
 5.2756529,0.07224653  
 5.2479664,0.07200495  
 5.2205690,0.07203058  
 5.1934562,0.07203850  
 5.1666236,0.07204687  
 5.1400668,0.07235028  
 5.1137816,0.07216318  
 5.0877639,0.07197160  
 5.0620096,0.07200172  
 5.0365147,0.07199501  
 5.0112754,0.07239243  
 4.9862877,0.07204813  
 4.9615480,0.07230819  
 4.9370526,0.07222324  
 4.9127978,0.07203805  
 4.8887802,0.07207950  
 4.8649964,0.07235743  
 4.8414427,0.07224682  
 4.8181161,0.07215567  
 4.7950132,0.07212932  
 4.7721308,0.07261601  
 4.7494657,0.07209745  
 4.7270149,0.07230860  
 4.7047753,0.07229744  
 4.6827441,0.07222366  
 4.6609182,0.07194140  
 4.6392948,0.07235490  
 4.6178712,0.07224429  
 4.5966444,0.07210038  
 4.5756120,0.07215258  
 4.5547711,0.07211174  
 4.5341192,0.07221782  
 4.5136538,0.07204186  
 4.4933723,0.07198386  
 4.4732722,0.07187738  
 4.4533511,0.07164330  
 4.4336067,0.07193317  
 4.4140366,0.07132413  
 4.3946385,0.07157161  
 4.3754102,0.07134530  
 4.3563494,0.07121108  
 4.3374539,0.07129334  
 4.3187217,0.07104673  
 4.3001505,0.07115606  
 4.2817384,0.07102073  
 4.2634833,0.07094689  
 4.2453831,0.07108894  
 4.2274361,0.07087038  
 4.2096401,0.07095368  
 4.1919933,0.07083779  
 4.1744938,0.07081651  
 4.1571399,0.07082951  
 4.1399296,0.07066793  
 4.1228613,0.07071555  
 4.1059331,0.07058163  
 4.0891433,0.07056939  
 4.0724903,0.07048961  
 4.0559724,0.07049408  
 4.0395880,0.07038880  
 4.0233353,0.07043809  
 4.0072130,0.07038342  
 3.9912193,0.07036736  
 3.9753528,0.07042970  
 3.9596120,0.07035015  
 3.9439953,0.07038618  
 3.9285013,0.07035927  
 3.9131285,0.07040383  
 3.8978757,0.07039129  
 3.8827412,0.07041134  
 3.8677238,0.07040917  
 3.8528222,0.07040662  
 3.8380349,0.07042650  
 3.8233607,0.07047434  
 3.8087983,0.07047465  
 3.7943464,0.07045309  
 3.7800038,0.07046492  
 3.7657692,0.07051449  
 3.7516413,0.07050505  
 3.7376191,0.07057207  
 3.7237014,0.07049834  
 3.7098868,0.07058557  
 3.6961745,0.07058657  
 3.6825631,0.07062982  
 3.6690516,0.07066905  
 3.6556388,0.07070922  
 3.6423238,0.07074006  
 3.6291054,0.07078414  
 3.6159826,0.07084664  
 3.6029544,0.07094190  
 3.5900197,0.07085938  
 3.5771776,0.07097652  
 3.5644270,0.07114979  
 3.5517670,0.07105264  
 3.5391966,0.07129716  
 3.5267149,0.07116189  
 3.5143209,0.07131407  
 3.5020137,0.07130152  
 3.4897924,0.07154357  
 3.4776561,0.07141727  
 3.4656039,0.07134843  
 3.4536350,0.07162348  
 3.4417484,0.07167729  
 3.4299434,0.07154288  
 3.4182191,0.07165182  
 3.4065747,0.07164195  
 3.3950093,0.07163410  
 3.3835222,0.07161674  
 3.3721126,0.07160252  
 3.3607797,0.07174885  
 3.3495227,0.07201411  
 3.3383408,0.07215059  
 3.3272334,0.07214328  
 3.3161996,0.07218570  
 3.3052388,0.07164399  
 3.2943502,0.07171832  
 3.2835331,0.07169105  
 3.2727868,0.07172701  
 3.2621106,0.07150736  
 3.2515038,0.07161740  
 3.2409658,0.07181003  
 3.2304959,0.07189912  
 3.2200934,0.07187761  
 3.2097577,0.07204128  
 3.1994881,0.07240643  
 3.1892840,0.07202560  
 3.1791448,0.07208473  
 3.1690699,0.07214653  
 3.1590586,0.07203042  
 3.1491104,0.07218042  
 3.1392246,0.07234677  
 3.1294007,0.07203190  
 3.1196381,0.07211767  
 3.1099362,0.07252733  
 3.1002945,0.07218539  
 3.0907124,0.07256517  
 3.0811893,0.07225230  
 3.0717248,0.07244087  
 3.0623182,0.07226686  
 3.0529690,0.07279676  
 3.0436768,0.07245448  
 3.0344409,0.07278158  
 3.0252609,0.07273113  
 3.0161363,0.07239851  
 3.0070666,0.07320942  
 2.9980513,0.07247822  
 2.9890898,0.07310629  
 2.9801818,0.07260196  
 2.9713267,0.07335566  
 2.9625241,0.07294069  
 2.9537734,0.07297118  
 2.9450744,0.07336447  
 2.9364264,0.07282000  
 2.9278290,0.07325755  
 2.9192819,0.07332018  
 2.9107845,0.07384712  
 2.9023364,0.07361575  
 2.8939372,0.07286721  
 2.8855865,0.07315428  
 2.8772838,0.07300120  
 2.8690288,0.07343246  
 2.8608211,0.07292414  
 2.8526601,0.07367015  
 2.8445456,0.07323211  
 2.8364771,0.07349053  
 2.8284542,0.07289718  
 2.8204767,0.07358091  
 2.8125439,0.07316549  
 2.8046557,0.07344291  
 2.7968116,0.07273674  
 2.7890113,0.07347785  
 2.7812543,0.07340211  
 2.7735404,0.07300134  
 2.7658692,0.07319136  
 2.7582402,0.07277703  
 2.7506533,0.07303537  
 2.7431079,0.07300864  
 2.7356039,0.07312778  
 2.7281408,0.07315932  
 2.7207183,0.07330137  
 2.7133360,0.07327925  
 2.7059938,0.07333201  
 2.6986911,0.07315739  
 2.6914278,0.07326370  
 2.6842035,0.07307882  
 2.6770178,0.07305517  
 2.6698705,0.07319267  
 2.6627613,0.07283466  
 2.6556898,0.07271757  
 2.6486558,0.07286564  
 2.6416590,0.07305435  
 2.6346990,0.07283561  
 2.6277756,0.07295382  
 2.6208885,0.07305008  
 2.6140374,0.07245661  
 2.6072220,0.07260639  
 2.6004421,0.07297713  
 2.5936973,0.07285993  
 2.5869875,0.07283311  
 2.5803122,0.07283723  
 2.5736713,0.07292272  
 2.5670646,0.07305347  
 2.5604916,0.07291205  
 2.5539522,0.07274312  
 2.5474462,0.07292997  
 2.5409732,0.07267111  
 2.5345330,0.07265272  
 2.5281254,0.07255885  
 2.5217501,0.07258868  
 2.5154069,0.07269576  
 2.5090955,0.07243558  
 2.5028157,0.07251183  
 2.4965672,0.07204749  
 2.4903499,0.07249767  
 2.4841635,0.07210456  
 2.4780077,0.07207009  
 2.4718823,0.07217660  
 2.4657872,0.07185387  
 2.4597221,0.07200603  
 2.4536867,0.07208995  
 2.4476808,0.07188376  
 2.4417043,0.07175443  
 2.4357569,0.07185467  
 2.4298384,0.07166472  
 2.4239486,0.07154583  
 2.4180873,0.07160154  
 2.4122543,0.07150398  
 2.4064493,0.07139853  
 2.4006722,0.07121667  
 2.3949228,0.07134150  
 2.3892008,0.07135451  
 2.3835061,0.07154896  
 2.3778385,0.07136492  
 2.3721978,0.07137690  
 2.3665838,0.07124090  
 2.3609963,0.07142351  
 2.3554352,0.07112818  
 2.3499001,0.07140590  
 2.3443910,0.07116722  
 2.3389077,0.07122233  
 2.3334500,0.07122218  
 2.3280177,0.07120320  
 2.3226106,0.07127936  
 2.3172286,0.07106425  
 2.3118715,0.07096745  
 2.3065390,0.07091040  
 2.3012312,0.07105461  
 2.2959477,0.07132121  
 2.2906884,0.07081748  
 2.2854531,0.07077834  
 2.2802417,0.07075832  
 2.2750540,0.07067690  
 2.2698899,0.07084974  
 2.2647492,0.07073062  
 2.2596317,0.07066246  
 2.2545373,0.07068049  
 2.2494658,0.07067678  
 2.2444170,0.07070480  
 2.2393909,0.07058611  
 2.2343872,0.07064053  
 2.2294059,0.07058519  
 2.2244467,0.07059125  
 2.2195095,0.07066707  
 2.2145942,0.07052054  
 2.2097006,0.07054618  
 2.2048286,0.07062631  
 2.1999780,0.07056454  
 2.1951487,0.07053808  
 2.1903406,0.07042119  
 2.1855535,0.07047681  
 2.1807873,0.07041361  
 2.1760418,0.07041406  
 2.1713169,0.07042451  
 2.1666125,0.07039146  
 2.1619284,0.07039280  
 2.1572646,0.07040349  
 2.1526208,0.07043093  
 2.1479970,0.07036852  
 2.1433930,0.07040050  
 2.1388087,0.07039587  
 2.1342439,0.07037067  
 2.1296986,0.07045507  
 2.1251727,0.07038940  
 2.1206659,0.07041408  
 2.1161782,0.07048413  
 2.1117094,0.07044661  
 2.1072595,0.07046718  
 2.1028283,0.07050696  
 2.0984157,0.07048195  
 2.0940216,0.07052969  
 2.0896458,0.07051194  
 2.0852883,0.07062838  
 2.0809489,0.07059605  
 2.0766276,0.07069241  
 2.0723241,0.07063062  
 2.0680385,0.07069543  
 2.0637705,0.07088379  
 2.0595201,0.07067663  
 2.0552872,0.07095452  
 2.0510717,0.07100547  
 2.0468734,0.07089098  
 2.0426923,0.07106483  
 2.0385282,0.07113358  
 2.0343810,0.07123548  
 2.0302507,0.07135206  
 2.0261372,0.07135189  
 2.0220402,0.07120859  
 2.0179598,0.07176743  
 2.0138959,0.07148344  
 2.0098483,0.07163003  
 2.0058169,0.07176631  
 2.0018016,0.07177612  
 1.9978024,0.07186709  
 1.9938192,0.07164659  
 1.9898518,0.07214593  
 1.9859001,0.07172822  
 1.9819641,0.07211911  
 1.9780437,0.07174530  
 1.9741388,0.07225898  
 1.9702492,0.07178496  
 1.9663750,0.07223479  
 1.9625159,0.07204239  
 1.9586720,0.07205027  
 1.9548431,0.07241178  
 1.9510292,0.07201815  
 1.9472301,0.07216755  
 1.9434457,0.07190888  
 1.9396761,0.07252442  
 1.9359210,0.07173790  
 1.9321805,0.07214159  
 1.9284543,0.07184731  
 1.9247426,0.07175707  
 1.9210450,0.07181893  
 1.9173617,0.07156255  
 1.9136925,0.07140885  
 1.9100372,0.07178550  
 1.9063960,0.07163393  
 1.9027685,0.07170781  
 1.8991549,0.07183644  
 1.8955549,0.07170515  
 1.8919686,0.07204911  
 1.8883958,0.07184266  
 1.8848365,0.07207943  
 1.8812906,0.07189063  
 1.8777580,0.07244446  
 1.8742386,0.07243056  
 1.8707324,0.07197916  
 1.8672393,0.07226580  
 1.8637592,0.07261074  
 1.8602921,0.07279399  
 1.8568378,0.07241097  
 1.8533963,0.07225445  
 1.8499676,0.07230072  
 1.8465516,0.07241533  
 1.8431481,0.07222244  
 1.8397572,0.07189597  
 1.8363787,0.07214954  
 1.8330126,0.07197986  
 1.8296588,0.07186124  
 1.8263172,0.07217663  
 1.8229879,0.07183800  
 1.8196706,0.07203027  
 1.8163655,0.07182905  
 1.8130723,0.07163492  
 1.8097910,0.07196684  
 1.8065215,0.07201776  
 1.8032639,0.07170274  
 1.8000180,0.07186526  
 1.7967838,0.07159985  
 1.7935611,0.07169023  
 1.7903500,0.07148377  
 1.7871504,0.07170082  
 1.7839622,0.07150672  
 1.7807853,0.07148777  
 1.7776198,0.07137726  
 1.7744654,0.07139991  
 1.7713223,0.07140845  
 1.7681903,0.07142483  
 1.7650693,0.07099951  
 1.7619593,0.07133794  
 1.7588603,0.07091683  
 1.7557721,0.07110042  
 1.7526948,0.07096998  
 1.7496282,0.07116065  
 1.7465724,0.07098689  
 1.7435272,0.07089600  
 1.7404926,0.07091364  
 1.7374685,0.07086501  
 1.7344549,0.07078739  
 1.7314518,0.07080917  
 1.7284591,0.07071502  
 1.7254767,0.07074390  
 1.7225045,0.07064477  
 1.7195426,0.07064002  
 1.7165909,0.07054650  
 1.7136492,0.07054181  
 1.7107176,0.07042605  
 1.7077961,0.07051108  
 1.7048845,0.07040224  
 1.7019828,0.07040581  
 1.6990910,0.07040992  
 1.6962090,0.07045490  
 1.6933367,0.07044791  
 1.6904742,0.07042811  
 1.6876213,0.07039836  
 1.6847780,0.07034525  
 1.6819443,0.07033823  
 1.6791201,0.07034984  
 1.6763054,0.07040032  
 1.6735001,0.07041335  
 1.6707042,0.07039569  
 1.6679176,0.07044712  
 1.6651403,0.07038328  
 1.6623722,0.07041399  
 1.6596133,0.07032825  
 1.6568636,0.07037760  
 1.6541229,0.07030536  
 1.6513913,0.07032463  
 1.6486687,0.07034056  
 1.6459551,0.07033743  
 1.6432503,0.07033702  
 1.6405545,0.07031350  
 1.6378675,0.07030102  
 1.6351893,0.07036564  
 1.6325198,0.07033000  
 1.6298590,0.07035340  
 1.6272069,0.07030468  
 1.6245634,0.07034382  
 1.6219285,0.07031332  
 1.6193021,0.07034044  
 1.6166842,0.07030425  
 1.6140747,0.07033433  
 1.6114737,0.07031343  
 1.6088810,0.07033168  
 1.6062967,0.07032070  
 1.6037206,0.07032751  
 1.6011528,0.07032283  
 1.5985932,0.07033314  
 1.5960418,0.07031999  
 1.5934985,0.07035215  
 1.5909633,0.07038740  
 1.5884362,0.07035745  
 1.5859171,0.07038120  
 1.5834059,0.07041387  
 1.5809027,0.07044351  
 1.5784074,0.07047698  
 1.5759199,0.07040311  
 1.5734403,0.07040205  
 1.5709685,0.07046632  
 1.5685044,0.07045963  
 1.5660481,0.07053735  
 1.5635994,0.07064240  
 1.5611584,0.07059637  
 1.5587250,0.07071509  
 1.5562991,0.07060430  
 1.5538808,0.07051056  
 1.5514700,0.07072867  
 1.5490667,0.07056888  
 1.5466708,0.07061660  
 1.5442823,0.07080476  
 1.5419012,0.07076444  
 1.5395274,0.07071457  
 1.5371609,0.07093473  
 1.5348016,0.07082023  
 1.5324496,0.07100061  
 1.5301048,0.07101484  
 1.5277672,0.07103132  
 1.5254367,0.07115052  
 1.5231132,0.07099986  
 1.5207969,0.07113988  
 1.5184876,0.07130575  
 1.5161853,0.07114651  
 1.5138899,0.07130266  
 1.5116015,0.07139348  
 1.5093201,0.07135408  
 1.5070454,0.07147436  
 1.5047777,0.07145948  
 1.5025167,0.07166069  
 1.5002625,0.07147092  
 1.4980151,0.07141639  
 1.4957744,0.07168843  
 1.4935404,0.07173400  
 1.4913131,0.07161925  
 1.4890924,0.07192346  
 1.4868783,0.07170463  
 1.4846708,0.07190141  
 1.4824698,0.07201641  
 1.4802753,0.07195718  
 1.4780874,0.07162353  
 1.4759058,0.07215559  
 1.4737307,0.07189676  
 1.4715621,0.07200280  
 1.4693998,0.07217282  
 1.4672438,0.07207691  
 1.4650941,0.07182793  
 1.4629508,0.07238572  
 1.4608137,0.07214545  
 1.4586828,0.07170076  
 1.4565582,0.07244734  
 1.4544397,0.07211564  
 1.4523274,0.07188385  
 1.4502212,0.07271686  
 1.4481211,0.07217676  
 1.4460270,0.07287027  
 1.4439391,0.07250368  
 1.4418571,0.07267649  
 1.4397812,0.07273591  
 1.4377112,0.07254941  
 1.4356471,0.07263568  
 1.4335890,0.07299203  
 1.4315368,0.07295337  
 1.4294904,0.07276355  
 1.4274499,0.07300160  
 1.4254152,0.07299181  
 1.4233862,0.07296761  
 1.4213631,0.07288945  
 1.4193457,0.07288650  
 1.4173340,0.07296444  
 1.4153280,0.07291140  
 1.4133277,0.07252340  
 1.4113330,0.07286044  
 1.4093440,0.07278738  
 1.4073605,0.07271480  
 1.4053826,0.07261156  
 1.4034103,0.07268643  
 1.4014435,0.07273727  
 1.3994822,0.07261340  
 1.3975264,0.07254478  
 1.3955760,0.07256703  
 1.3936311,0.07231929  
 1.3916916,0.07270894  
 1.3897575,0.07212838  
 1.3878287,0.07222555  
 1.3859053,0.07252630  
 1.3839873,0.07224007  
 1.3820745,0.07278029  
 1.3801670,0.07256446  
 1.3782648,0.07249136  
 1.3763678,0.07260063  
 1.3744760,0.07299215  
 1.3725894,0.07275794  
 1.3707080,0.07288743  
 1.3688317,0.07246791  
 1.3669606,0.07253982  
 1.3650945,0.07245293  
 1.3632336,0.07235466  
 1.3613777,0.07286757  
 1.3595269,0.07272764  
 1.3576811,0.07291966  
 1.3558403,0.07242010  
 1.3540045,0.07276566  
 1.3521736,0.07245878  
 1.3503477,0.07246238  
 1.3485267,0.07236038  
 1.3467107,0.07213864  
 1.3448995,0.07230713  
 1.3430931,0.07209553  
 1.3412917,0.07183434  
 1.3394950,0.07185465  
 1.3377032,0.07216837  
 1.3359161,0.07183532  
 1.3341338,0.07158596  
 1.3323563,0.07131497  
 1.3305835,0.07116069  
 1.3288154,0.07087282  
 1.3270520,0.07066109  
 1.3252932,0.07069440  
 1.3235391,0.07068511  
 1.3217897,0.07050716  
 1.3200449,0.07060558  
 1.3183047,0.07052367  
 1.3165690,0.07050671  
 1.3148379,0.07056770  
 1.3131114,0.07052358  
 1.3113894,0.07043843  
 1.3096719,0.07051343  
 1.3079589,0.07041224  
 1.3062504,0.07054550  
 1.3045463,0.07048145  
 1.3028467,0.07049704  
 1.3011515,0.07056510  
 1.2994607,0.07042653  
 1.2977743,0.07036178  
 1.2960923,0.07053334  
 1.2944146,0.07045216  
 1.2927413,0.07050249  
 1.2910722,0.07038942  
 1.2894075,0.07040959  
 1.2877471,0.07043735  
 1.2860909,0.07040145  
 1.2844390,0.07033062  
 1.2827914,0.07037347  
 1.2811479,0.07032862  
 1.2795087,0.07038000  
 1.2778736,0.07027252  
 1.2762427,0.07029008  
 1.2746160,0.07028792  
 1.2729934,0.07029440  
 1.2713750,0.07025438  
 1.2697607,0.07025680  
 1.2681504,0.07022866  
 1.2665442,0.07026596  
 1.2649421,0.07022110  
 1.2633441,0.07024119  
 1.2617500,0.07021629  
 1.2601600,0.07022180  
 1.2585740,0.07024294  
 1.2569920,0.07020815  
 1.2554140,0.07020327  
 1.2538399,0.07025292  
 1.2522697,0.07021108  
 1.2507035,0.07021515  
 1.2491412,0.07023336  
 1.2475828,0.07023036  
 1.2460283,0.07023057  
 1.2444776,0.07023290  
 1.2429308,0.07023160  
 1.2413879,0.07025563  
 1.2398487,0.07024728  
 1.2383134,0.07022904  
 1.2367819,0.07029328  
 1.2352542,0.07023700  
 1.2337302,0.07029894  
 1.2322100,0.07027312  
 1.2306935,0.07026764  
 1.2291808,0.07030833  
 1.2276717,0.07028959  
 1.2261664,0.07025372  
 1.2246647,0.07034871  
 1.2231668,0.07031636  
 1.2216725,0.07032417  
 1.2201818,0.07032262  
 1.2186948,0.07033219  
 1.2172114,0.07033637  
 1.2157316,0.07030391  
 1.2142554,0.07040675  
 1.2127827,0.07036297  
 1.2113137,0.07039248  
 1.2098482,0.07032844  
 1.2083862,0.07040511  
 1.2069278,0.07043214  
 1.2054728,0.07035450  
 1.2040214,0.07042371  
 1.2025735,0.07042228  
 1.2011291,0.07043477  
 1.1996881,0.07044812  
 1.1982506,0.07047960  
 1.1968165,0.07047389  
 1.1953858,0.07052021  
 1.1939586,0.07052553  
 1.1925347,0.07047204  
 1.1911143,0.07056100  
 1.1896972,0.07061540  
 1.1882835,0.07066043  
 1.1868732,0.07065853  
 1.1854662,0.07074316  
 1.1840625,0.07066660  
 1.1826622,0.07070487  
 1.1812651,0.07079050  
 1.1798714,0.07077610  
 1.1784809,0.07071238  
 1.1770938,0.07090997  
 1.1757098,0.07110061  
 1.1743292,0.07083159  
 1.1729517,0.07094450  
 1.1715775,0.07094642  
 1.1702065,0.07086793  
 1.1688388,0.07113438  
 1.1674742,0.07092708  
 1.1661128,0.07111878  
 1.1647545,0.07101182  
 1.1633995,0.07090908  
 1.1620475,0.07105908  
 1.1606987,0.07100845  
 1.1593531,0.07099303  
 1.1580105,0.07094294  
 1.1566711,0.07120691  
 1.1553348,0.07087287  
 1.1540015,0.07115246  
 1.1526713,0.07091542  
 1.1513442,0.07085265  
 1.1500201,0.07092042  
 1.1486991,0.07080394  
 1.1473811,0.07088639  
 1.1460661,0.07096043  
 1.1447542,0.07107571  
 1.1434452,0.07118330  
 1.1421392,0.07094045  
 1.1408362,0.07081891  
 1.1395362,0.07094672  
 1.1382391,0.07078870  
 1.1369450,0.07111472  
 1.1356539,0.07140454  
 1.1343656,0.07200361  
 1.1330803,0.07122096  
 1.1317979,0.07103018  
 1.1305183,0.07108774  
 1.1292417,0.07093160  
 1.1279680,0.07098500  
 1.1266971,0.07084090  
 1.1254291,0.07104233  
 1.1241639,0.07108399  
 1.1229016,0.07107626  
 1.1216421,0.07109126  
 1.1203854,0.07107155  
 1.1191316,0.07123730  
 1.1178805,0.07100424  
 1.1166322,0.07136166  
 1.1153868,0.07109991  
 1.1141441,0.07105625  
 1.1129041,0.07109477  
 1.1116669,0.07092801  
 1.1104325,0.07103050  
 1.1092008,0.07088002  
 1.1079719,0.07103816  
 1.1067456,0.07073088  
 1.1055221,0.07092307  
 1.1043013,0.07073879  
 1.1030831,0.07080613  
 1.1018677,0.07067708  
 1.1006549,0.07079759  
 1.0994448,0.07071474  
 1.0982373,0.07059038  
 1.0970325,0.07051354  
 1.0958304,0.07061620  
 1.0946308,0.07055107  
 1.0934339,0.07043682  
 1.0922396,0.07039535  
 1.0910480,0.07032669  
 1.0898589,0.07033637  
 1.0886724,0.07026401  
 1.0874884,0.07026279  
 1.0863071,0.07028384  
 1.0851283,0.07022210  
 1.0839521,0.07025151  
 1.0827784,0.07020134  
 1.0816073,0.07023330  
 1.0804387,0.07023315  
 1.0792726,0.07020539  
 1.0781090,0.07021322  
 1.0769479,0.07024363  
 1.0757894,0.07019823  
 1.0746333,0.07023958  
 1.0734797,0.07018913  
 1.0723286,0.07022671  
 1.0711799,0.07020958  
 1.0700337,0.07020147  
 1.0688900,0.07022164  
 1.0677487,0.07020820  
 1.0666098,0.07019658  
 1.0654733,0.07019991  
 1.0643393,0.07019380  
 1.0632077,0.07020254  
 1.0620785,0.07019112  
 1.0609517,0.07018824  
 1.0598272,0.07020563  
 1.0587052,0.07019121  
 1.0575855,0.07019375  
 1.0564682,0.07017726  
 1.0553533,0.07019376  
 1.0542407,0.07017861  
 1.0531304,0.07018868  
 1.0520225,0.07018216  
 1.0509169,0.07018357  
 1.0498137,0.07018166  
 1.0487127,0.07018227  
 1.0476141,0.07018110  
 1.0465177,0.07018105  
 1.0454237,0.07018110  
 1.0443319,0.07017910  
 1.0432424,0.07017808  
 1.0421552,0.07017609  
 1.0410702,0.07017632  
 1.0399875,0.07018083  
 1.0389071,0.07017851  
 1.0378289,0.07017648  
 1.0367529,0.07017938  
 1.0356791,0.07017971  
 1.0346076,0.07018199  
 1.0335383,0.07018466  
 1.0324712,0.07018402  
 1.0314063,0.07018905  
 1.0303436,0.07018714  
 1.0292831,0.07018613  
 1.0282248,0.07018950  
 1.0271686,0.07019494  
 1.0261146,0.07019357  
 1.0250628,0.07019443  
 1.0240131,0.07019730  
 1.0229656,0.07019634  
 1.0219202,0.07020112  
 1.0208769,0.07019660  
 1.0198358,0.07020535  
 1.0187968,0.07020792  
 1.0177599,0.07021027  
 1.0167251,0.07021527  
 1.0156924,0.07021192  
 1.0146619,0.07022741  
 1.0136334,0.07021656  
 1.0126070,0.07022452  
 1.0115826,0.07024031  
 1.0105604,0.07024096  
 1.0095402,0.07023864  
 1.0085220,0.07026550  
 1.0075059,0.07025310  
 1.0064919,0.07026392  
 1.0054799,0.07027637  
 1.0044699,0.07027082  
 1.0034619,0.07029056  
 1.0024560,0.07031777  
 1.0014521,0.07029981  
 1.0004502,0.07029713  
 0.9994503,0.07036742  
 0.9984524,0.07031407  
 0.9974565,0.07034741  
 0.9964626,0.07032940  
 0.9954706,0.07042194  
 0.9944806,0.07036662  
 0.9934926,0.07041816  
 0.9925066,0.07039635  
 0.9915225,0.07044131  
 0.9905403,0.07041425  
 0.9895601,0.07044692  
 0.9885819,0.07044461  
 0.9876056,0.07054058  
 0.9866311,0.07042624  
 0.9856587,0.07048370  
 0.9846881,0.07053850  
 0.9837194,0.07055866  
 0.9827527,0.07056355  
 0.9817878,0.07058608  
 0.9808249,0.07052264  
 0.9798638,0.07054350  
 0.9789046,0.07060654  
 0.9779473,0.07055605  
 0.9769918,0.07051052  
 0.9760383,0.07067455  
 0.9750865,0.07066878  
 0.9741367,0.07068861  
 0.9731887,0.07060362  
 0.9722425,0.07070008  
 0.9712981,0.07068815  
 0.9703556,0.07050360  
 0.9694150,0.07080308  
 0.9684761,0.07070786  
 0.9675391,0.07048825  
 0.9666038,0.07090849  
 0.9656704,0.07074336  
 0.9647388,0.07080272  
 0.9638090,0.07095604  
 0.9628809,0.07083776  
 0.9619547,0.07088983  
 0.9610302,0.07091694  
 0.9601075,0.07082028  
 0.9591866,0.07099187  
 0.9582675,0.07086130  
 0.9573501,0.07084405  
 0.9564344,0.07090554  
 0.9555205,0.07104645  
 0.9546084,0.07076193  
 0.9536980,0.07074792  
 0.9527893,0.07080839  
 0.9518823,0.07090456  
 0.9509771,0.07077873  
 0.9500736,0.07102541  
 0.9491718,0.07084525  
 0.9482718,0.07076138  
 0.9473734,0.07091713  
 0.9464767,0.07079593  
 0.9455818,0.07079949  
 0.9446885,0.07083745  
 0.9437969,0.07063099  
 0.9429070,0.07077879  
 0.9420187,0.07079959  
 0.9411322,0.07079210  
 0.9402473,0.07074986  
 0.9393641,0.07075918  
 0.9384825,0.07098283  
 0.9376026,0.07099234  
 0.9367243,0.07091116  
 0.9358476,0.07118031  
 0.9349727,0.07099787  
 0.9340993,0.07108460  
 0.9332276,0.07096312  
 0.9323575,0.07117756  
 0.9314890,0.07113993  
 0.9306221,0.07116687  
 0.9297569,0.07111254  
 0.9288932,0.07117580  
 0.9280312,0.07146748  
 0.9271707,0.07078256  
 0.9263119,0.07057681  
 0.9254546,0.07047590  
 0.9245990,0.07042619  
 0.9237449,0.07043234  
 0.9228923,0.07033453  
 0.9220414,0.07040255  
 0.9211920,0.07038297  
 0.9203442,0.07029527  
 0.9194980,0.07044442  
 0.9186533,0.07039321  
 0.9178101,0.07047825  
 0.9169685,0.07042457  
 0.9161284,0.07046232  
 0.9152899,0.07044513  
 0.9144529,0.07033366  
 0.9136175,0.07046095  
 0.9127835,0.07037647  
 0.9119511,0.07032118  
 0.9111202,0.07041688  
 0.9102908,0.07029304  
 0.9094630,0.07031680  
 0.9086366,0.07034106  
 0.9078117,0.07031424  
 0.9069883,0.07030808  
 0.9061665,0.07027180  
 0.9053461,0.07027367  
 0.9045272,0.07026526  
 0.9037097,0.07024575  
 0.9028938,0.07028052  
 0.9020793,0.07034083  
 0.9012663,0.07037725  
 0.9004547,0.07038127  
 0.8996446,0.07034135  
 0.8988360,0.07044189  
 0.8980288,0.07034164  
 0.8972231,0.07043290  
 0.8964188,0.07039471  
 0.8956160,0.07042460  
 0.8948145,0.07038400  
 0.8940146,0.07040000  
 0.8932160,0.07044936  
 0.8924189,0.07040045  
 0.8916232,0.07032010  
 0.8908289,0.07026620  
 0.8900360,0.07023138  
 0.8892446,0.07020114  
 0.8884545,0.07021087  
 0.8876659,0.07018996  
 0.8868786,0.07019090  
 0.8860928,0.07018795  
 0.8853083,0.07018161  
 0.8845252,0.07017996  
 0.8837435,0.07017963  
 0.8829632,0.07018656  
 0.8821843,0.07018597  
 0.8814067,0.07018222  
 0.8806305,0.07017943  
 0.8798557,0.07017976  
 0.8790822,0.07018468  
 0.8783101,0.07018233  
 0.8775394,0.07017740  
 0.8767700,0.07018260  
 0.8760019,0.07018312  
 0.8752352,0.07018189  
 0.8744699,0.07017991  
 0.8737058,0.07018145  
 0.8729431,0.07018129  
 0.8721818,0.07018016  
 0.8714217,0.07018339  
 0.8706630,0.07017669  
 0.8699056,0.07018323  
 0.8691495,0.07017926  
 0.8683948,0.07018301  
 0.8676413,0.07018312  
 0.8668892,0.07017912  
 0.8661383,0.07017979  
 0.8653888,0.07018581  
 0.8646405,0.07018055  
 0.8638936,0.07018077  
 0.8631479,0.07018398  
 0.8624035,0.07018962  
 0.8616604,0.07018068  
 0.8609186,0.07018978  
 0.8601781,0.07018748  
 0.8594388,0.07019295  
 0.8587008,0.07018627  
 0.8579641,0.07018950  
 0.8572286,0.07019197  
 0.8564944,0.07019562  
 0.8557614,0.07020129  
 0.8550297,0.07019571  
 0.8542993,0.07021206  
 0.8535701,0.07019750  
 0.8528421,0.07020274  
 0.8521154,0.07019781  
 0.8513899,0.07021587  
 0.8506656,0.07020862  
 0.8499426,0.07021885  
 0.8492208,0.07021959  
 0.8485003,0.07021720  
 0.8477809,0.07022577  
 0.8470628,0.07021996  
 0.8463459,0.07023816  
 0.8456302,0.07024643  
 0.8449157,0.07023216  
 0.8442024,0.07024423  
 0.8434904,0.07024026  
 0.8427795,0.07023852  
 0.8420698,0.07028907  
 0.8413613,0.07024919  
 0.8406540,0.07027328  
 0.8399479,0.07027592  
 0.8392430,0.07023320  
 0.8385393,0.07030141  
 0.8378367,0.07030294  
 0.8371353,0.07027903  
 0.8364351,0.07028176  
 0.8357361,0.07032315  
 0.8350382,0.07026544  
 0.8343415,0.07030757  
 0.8336460,0.07029557  
 0.8329516,0.07025439  
 0.8322583,0.07031273  
 0.8315663,0.07028321  
 0.8308753,0.07028524  
 0.8301855,0.07028062  
 0.8294969,0.07033889  
 0.8288094,0.07029399  
 0.8281231,0.07028831  
 0.8274378,0.07027396  
 0.8267538,0.07026751  
 0.8260708,0.07026901  
 0.8253890,0.07023100  
 0.8247083,0.07027714  
 0.8240287,0.07034265  
 0.8233502,0.07047182  
 0.8226729,0.07044133  
 0.8219966,0.07024741  
 0.8213215,0.07025767  
 0.8206475,0.07026208  
 0.8199746,0.07030140  
 0.8193028,0.07027696  
 0.8186321,0.07026456  
 0.8179625,0.07030432  
 0.8172939,0.07029128  
 0.8166265,0.07037146  
 0.8159602,0.07032091  
 0.8152949,0.07035409  
 0.8146308,0.07032872  
 0.8139677,0.07039805  
 0.8133057,0.07042706  
 0.8126448,0.07033916  
 0.8119849,0.07028168  
 0.8113261,0.07037484  
 0.8106684,0.07031937  
 0.8100117,0.07030473  
 0.8093562,0.07028421  
 0.8087016,0.07026170  
 0.8080482,0.07023113  
 0.8073957,0.07022900  
 0.8067444,0.07022074  
 0.8060941,0.07021750  
 0.8054448,0.07020476  
 0.8047966,0.07020793  
 0.8041494,0.07020407  
 0.8035033,0.07020005  
 0.8028582,0.07020488  
 0.8022141,0.07020497  
 0.8015711,0.07019991  
 0.8009291,0.07019971  
 0.8002881,0.07020104  
 0.7996482,0.07020357  
 0.7990092,0.07020036  
 0.7983713,0.07020568  
 0.7977344,0.07020157  
 0.7970986,0.07020306  
 0.7964637,0.07020889  
 0.7958299,0.07018885  
 0.7951970,0.07018901  
 0.7945652,0.07018440  
 0.7939343,0.07018432  
 0.7933045,0.07019216  
 0.7926757,0.07018730  
 0.7920478,0.07019280  
 0.7914210,0.07018440  
 0.7907951,0.07018871  
 0.7901703,0.07019484  
 0.7895464,0.07020690  
 0.7889235,0.07019751  
 0.7883016,0.07019273  
 0.7876807,0.07020336  
 0.7870607,0.07020496  
 0.7864417,0.07020616  
 0.7858237,0.07019750  
 0.7852067,0.07018584  
 0.7845906,0.07019454  
 0.7839755,0.07019681  
 0.7833614,0.07018669  
 0.7827482,0.07018487  
 0.7821360,0.07018888  
 0.7815248,0.07018411  
 0.7809145,0.07018411  
 0.7803051,0.07018122  
 0.7796967,0.07018332  
 0.7790892,0.07018194  
 0.7784827,0.07018241  
 0.7778772,0.07018116  
 0.7772726,0.07018133  
 0.7766689,0.07018138  
 0.7760661,0.07018097  
 0.7754643,0.07018119  
 0.7748634,0.07018123  
 0.7742635,0.07018117  
 0.7736645,0.07018146  
 0.7730664,0.07018185  
 0.7724692,0.07018244  
 0.7718729,0.07018175  
 0.7712776,0.07018182  
 0.7706832,0.07018359  
 0.7700897,0.07018194  
 0.7694971,0.07018207  
 0.7689055,0.07018226  
 0.7683147,0.07018248  
 0.7677248,0.07018386  
 0.7671359,0.07018296  
 0.7665479,0.07018269  
 0.7659607,0.07018465  
 0.7653745,0.07018501  
 0.7647891,0.07018571  
 0.7642047,0.07018356  
 0.7636211,0.07018346  
 0.7630384,0.07018590  
 0.7624566,0.07018482  
 0.7618757,0.07018615  
 0.7612957,0.07018470  
 0.7607166,0.07018631  
 0.7601383,0.07018700  
 0.7595610,0.07018922  
 0.7589845,0.07019052  
 0.7584089,0.07018744  
 0.7578341,0.07019039  
 0.7572602,0.07018825  
 0.7566872,0.07019058  
 0.7561151,0.07019164  
 0.7555438,0.07019285  
 0.7549734,0.07019423  
 0.7544038,0.07019326  
 0.7538351,0.07019612  
 0.7532673,0.07019701  
 0.7527003,0.07020278  
 0.7521342,0.07019908  
 0.7515689,0.07019829  
 0.7510045,0.07019785  
 0.7504409,0.07021313  
 0.7498781,0.07020481  
 0.7493162,0.07019805  
 0.7487552,0.07021050  
 0.7481950,0.07022364  
 0.7476356,0.07020367  
 0.7470771,0.07021214  
 0.7465194,0.07021714  
 0.7459625,0.07022947  
 0.7454064,0.07021418  
 0.7448512,0.07021770  
 0.7442968,0.07024824  
 0.7437433,0.07023479  
 0.7431905,0.07020642  
 0.7426386,0.07024490  
 0.7420875,0.07024833  
 0.7415372,0.07023440  
 0.7409877,0.07024617  
 0.7404391,0.07026867  
 0.7398912,0.07023612  
 0.7393442,0.07027113  
 0.7387980,0.07023706  
 0.7382526,0.07028899  
 0.7377079,0.07024544  
 0.7371641,0.07026057  
 0.7366211,0.07030446  
 0.7360789,0.07026564  
 0.7355375,0.07024577  
 0.7349969,0.07031448  
 0.7344571,0.07027665  
 0.7339180,0.07024097  
 0.7333798,0.07032870  
 0.7328423,0.07027469  
 0.7323057,0.07025019  
 0.7317698,0.07033688  
 0.7312347,0.07032882  
 0.7307004,0.07033673  
 0.7301668,0.07030237  
 0.7296341,0.07033671  
 0.7291021,0.07031067  
 0.7285709,0.07021433  
 0.7280405,0.07029676  
 0.7275108,0.07027830  
 0.7269819,0.07027944  
 0.7264538,0.07033486  
 0.7259265,0.07026891  
 0.7253999,0.07033620  
 0.7248741,0.07029225  
 0.7243490,0.07031688  
 0.7238247,0.07029855  
 0.7233011,0.07027129  
 0.7227784,0.07027274  
 0.7222563,0.07025780  
 0.7217351,0.07025172  
 0.7212145,0.07027798  
 0.7206947,0.07030156  
 0.7201757,0.07033134  
 0.7196574,0.07032217  
 0.7191399,0.07031591  
 0.7186231,0.07037506  
 0.7181071,0.07039081  
 0.7175918,0.07038942  
 0.7170772,0.07045276  
 0.7165634,0.07051771  
 0.7160503,0.07030355  
 0.7155379,0.07023613  
 0.7150263,0.07025011  
 0.7145154,0.07022962  
 0.7140052,0.07021243  
 0.7134958,0.07022176  
 0.7129871,0.07022807  
 0.7124791,0.07022750  
 0.7119718,0.07021802  
 0.7114653,0.07020760  
 0.7109594,0.07022875  
 0.7104543,0.07021108  
 0.7099499,0.07021014  
 0.7094463,0.07022514  
 0.7089433,0.07021843  
 0.7084411,0.07019802  
 0.7079395,0.07022259  
 0.7074387,0.07021132  
 0.7069386,0.07021744  
 0.7064392,0.07021422  
 0.7059405,0.07021109  
 0.7054425,0.07022398  
 0.7049452,0.07021060  
 0.7044486,0.07021232  
 0.7039527,0.07022444  
 0.7034575,0.07020620  
 0.7029630,0.07023658  
 0.7024692,0.07020857  
 0.7019761,0.07021525  
 0.7014836,0.07022259  
 0.7009919,0.07020053  
 0.7005009,0.07021228  
 0.7000105,0.07021529  
 0.6995208,0.07020469  
 0.6990318,0.07021529  
 0.6985435,0.07020082  
 0.6980559,0.07019692  
 0.6975690,0.07019382  
 0.6970827,0.07019868  
 0.6965971,0.07020083  
 0.6961122,0.07020952  
 0.6956280,0.07021566  
 0.6951444,0.07022260  
 0.6946615,0.07020935  
 0.6941793,0.07024371  
 0.6936978,0.07022806  
 0.6932169,0.07024953  
 0.6927367,0.07025767  
 0.6922571,0.07027534  
 0.6917782,0.07021499  
 0.6913000,0.07021122  
 0.6908224,0.07020002  
 0.6903455,0.07020474  
 0.6898693,0.07019500  
 0.6893937,0.07019607  
 0.6889187,0.07019288  
 0.6884445,0.07019300  
 0.6879708,0.07019307  
 0.6874979,0.07019322  
 0.6870255,0.07019332  
 0.6865538,0.07019353  
 0.6860828,0.07019350  
 0.6856124,0.07019348  
 0.6851427,0.07019354  
 0.6846736,0.07019376  
 0.6842051,0.07019383  
 0.6837373,0.07019395  
 0.6832701,0.07019399  
 0.6828036,0.07019436  
 0.6823377,0.07019431  
 0.6818724,0.07019484  
 0.6814078,0.07019461  
 0.6809438,0.07019463  
 0.6804804,0.07019473  
 0.6800177,0.07019498  
 0.6795556,0.07019497  
 0.6790941,0.07019518  
 0.6786332,0.07019508  
 0.6781730,0.07019548  
 0.6777134,0.07019534  
 0.6772544,0.07019543  
 0.6767960,0.07019559  
 0.6763383,0.07019557  
 0.6758812,0.07019563  
 0.6754247,0.07019571  
 0.6749688,0.07019586  
 0.6745135,0.07019709  
 0.6740588,0.07019620  
 0.6736048,0.07019607  
 0.6731514,0.07019666  
 0.6726985,0.07019760  
 0.6722463,0.07019645  
 0.6717947,0.07019653  
 0.6713437,0.07019702  
 0.6708933,0.07019854  
 0.6704435,0.07019727  
 0.6699943,0.07019698  
 0.6695457,0.07019894  
 0.6690977,0.07020117  
 0.6686503,0.07019721  
 0.6682035,0.07020063  
 0.6677573,0.07019989  
 0.6673117,0.07020150  
 0.6668667,0.07019984  
 0.6664223,0.07020298  
 0.6659785,0.07020182  
 0.6655353,0.07020106  
 0.6650926,0.07020202  
 0.6646506,0.07020273  
 0.6642091,0.07020580  
 0.6637682,0.07020229  
 0.6633279,0.07020497  
 0.6628882,0.07021054  
 0.6624491,0.07020354  
 0.6620105,0.07020308  
 0.6615726,0.07020790  
 0.6611352,0.07020623  
 0.6606984,0.07020514  
 0.6602621,0.07021493  
 0.6598265,0.07020503  
 0.6593914,0.07020665  
 0.6589569,0.07021241  
 0.6585229,0.07020931  
 0.6580896,0.07020608  
 0.6576568,0.07021614  
 0.6572245,0.07021819  
 0.6567929,0.07020721  
 0.6563618,0.07021202  
 0.6559313,0.07020931  
 0.6555013,0.07021634  
 0.6550719,0.07020965  
 0.6546431,0.07020859  
 0.6542148,0.07020518  
 0.6537871,0.07020717  
 0.6533599,0.07020542  
 0.6529333,0.07020694  
 0.6525073,0.07021173  
 0.6520818,0.07021744  
 0.6516568,0.07023070  
 0.6512325,0.07020540  
 0.6508086,0.07020258  
 0.6503854,0.07020397  
 0.6499626,0.07020628  
 0.6495405,0.07021284  
 0.6491188,0.07021089  
 0.6486977,0.07020697  
 0.6482772,0.07021767  
 0.6478572,0.07022330  
 0.6474378,0.07021660  
 0.6470189,0.07022606  
 0.6466005,0.07022783  
 0.6461827,0.07021897  
 0.6457654,0.07021623  
 0.6453486,0.07021325  
 0.6449324,0.07020759  
 0.6445168,0.07021133  
 0.6441016,0.07020981  
 0.6436870,0.07020549  
 0.6432730,0.07020778  
 0.6428594,0.07020396  
 0.6424464,0.07020385  
 0.6420340,0.07020425  
 0.6416220,0.07020406  
 0.6412106,0.07020430  
 0.6407997,0.07020456  
 0.6403894,0.07020418  
 0.6399795,0.07020436  
 0.6395702,0.07020479  
 0.6391614,0.07020495  
 0.6387532,0.07020534  
 0.6383454,0.07020567  
 0.6379382,0.07020548  
 0.6375315,0.07020515  
 0.6371253,0.07020526  
 0.6367196,0.07020498  
 0.6363145,0.07020527  
 0.6359098,0.07020532  
 0.6355057,0.07020534  
 0.6351021,0.07020548  
 0.6346990,0.07020575  
 0.6342964,0.07020590  
 0.6338943,0.07020625  
 0.6334928,0.07020623  
 0.6330917,0.07020630  
 0.6326912,0.07020637  
 0.6322911,0.07020686  
 0.6318916,0.07020695  
 0.6314925,0.07020678  
 0.6310940,0.07020667  
 0.6306960,0.07020676  
 0.6302984,0.07020683  
 0.6299014,0.07020690  
 0.6295049,0.07020708  
 0.6291089,0.07020712  
 0.6287133,0.07020737  
 0.6283183,0.07020753  
 0.6279238,0.07021034  
 0.6275297,0.07021054  
 0.6271362,0.07021081  
 0.6267431,0.07021100  
 0.6263506,0.07020847  
 0.6259585,0.07021040  
 0.6255669,0.07020848  
 0.6251758,0.07020860  
 0.6247852,0.07020864  
 0.6243951,0.07020855  
 0.6240055,0.07020878  
 0.6236164,0.07020873  
 0.6232277,0.07020879  
 0.6228395,0.07020890  
 0.6224518,0.07020916  
 0.6220646,0.07020924  
 0.6216779,0.07020934  
 0.6212917,0.07020946  
 0.6209059,0.07020963  
 0.6205206,0.07020995  
 0.6201358,0.07020987  
 0.6197515,0.07020989  
 0.6193676,0.07020997  
 0.6189842,0.07021011  
 0.6186013,0.07021031  
 0.6182189,0.07021060  
 0.6178370,0.07021062  
 0.6174555,0.07021078  
 0.6170745,0.07021103  
 0.6166939,0.07021143  
 0.6163138,0.07021109  
 0.6159342,0.07021121  
 0.6155551,0.07021126  
 0.6151764,0.07021157  
 0.6147982,0.07021154  
 0.6144204,0.07021192  
 0.6140432,0.07021183  
 0.6136663,0.07021211  
 0.6132900,0.07021222  
 0.6129141,0.07021309  
 0.6125387,0.07021229  
 0.6121637,0.07021362  
 0.6117892,0.07021287  
 0.6114151,0.07021286  
 0.6110415,0.07021459  
 0.6106684,0.07021323  
 0.6102957,0.07021438  
 0.6099235,0.07021588  
 0.6095517,0.07021381  
 0.6091803,0.07021549  
 0.6088095,0.07021698  
 0.6084390,0.07021587  
 0.6080691,0.07021683  
 0.6076996,0.07021673  
 0.6073305,0.07021896  
 0.6069619,0.07021652  
 0.6065937,0.07021994  
 0.6062259,0.07021532  
 0.6058587,0.07022179  
 0.6054918,0.07021704  
 0.6051254,0.07022146  
 0.6047595,0.07022261  
 0.6043939,0.07022342  
 0.6040289,0.07021935  
 0.6036642,0.07022293  
 0.6033001,0.07022446  
 0.6029363,0.07022762  
 0.6025730,0.07022505  
 0.6022101,0.07022214  
 0.6018477,0.07022947  
 0.6014857,0.07022758  
 0.6011241,0.07022439  
 0.6007630,0.07022461  
 0.6004023,0.07022725  
 0.6000420,0.07023347  
 0.5996822,0.07023039  
 0.5993228,0.07023312  
 0.5989638,0.07023317  
 0.5986052,0.07022430  
 0.5982471,0.07021884  
 0.5978895,0.07023959  
 0.5975322,0.07023248  
 0.5971754,0.07022800  
 0.5968190,0.07024216  
 0.5964630,0.07022946  
 0.5961074,0.07023369  
 0.5957523,0.07022770  
 0.5953976,0.07022349  
 0.5950433,0.07023678  
 0.5946894,0.07024682  
 0.5943360,0.07023966  
 0.5939830,0.07022101  
 0.5936303,0.07022099  
 0.5932782,0.07022438  
 0.5929264,0.07022198  
 0.5925750,0.07023423  
 0.5922241,0.07023353  
 0.5918736,0.07023579  
 0.5915235,0.07023135  
 0.5911738,0.07024296  
 0.5908245,0.07023258  
 0.5904756,0.07023355  
 0.5901272,0.07025494  
 0.5897791,0.07024228  
 0.5894315,0.07023842  
 0.5890843,0.07023757  
 0.5887375,0.07024436  
 0.5883910,0.07025367  
 0.5880450,0.07024526  
 0.5876995,0.07023506  
 0.5873543,0.07022931  
 0.5870095,0.07022833  
 0.5866651,0.07023034  
 0.5863211,0.07022890  
 0.5859776,0.07022611  
 0.5856344,0.07022289  
 0.5852916,0.07022344  
 0.5849493,0.07022298  
 0.5846073,0.07022350  
 0.5842657,0.07022401  
 0.5839246,0.07022368  
 0.5835838,0.07022370  
 0.5832434,0.07022410  
 0.5829034,0.07022439  
 0.5825639,0.07022426  
 0.5822247,0.07022452  
 0.5818859,0.07022479  
 0.5815475,0.07022487  
 0.5812095,0.07022505  
 0.5808719,0.07022573  
 0.5805347,0.07022767  
 0.5801978,0.07022493  
 0.5798614,0.07022527  
 0.5795254,0.07022735  
 0.5791897,0.07022547  
 0.5788544,0.07022571  
 0.5785196,0.07022678  
 0.5781851,0.07022631  
 0.5778510,0.07022611  
 0.5775173,0.07022784  
 0.5771839,0.07022689  
 0.5768510,0.07022643  
 0.5765184,0.07022748  
 0.5761862,0.07022699  
 0.5758544,0.07022704  
 0.5755230,0.07022727  
 0.5751920,0.07022727  
 0.5748613,0.07022760  
 0.5745310,0.07022875  
 0.5742011,0.07022783  
 0.5738716,0.07022798  
 0.5735425,0.07022804  
 0.5732137,0.07022816  
 0.5728853,0.07022836  
 0.5725573,0.07022852  
 0.5722297,0.07022886  
 0.5719024,0.07022921  
 0.5715755,0.07022890  
 0.5712490,0.07022920  
 0.5709229,0.07022933  
 0.5705971,0.07022927  
 0.5702717,0.07022968  
 0.5699467,0.07023031  
 0.5696221,0.07023026  
 0.5692978,0.07023002  
 0.5689739,0.07023273  
 0.5686503,0.07023626  
 0.5683271,0.07023827  
 0.5680043,0.07023068  
 0.5676819,0.07023077  
 0.5673598,0.07023071  
 0.5670381,0.07023098  
 0.5667167,0.07023111  
 0.5663957,0.07023117  
 0.5660751,0.07023129  
 0.5657549,0.07023151  
 0.5654350,0.07023160  
 0.5651154,0.07023181  
 0.5647962,0.07023190  
 0.5644774,0.07023210  
 0.5641590,0.07023227  
 0.5638409,0.07023244  
 0.5635231,0.07023260  
 0.5632058,0.07023276  
 0.5628887,0.07023294  
 0.5625721,0.07023316  
 0.5622558,0.07023336  
 0.5619398,0.07023348  
 0.5616242,0.07023366  
 0.5613090,0.07023387  
 0.5609941,0.07023396  
 0.5606795,0.07023412  
 0.5603654,0.07023429  
 0.5600515,0.07023443  
 0.5597380,0.07023457  
 0.5594249,0.07023470  
 0.5591121,0.07023492  
 0.5587997,0.07023513  
 0.5584876,0.07023523  
 0.5581759,0.07023542  
 0.5578645,0.07023564  
 0.5575535,0.07023579  
 0.5572428,0.07023588  
 0.5569324,0.07023614  
 0.5566224,0.07023631  
 0.5563128,0.07023641  
 0.5560034,0.07023664  
 0.5556945,0.07023683  
 0.5553859,0.07023702  
 0.5550776,0.07023722  
 0.5547696,0.07023734  
 0.5544620,0.07023751  
 0.5541548,0.07023774  
 0.5538479,0.07023797  
 0.5535413,0.07023809  
 0.5532350,0.07023821  
 0.5529291,0.07023836  
 0.5526236,0.07023864  
 0.5523184,0.07023867  
 0.5520135,0.07023893  
 0.5517089,0.07023916  
 0.5514047,0.07023927  
 0.5511008,0.07023958  
 0.5507973,0.07023980  
 0.5504941,0.07023998  
 0.5501912,0.07024014  
 0.5498886,0.07024009  
 0.5495864,0.07024049  
 0.5492846,0.07024049  
 0.5489830,0.07024076  
 0.5486818,0.07024088  
 0.5483809,0.07024096  
 0.5480803,0.07024123  
 0.5477801,0.07024147  
 0.5474802,0.07024179  
 0.5471807,0.07024201  
 0.5468814,0.07024208  
 0.5465825,0.07024222  
 0.5462839,0.07024238  
 0.5459856,0.07024260  
 0.5456877,0.07024261  
 0.5453901,0.07024282  
 0.5450928,0.07024314  
 0.5447958,0.07024338  
 0.5444992,0.07024357  
 0.5442029,0.07024372  
 0.5439069,0.07024394  
 0.5436112,0.07024410  
 0.5433159,0.07024419  
 0.5430208,0.07024467  
 0.5427261,0.07024451  
 0.5424317,0.07024480  
 0.5421376,0.07024494  
 0.5418439,0.07024518  
 0.5415505,0.07024539  
 0.5412573,0.07024546  
 0.5409645,0.07024584  
 0.5406721,0.07024694  
 0.5403799,0.07024602  
 0.5400880,0.07024599  
 0.5397965,0.07024623  
 0.5395053,0.07024646  
 0.5392144,0.07024653  
 0.5389238,0.07024670  
 0.5386335,0.07024684  
 0.5383435,0.07024704  
 0.5380539,0.07024726  
 0.5377645,0.07024748  
 0.5374755,0.07024765  
 0.5371868,0.07024795  
 0.5368983,0.07024806  
 0.5366102,0.07024807  
 0.5363224,0.07024828  
 0.5360349,0.07024845  
 0.5357478,0.07024866  
 0.5354609,0.07024890  
 0.5351743,0.07024906  
 0.5348881,0.07024920  
 0.5346021,0.07024942  
 0.5343165,0.07024958  
 0.5340311,0.07024976  
 0.5337461,0.07024996  
 0.5334614,0.07025015  
 0.5331769,0.07025036  
 0.5328928,0.07025060  
 0.5326090,0.07025078  
 0.5323255,0.07025090  
 0.5320422,0.07025115  
 0.5317593,0.07025134  
 0.5314767,0.07025149  
 0.5311944,0.07025176  
 0.5309124,0.07025192  
 0.5306307,0.07025216  
 0.5303492,0.07025228  
 0.5300681,0.07025243  
 0.5297873,0.07025260  
 0.5295068,0.07025279  
 0.5292265,0.07025298  
 0.5289466,0.07025317  
 0.5286670,0.07025343  
 0.5283876,0.07025363  
 0.5281086,0.07025388  
 0.5278298,0.07025403  
 0.5275514,0.07025415  
 0.5272732,0.07025434  
 0.5269953,0.07025456  
 0.5267178,0.07025480  
 0.5264405,0.07025494  
 0.5261635,0.07025514  
 0.5258868,0.07025537  
 0.5256104,0.07025560  
 0.5253342,0.07025575  
 0.5250584,0.07025593  
 0.5247829,0.07025613  
 0.5245076,0.07025638  
 0.5242327,0.07025663  
 0.5239580,0.07025674  
 0.5236836,0.07025698  
 0.5234095,0.07025720  
 0.5231357,0.07025730  
 0.5228621,0.07025757  
 0.5225889,0.07025774  
 0.5223159,0.07025791  
 0.5220433,0.07025811  
 0.5217709,0.07025831  
 0.5214988,0.07025857  
 0.5212270,0.07025871  
 0.5209554,0.07025892  
 0.5206842,0.07025913  
 0.5204132,0.07025930  
 0.5201425,0.07025956  
 0.5198721,0.07025977  
 0.5196020,0.07025992  
 0.5193321,0.07026017  
 0.5190626,0.07026039  
 0.5187933,0.07026059  
 0.5185243,0.07026077  
 0.5182556,0.07026102  
 0.5179871,0.07026127  
 0.5177189,0.07026146  
 0.5174510,0.07026167  
 0.5171834,0.07026188  
 0.5169161,0.07026207  
 0.5166490,0.07026233  
 0.5163822,0.07026251  
 0.5161157,0.07026275  
 0.5158495,0.07026300  
 0.5155835,0.07026315  
 0.5153178,0.07026354  
 0.5150524,0.07026356  
 0.5147873,0.07026380  
 0.5145224,0.07026402  
 0.5142578,0.07026430  
 0.5139935,0.07026449  
 0.5137294,0.07026466  
 0.5134656,0.07026504  
 0.5132021,0.07026524  
 0.5129389,0.07026535  
 0.5126759,0.07026577  
 0.5124132,0.07026589  
 0.5121508,0.07026616  
 0.5118886,0.07026644  
 0.5116267,0.07026640  
 0.5113651,0.07026733  
 0.5111037,0.07027051  
 0.5108426,0.07026715  
 0.5105818,0.07026723  
 0.5103212,0.07026976  
 0.5100610,0.07026791  
 0.5098009,0.07026966  
 0.5095412,0.07026837  
 0.5092817,0.07026990  
 0.5090224,0.07026861  
 0.5087635,0.07026918  
 0.5085047,0.07027144  
 0.5082463,0.07026927  
 0.5079881,0.07026979  
 0.5077302,0.07027009  
 0.5074725,0.07027026  
 0.5072151,0.07027043  
 0.5069580,0.07027047  
 0.5067011,0.07027082  
 0.5064445,0.07027077  
 0.5061882,0.07027133  
 0.5059321,0.07027154  
 0.5056762,0.07027174  
 0.5054206,0.07027183  
 0.5051653,0.07027204  
 0.5049103,0.07027246  
 0.5046554,0.07027266  
 0.5044009,0.07027337  
 0.5041466,0.07027359  
 0.5038926,0.07027726  
 0.5036388,0.07028071  
 0.5033853,0.07027505  
 0.5031320,0.07027395  
 0.5028790,0.07027581  
 0.5026262,0.07027396  
 0.5023737,0.07027417  
 0.5021215,0.07027586  
 0.5018695,0.07027474  
 0.5016177,0.07027499  
 0.5013662,0.07027501  
 0.5011150,0.07027527  
 0.5008640,0.07027558  
 0.5006133,0.07027567  
 0.5003628,0.07027588  
 0.5001125,0.07027608  
 0.4998625,0.07027636  
 0.4996128,0.07027655  
 0.4993633,0.07027682  
 0.4991141,0.07027705  
 0.4988651,0.07027722  
 0.4986163,0.07027753  
 0.4983678,0.07027787  
 0.4981196,0.07027805  
 0.4978716,0.07027811  
 0.4976238,0.07027842  
 0.4973763,0.07027859  
 0.4971291,0.07027881  
 0.4968821,0.07027906  
 0.4966353,0.07027929  
 0.4963888,0.07027950  
 0.4961425,0.07027973  
 0.4958965,0.07027997  
 0.4956507,0.07028021  
 0.4954051,0.07028045  
 0.4951598,0.07028066  
 0.4949148,0.07028096  
 0.4946699,0.07028115  
 0.4944254,0.07028138  
 0.4941810,0.07028164  
 0.4939369,0.07028187  
 0.4936931,0.07028211  
 0.4934495,0.07028234  
 0.4932061,0.07028254  
 0.4929630,0.07028277  
 0.4927201,0.07028302  
 0.4924774,0.07028327  
 0.4922350,0.07028345  
 0.4919928,0.07028374  
 0.4917509,0.07028395  
 0.4915092,0.07028425  
 0.4912677,0.07028444  
 0.4910265,0.07028470  
 0.4907855,0.07028492  
 0.4905447,0.07028514  
 0.4903042,0.07028538  
 0.4900640,0.07028562  
 0.4898239,0.07028586  
 0.4895841,0.07028611  
 0.4893445,0.07028634  
 0.4891052,0.07028663  
 0.4888661,0.07028682  
 0.4886272,0.07028709  
 0.4883886,0.07028731  
 0.4881502,0.07028758  
 0.4879120,0.07028793  
 0.4876740,0.07028809  
 0.4874363,0.07028836  
 0.4871989,0.07028862  
 0.4869616,0.07028887  
 0.4867246,0.07028906  
 0.4864878,0.07028931  
 0.4862512,0.07028951  
 0.4860149,0.07028981  
 0.4857788,0.07029002  
 0.4855430,0.07029038  
 0.4853073,0.07029059  
 0.4850719,0.07029090  
 0.4848367,0.07029111  
 0.4846018,0.07029131  
 0.4843671,0.07029150  
 0.4841326,0.07029171  
 0.4838983,0.07029197  
 0.4836642,0.07029220  
 0.4834304,0.07029246  
 0.4831968,0.07029270  
 0.4829635,0.07029295  
 0.4827303,0.07029318  
 0.4824974,0.07029345  
 0.4822647,0.07029371  
 0.4820322,0.07029394  
 0.4818000,0.07029421  
 0.4815680,0.07029445  
 0.4813362,0.07029471  
 0.4811046,0.07029496  
 0.4808733,0.07029524  
 0.4806421,0.07029551  
 0.4804112,0.07029572  
 0.4801805,0.07029597  
 0.4799501,0.07029624  
 0.4797198,0.07029649  
 0.4794898,0.07029674  
 0.4792600,0.07029700  
 0.4790304,0.07029725  
 0.4788011,0.07029752  
 0.4785719,0.07029778  
 0.4783430,0.07029803  
 0.4781143,0.07029828  
 0.4778858,0.07029857  
 0.4776576,0.07029880  
 0.4774295,0.07029907  
 0.4772017,0.07029933  
 0.4769741,0.07029959  
 0.4767467,0.07029985  
 0.4765195,0.07030012  
 0.4762925,0.07030041  
 0.4760658,0.07030061  
 0.4758393,0.07030087  
 0.4756129,0.07030111  
 0.4753868,0.07030144  
 0.4751610,0.07030165  
 0.4749353,0.07030192  
 0.4747098,0.07030218  
 0.4744846,0.07030247  
 0.4742596,0.07030273  
 0.4740347,0.07030298  
 0.4738101,0.07030329  
 0.4735858,0.07030349  
 0.4733616,0.07030385  
 0.4731376,0.07030404  
 0.4729139,0.07030433  
 0.4726903,0.07030459  
 0.4724670,0.07030481  
 0.4722439,0.07030513  
 0.4720210,0.07030532  
 0.4717983,0.07030559  
 0.4715758,0.07030589  
 0.4713535,0.07030614  
 0.4711314,0.07030648  
 0.4709096,0.07030671  
 0.4706879,0.07030702  
 0.4704665,0.07030729  
 0.4702452,0.07030754  
 0.4700242,0.07030781  
 0.4698034,0.07030813  
 0.4695828,0.07030844  
 0.4693624,0.07030854  
 0.4691422,0.07030883  
 0.4689222,0.07030911  
 0.4687024,0.07030942  
 0.4684828,0.07030960  
 0.4682634,0.07030989  
 0.4680443,0.07031015  
 0.4678253,0.07031043  
 0.4676066,0.07031071  
 0.4673880,0.07031101  
 0.4671697,0.07031125  
 0.4669515,0.07031157  
 0.4667336,0.07031187  
 0.4665158,0.07031208  
 0.4662983,0.07031241  
 0.4660810,0.07031259  
 0.4658638,0.07031287  
 0.4656469,0.07031313  
 0.4654302,0.07031341  
 0.4652136,0.07031370  
 0.4649973,0.07031397  
 0.4647812,0.07031427  
 0.4645653,0.07031452  
 0.4643496,0.07031481  
 0.4641340,0.07031507  
 0.4639187,0.07031535  
 0.4637036,0.07031564  
 0.4634887,0.07031591  
 0.4632740,0.07031620  
 0.4630594,0.07031648  
 0.4628451,0.07031675  
 0.4626310,0.07031705  
 0.4624171,0.07031731  
 0.4622033,0.07031758  
 0.4619898,0.07031788  
 0.4617765,0.07031815  
 0.4615633,0.07031842  
 0.4613504,0.07031871  
 0.4611376,0.07031901  
 0.4609251,0.07031928  
 0.4607127,0.07031955  
 0.4605006,0.07031983  
 0.4602886,0.07032013  
 0.4600768,0.07032044  
 0.4598653,0.07032072  
 0.4596539,0.07032100  
 0.4594427,0.07032127  
 0.4592317,0.07032157  
 0.4590209,0.07032185  
 0.4588103,0.07032213  
 0.4585999,0.07032242  
 0.4583897,0.07032272  
 0.4581797,0.07032301  
 0.4579698,0.07032329  
 0.4577602,0.07032357  
 0.4575507,0.07032387  
 0.4573415,0.07032416  
 0.4571324,0.07032445  
 0.4569235,0.07032476  
 0.4567149,0.07032503  
 0.4565064,0.07032533  
 0.4562981,0.07032561  
 0.4560899,0.07032592  
 0.4558820,0.07032620  
 0.4556743,0.07032651  
 0.4554667,0.07032680  
 0.4552594,0.07032710  
 0.4550522,0.07032740  
 0.4548452,0.07032767  
 0.4546384,0.07032800  
 0.4544318,0.07032825  
 0.4542254,0.07032854  
 0.4540192,0.07032890  
 0.4538132,0.07032915  
 0.4536073,0.07032944  
 0.4534016,0.07032975  
 0.4531962,0.07033004  
 0.4529909,0.07033036  
 0.4527858,0.07033066  
 0.4525808,0.07033095  
 0.4523761,0.07033123  
 0.4521716,0.07033152  
 0.4519672,0.07033183  
 0.4517630,0.07033210  
 0.4515590,0.07033243  
 0.4513552,0.07033272  
 0.4511516,0.07033306  
 0.4509481,0.07033332  
 0.4507449,0.07033361  
 0.4505418,0.07033394  
 0.4503389,0.07033423  
 0.4501362,0.07033455  
 0.4499336,0.07033484  
 0.4497313,0.07033516  
 0.4495291,0.07033546  
 0.4493271,0.07033576  
 0.4491253,0.07033608  
 0.4489237,0.07033633  
 0.4487223,0.07033666  
 0.4485210,0.07033701  
 0.4483199,0.07033730  
 0.4481190,0.07033756  
 0.4479183,0.07033796  
 0.4477178,0.07033824  
 0.4475174,0.07033847  
 0.4473172,0.07033883  
 0.4471172,0.07033917  
 0.4469174,0.07033945  
 0.4467177,0.07033981  
 0.4465183,0.07034011  
 0.4463190,0.07034040  
 0.4461199,0.07034066  
 0.4459209,0.07034104  
 0.4457222,0.07034129  
 0.4455236,0.07034165  
 0.4453252,0.07034192  
 0.4451270,0.07034230  
 0.4449289,0.07034259  
 0.4447310,0.07034290  
 0.4445334,0.07034317  
 0.4443358,0.07034354  
 0.4441385,0.07034377  
 0.4439413,0.07034409  
 0.4437443,0.07034439  
 0.4435475,0.07034477  
 0.4433508,0.07034513  
 0.4431544,0.07034553  
 0.4429581,0.07034579  
 0.4427619,0.07034648  
 0.4425660,0.07034682  
 0.4423702,0.07034663  
 0.4421746,0.07034689  
 0.4419792,0.07034719  
 0.4417839,0.07034754  
 0.4415888,0.07034787  
 0.4413939,0.07034815  
 0.4411992,0.07034845  
 0.4410046,0.07034873  
 0.4408102,0.07034908  
 0.4406160,0.07034939  
 0.4404219,0.07034975  
 0.4402280,0.07035003  
 0.4400343,0.07035035  
 0.4398408,0.07035067  
 0.4396474,0.07035100  
 0.4394542,0.07035135  
 0.4392612,0.07035165  
 0.4390683,0.07035199  
 0.4388756,0.07035230  
 0.4386831,0.07035257  
 0.4384907,0.07035291  
 0.4382985,0.07035325  
 0.4381065,0.07035357  
 0.4379147,0.07035387  
 0.4377230,0.07035421  
 0.4375314,0.07035455  
 0.4373401,0.07035486  
 0.4371489,0.07035518  
 0.4369579,0.07035548  
 0.4367671,0.07035584  
 0.4365764,0.07035616  
 0.4363859,0.07035651  
 0.4361955,0.07035680  
 0.4360053,0.07035715  
 0.4358153,0.07035745  
 0.4356254,0.07035779  
 0.4354358,0.07035809  
 0.4352462,0.07035848  
 0.4350569,0.07035878  
 0.4348677,0.07035912  
 0.4346787,0.07035944  
 0.4344898,0.07035979  
 0.4343011,0.07036008  
 0.4341126,0.07036044  
 0.4339242,0.07036075  
 0.4337360,0.07036110  
 0.4335479,0.07036143  
 0.4333601,0.07036178  
 0.4331723,0.07036209  
 0.4329848,0.07036242  
 0.4327974,0.07036273  
 0.4326102,0.07036313  
 0.4324231,0.07036347  
 0.4322362,0.07036377  
 0.4320494,0.07036408  
 0.4318628,0.07036444  
 0.4316764,0.07036473  
 0.4314902,0.07036511  
 0.4313040,0.07036545  
 0.4311181,0.07036578  
 0.4309323,0.07036611  
 0.4307467,0.07036647  
 0.4305612,0.07036680  
 0.4303759,0.07036713  
 0.4301908,0.07036747  
 0.4300058,0.07036786  
 0.4298210,0.07036818  
 0.4296363,0.07036850  
 0.4294518,0.07036887  
 0.4292675,0.07036918  
 0.4290833,0.07036955  
 0.4288992,0.07036988  
 0.4287154,0.07037021  
 0.4285316,0.07037058  
 0.4283481,0.07037095  
 0.4281647,0.07037125  
 0.4279814,0.07037159  
 0.4277983,0.07037194  
 0.4276154,0.07037228  
 0.4274326,0.07037263  
 0.4272500,0.07037301  
 0.4270675,0.07037334  
 0.4268852,0.07037368  
 0.4267031,0.07037402  
 0.4265211,0.07037440  
 0.4263392,0.07037471  
 0.4261576,0.07037512  
 0.4259760,0.07037545  
 0.4257946,0.07037575  
 0.4256134,0.07037606  
 0.4254323,0.07037648  
 0.4252514,0.07037675  
 0.4250707,0.07037720  
 0.4248901,0.07037751  
 0.4247096,0.07037785  
 0.4245293,0.07037820  
 0.4243492,0.07037856  
 0.4241692,0.07037889  
 0.4239893,0.07037926  
 0.4238096,0.07037961  
 0.4236301,0.07038001  
 0.4234507,0.07038036  
 0.4232715,0.07038068  
 0.4230924,0.07038101  
 0.4229135,0.07038136  
 0.4227347,0.07038178  
 0.4225560,0.07038213  
 0.4223776,0.07038244  
 0.4221992,0.07038281  
 0.4220211,0.07038320  
 0.4218430,0.07038353  
 0.4216652,0.07038392  
 0.4214874,0.07038425  
 0.4213099,0.07038461  
 0.4211324,0.07038496  
 0.4209551,0.07038533  
 0.4207780,0.07038570  
 0.4206010,0.07038605  
 0.4204242,0.07038637  
 0.4202475,0.07038680  
 0.4200710,0.07038708  
 0.4198946,0.07038754  
 0.4197184,0.07038785  
 0.4195423,0.07038823  
 0.4193663,0.07038855  
 0.4191905,0.07038898  
 0.4190149,0.07038930  
 0.4188394,0.07038970  
 0.4186640,0.07039001  
 0.4184888,0.07039040  
 0.4183138,0.07039074  
 0.4181389,0.07039115  
 0.4179641,0.07039153  
 0.4177895,0.07039185  
 0.4176150,0.07039225  
 0.4174407,0.07039259  
 0.4172665,0.07039298  
 0.4170924,0.07039332  
 0.4169186,0.07039367  
 0.4167448,0.07039420  
 0.4165712,0.07039449  
 0.4163977,0.07039482  
 0.4162244,0.07039517  
 0.4160513,0.07039554  
 0.4158782,0.07039590  
 0.4157053,0.07039629  
 0.4155326,0.07039668  
 0.4153600,0.07039700  
 0.4151876,0.07039736  
 0.4150153,0.07039777  
 0.4148431,0.07039815  
 0.4146711,0.07039849  
 0.4144992,0.07039890  
 0.4143274,0.07039925  
 0.4141558,0.07039959  
 0.4139844,0.07039997  
 0.4138131,0.07040036  
 0.4136419,0.07040069  
 0.4134709,0.07040109  
 0.4133000,0.07040151  
 0.4131292,0.07040184  
 0.4129586,0.07040220  
 0.4127882,0.07040260  
 0.4126179,0.07040300  
 0.4124477,0.07040338  
 0.4122776,0.07040375  
 0.4121077,0.07040414  
 0.4119380,0.07040454  
 0.4117683,0.07040488  
 0.4115989,0.07040526  
 0.4114295,0.07040561  
 0.4112603,0.07040601  
 0.4110912,0.07040637  
 0.4109223,0.07040675  
 0.4107535,0.07040716  
 0.4105849,0.07040753  
 0.4104164,0.07040791  
 0.4102480,0.07040830  
 0.4100798,0.07040870  
 0.4099117,0.07040910  
 0.4097437,0.07040946  
 0.4095759,0.07040985  
 0.4094082,0.07041020  
 0.4092407,0.07041059  
 0.4090732,0.07041101  
 0.4089060,0.07041140  
 0.4087388,0.07041177  
 0.4085718,0.07041218  
 0.4084050,0.07041254  
 0.4082382,0.07041293  
 0.4080717,0.07041334  
 0.4079052,0.07041371  
 0.4077389,0.07041416  
 0.4075727,0.07041449  
 0.4074067,0.07041484  
 0.4072407,0.07041531  
 0.4070750,0.07041566  
 0.4069093,0.07041603  
 0.4067438,0.07041649  
 0.4065784,0.07041680  
 0.4064132,0.07041727  
 0.4062481,0.07041764  
 0.4060831,0.07041800  
 0.4059183,0.07041838  
 0.4057536,0.07041881  
 0.4055890,0.07041922  
 0.4054246,0.07041958  
 0.4052603,0.07042000  
 0.4050961,0.07042037  
 0.4049321,0.07042079  
 0.4047682,0.07042113  
 0.4046044,0.07042161  
 0.4044408,0.07042201  
 0.4042773,0.07042239  
 0.4041139,0.07042279  
 0.4039506,0.07042317  
 0.4037875,0.07042355  
 0.4036245,0.07042394  
 0.4034617,0.07042433  
 0.4032990,0.07042476  
 0.4031364,0.07042522  
 0.4029739,0.07042557  
 0.4028116,0.07042598  
 0.4026494,0.07042634  
 0.4024874,0.07042679  
 0.4023254,0.07042716  
 0.4021636,0.07042757  
 0.4020020,0.07042801  
 0.4018404,0.07042838  
 0.4016790,0.07042880  
 0.4015177,0.07042921  
 0.4013566,0.07042960  
 0.4011956,0.07042999  
 0.4010347,0.07043045  
 0.4008739,0.07043080  
 0.4007133,0.07043120  
 0.4005528,0.07043167  
 0.4003924,0.07043204  
 0.4002321,0.07043249  
 0.4000720,0.07043285  
 0.3999120,0.07043324  
 0.3997522,0.07043367  
 0.3995924,0.07043407  
 0.3994328,0.07043449  
 0.3992733,0.07043488  
 0.3991140,0.07043530  
 0.3989547,0.07043572  
 0.3987956,0.07043609  
 0.3986367,0.07043652  
 0.3984778,0.07043699  
 0.3983191,0.07043733  
 0.3981605,0.07043779  
 0.3980020,0.07043818  
 0.3978437,0.07043861  
 0.3976855,0.07043902  
 0.3975274,0.07043946  
 0.3973694,0.07043986  
 0.3972116,0.07044026  
 0.3970539,0.07044063  
 0.3968963,0.07044114  
 0.3967388,0.07044151  
 0.3965815,0.07044192  
 0.3964243,0.07044233  
 0.3962672,0.07044274  
 0.3961102,0.07044319  
 0.3959534,0.07044355  
 0.3957966,0.07044394  
 0.3956400,0.07044444  
 0.3954836,0.07044482  
 0.3953272,0.07044530  
 0.3951710,0.07044567  
 0.3950149,0.07044607  
 0.3948589,0.07044653  
 0.3947031,0.07044695  
 0.3945474,0.07044733  
 0.3943917,0.07044781  
 0.3942363,0.07044819  
 0.3940809,0.07044862  
 0.3939257,0.07044904  
 0.3937705,0.07044945  
 0.3936156,0.07044988  
 0.3934607,0.07045036  
 0.3933059,0.07045077  
 0.3931513,0.07045116  
 0.3929968,0.07045160  
 0.3928424,0.07045208  
 0.3926881,0.07045245  
 0.3925340,0.07045286  
 0.3923800,0.07045334  
 0.3922261,0.07045371  
 0.3920723,0.07045419  
 0.3919186,0.07045463  
 0.3917651,0.07045504  
 0.3916117,0.07045544  
 0.3914584,0.07045588  
 0.3913052,0.07045632  
 0.3911521,0.07045675  
 0.3909992,0.07045715  
 0.3908464,0.07045759  
 0.3906937,0.07045804  
 0.3905411,0.07045845  
 0.3903886,0.07045892  
 0.3902363,0.07045932  
 0.3900841,0.07045975  
 0.3899320,0.07046019  
 0.3897800,0.07046060  
 0.3896281,0.07046113  
 0.3894763,0.07046150  
 0.3893247,0.07046193  
 0.3891732,0.07046237  
 0.3890218,0.07046276  
 0.3888705,0.07046321  
 0.3887194,0.07046369  
 0.3885683,0.07046415  
 0.3884174,0.07046458  
 0.3882666,0.07046501  
 0.3881159,0.07046540  
 0.3879653,0.07046584  
 0.3878149,0.07046635  
 0.3876645,0.07046675  
 0.3875143,0.07046717  
 0.3873642,0.07046765  
 0.3872142,0.07046807  
 0.3870643,0.07046854  
 0.3869145,0.07046895  
 0.3867649,0.07046940  
 0.3866154,0.07046991  
 0.3864660,0.07047028  
 0.3863167,0.07047071  
 0.3861675,0.07047113  
 0.3860184,0.07047164  
 0.3858695,0.07047207  
 0.3857206,0.07047254  
 0.3855719,0.07047297  
 0.3854233,0.07047337  
 0.3852748,0.07047385  
 0.3851264,0.07047426  
 0.3849782,0.07047476  
 0.3848300,0.07047514  
 0.3846820,0.07047560  
 0.3845340,0.07047605  
 0.3843862,0.07047657  
 0.3842385,0.07047694  
 0.3840910,0.07047747  
 0.3839435,0.07047788  
 0.3837961,0.07047835  
 0.3836489,0.07047878  
 0.3835018,0.07047928  
 0.3833547,0.07047969  
 0.3832078,0.07048016  
 0.3830610,0.07048059  
 0.3829144,0.07048104  
 0.3827678,0.07048148  
 0.3826213,0.07048196  
 0.3824750,0.07048245  
 0.3823288,0.07048285  
 0.3821826,0.07048330  
 0.3820366,0.07048382  
 0.3818907,0.07048426  
 0.3817450,0.07048465  
 0.3815993,0.07048518  
 0.3814537,0.07048559  
 0.3813083,0.07048609  
 0.3811629,0.07048657  
 0.3810177,0.07048697  
 0.3808726,0.07048741  
 0.3807276,0.07048795  
 0.3805827,0.07048843  
 0.3804379,0.07048884  
 0.3802932,0.07048928  
 0.3801486,0.07048972  
 0.3800042,0.07049022  
 0.3798598,0.07049072  
 0.3797156,0.07049110  
 0.3795715,0.07049166  
 0.3794274,0.07049213  
 0.3792835,0.07049255  
 0.3791397,0.07049300  
 0.3789960,0.07049344  
 0.3788525,0.07049400  
 0.3787090,0.07049442  
 0.3785656,0.07049485  
 0.3784224,0.07049539  
 0.3782792,0.07049579  
 0.3781362,0.07049625  
 0.3779932,0.07049672  
 0.3778504,0.07049719  
 0.3777077,0.07049765  
 0.3775651,0.07049818  
 0.3774226,0.07049863  
 0.3772802,0.07049906  
 0.3771379,0.07049952  
 0.3769957,0.07049999  
 0.3768536,0.07050046  
 0.3767117,0.07050097  
 0.3765698,0.07050141  
 0.3764281,0.07050198  
 0.3762864,0.07050235  
 0.3761449,0.07050282  
 0.3760035,0.07050329  
 0.3758621,0.07050382  
 0.3757209,0.07050427  
 0.3755798,0.07050472  
 0.3754388,0.07050519  
 0.3752979,0.07050568  
 0.3751571,0.07050615  
 0.3750164,0.07050667  
 0.3748758,0.07050715  
 0.3747353,0.07050754  
 0.3745950,0.07050811  
 0.3744547,0.07050856  
 0.3743145,0.07050904  
 0.3741745,0.07050950  
 0.3740345,0.07050997  
 0.3738947,0.07051044  
 0.3737549,0.07051099  
 0.3736153,0.07051140  
 0.3734758,0.07051188  
 0.3733363,0.07051242  
 0.3731970,0.07051284  
 0.3730578,0.07051336  
 0.3729186,0.07051377  
 0.3727796,0.07051437  
 0.3726407,0.07051477  
 0.3725019,0.07051530  
 0.3723632,0.07051575  
 0.3722246,0.07051623  
 0.3720861,0.07051675  
 0.3719477,0.07051722  
 0.3718094,0.07051769  
 0.3716712,0.07051821  
 0.3715331,0.07051866  
 0.3713951,0.07051915  
 0.3712573,0.07051962  
 0.3711195,0.07052008  
 0.3709818,0.07052067  
 0.3708442,0.07052115  
 0.3707068,0.07052152  
 0.3705694,0.07052210  
 0.3704321,0.07052263  
 0.3702949,0.07052308  
 0.3701579,0.07052360  
 0.3700209,0.07052401  
 0.3698840,0.07052453  
 0.3697473,0.07052502  
 0.3696106,0.07052553  
 0.3694741,0.07052604  
 0.3693376,0.07052652  
 0.3692012,0.07052693  
 0.3690650,0.07052746  
 0.3689288,0.07052793  
 0.3687928,0.07052853  
 0.3686568,0.07052899  
 0.3685209,0.07052946  
 0.3683852,0.07052997  
 0.3682495,0.07053048  
 0.3681140,0.07053094  
 0.3679785,0.07053151  
 0.3678432,0.07053200  
 0.3677079,0.07053250  
 0.3675727,0.07053289  
 0.3674377,0.07053346  
 0.3673027,0.07053395  
 0.3671679,0.07053438  
 0.3670331,0.07053500  
 0.3668984,0.07053548  
 0.3667639,0.07053596  
 0.3666294,0.07053642  
 0.3664950,0.07053698  
 0.3663608,0.07053745  
 0.3662266,0.07053798  
 0.3660925,0.07053844  
 0.3659585,0.07053893  
 0.3658247,0.07053946  
 0.3656909,0.07054002  
 0.3655572,0.07054047  
 0.3654236,0.07054106  
 0.3652901,0.07054147  
 0.3651567,0.07054195  
 0.3650235,0.07054251  
 0.3648903,0.07054302  
 0.3647572,0.07054356  
 0.3646242,0.07054405  
 0.3644913,0.07054453  
 0.3643585,0.07054510  
 0.3642257,0.07054561  
 0.3640931,0.07054609  
 0.3639606,0.07054651  
 0.3638282,0.07054707  
 0.3636959,0.07054759  
 0.3635637,0.07054814  
 0.3634315,0.07054859  
 0.3632995,0.07054910  
 0.3631675,0.07054970  
 0.3630357,0.07055020  
 0.3629040,0.07055066  
 0.3627723,0.07055122  
 0.3626407,0.07055166  
 0.3625093,0.07055224  
 0.3623779,0.07055276  
 0.3622467,0.07055328  
 0.3621155,0.07055374  
 0.3619844,0.07055431  
 0.3618534,0.07055487  
 0.3617225,0.07055535  
 0.3615917,0.07055582  
 0.3614610,0.07055636  
 0.3613304,0.07055691  
 0.3611999,0.07055735  
 0.3610695,0.07055791  
 0.3609392,0.07055851  
 0.3608089,0.07055892  
 0.3606788,0.07055940  
 0.3605488,0.07056004  
 0.3604188,0.07056054  
 0.3602890,0.07056110  
 0.3601592,0.07056156  
 0.3600295,0.07056208  
 0.3598999,0.07056252  
 0.3597705,0.07056314  
 0.3596411,0.07056361  
 0.3595118,0.07056415  
 0.3593826,0.07056477  
 0.3592535,0.07056519  
 0.3591245,0.07056570  
 0.3589955,0.07056631  
 0.3588667,0.07056675  
 0.3587380,0.07056732  
 0.3586093,0.07056789  
 0.3584808,0.07056838  
 0.3583523,0.07056889  
 0.3582239,0.07056944  
 0.3580956,0.07056999  
 0.3579675,0.07057051  
 0.3578394,0.07057106  
 0.3577114,0.07057157  
 0.3575835,0.07057214  
 0.3574556,0.07057266  
 0.3573279,0.07057310  
 0.3572003,0.07057366  
 0.3570727,0.07057427  
 0.3569453,0.07057479  
 0.3568179,0.07057527  
 0.3566906,0.07057580  
 0.3565634,0.07057639  
 0.3564363,0.07057688  
 0.3563093,0.07057735  
 0.3561824,0.07057792  
 0.3560556,0.07057850  
 0.3559289,0.07057911  
 0.3558022,0.07057950  
 0.3556757,0.07058007  
 0.3555492,0.07058069  
 0.3554229,0.07058119  
 0.3552966,0.07058172  
 0.3551704,0.07058226  
 0.3550443,0.07058282  
 0.3549183,0.07058323  
 0.3547924,0.07058391  
 0.3546665,0.07058437  
 0.3545408,0.07058495  
 0.3544151,0.07058552  
 0.3542896,0.07058607  
 0.3541641,0.07058668  
 0.3540387,0.07058713  
 0.3539134,0.07058761  
 0.3537882,0.07058813  
 0.3536631,0.07058875  
 0.3535380,0.07058932  
 0.3534131,0.07058983  
 0.3532882,0.07059040  
 0.3531635,0.07059087  
 0.3530388,0.07059150  
 0.3529142,0.07059195  
 0.3527897,0.07059246  
 0.3526653,0.07059316  
 0.3525409,0.07059368  
 0.3524167,0.07059426  
 0.3522925,0.07059467  
 0.3521685,0.07059533  
 0.3520445,0.07059590  
 0.3519206,0.07059643  
 0.3517968,0.07059692  
 0.3516731,0.07059745  
 0.3515495,0.07059808  
 0.3514259,0.07059863  
 0.3513025,0.07059917  
 0.3511791,0.07059960  
 0.3510558,0.07060027  
 0.3509326,0.07060083  
 0.3508095,0.07060137  
 0.3506865,0.07060198  
 0.3505635,0.07060250  
 0.3504407,0.07060300  
 0.3503179,0.07060367  
 0.3501952,0.07060404  
 0.3500726,0.07060472  
 0.3499501,0.07060516  
 0.3498277,0.07060581  
 0.3497054,0.07060637  
 0.3495831,0.07060692  
 0.3494610,0.07060740  
 0.3493389,0.07060807  
 0.3492169,0.07060852  
 0.3490950,0.07060918  
 0.3489731,0.07060969  
 0.3488514,0.07061033  
 0.3487298,0.07061077  
 0.3486082,0.07061145  
 0.3484867,0.07061186  
 0.3483653,0.07061259  
 0.3482440,0.07061307  
 0.3481227,0.07061359  
 0.3480016,0.07061416  
 0.3478805,0.07061474  
 0.3477596,0.07061535  
 0.3476387,0.07061592  
 0.3475179,0.07061643  
 0.3473971,0.07061699  
 0.3472765,0.07061757  
 0.3471559,0.07061815  
 0.3470354,0.07061875  
 0.3469151,0.07061925  
 0.3467947,0.07061984  
 0.3466745,0.07062048  
 0.3465544,0.07062100  
 0.3464343,0.07062150  
 0.3463143,0.07062207  
 0.3461945,0.07062274  
 0.3460746,0.07062329  
 0.3459549,0.07062381  
 0.3458353,0.07062442  
 0.3457157,0.07062503  
 0.3455962,0.07062558  
 0.3454768,0.07062605  
 0.3453575,0.07062675  
 0.3452383,0.07062731  
 0.3451192,0.07062785  
 0.3450001,0.07062851  
 0.3448811,0.07062894  
 0.3447622,0.07062950  
 0.3446434,0.07063014  
 0.3445246,0.07063063  
 0.3444060,0.07063130  
 0.3442874,0.07063184  
 0.3441689,0.07063247  
 0.3440505,0.07063302  
 0.3439322,0.07063361  
 0.3438139,0.07063422  
 0.3436958,0.07063476  
 0.3435777,0.07063532  
 0.3434597,0.07063588  
 0.3433417,0.07063648  
 0.3432239,0.07063713  
 0.3431061,0.07063770  
 0.3429885,0.07063816  
 0.3428709,0.07063880  
 0.3427533,0.07063945  
 0.3426359,0.07063990  
 0.3425185,0.07064050  
 0.3424013,0.07064111  
 0.3422841,0.07064173  
 0.3421669,0.07064230  
 0.3420499,0.07064290  
 0.3419329,0.07064342  
 0.3418161,0.07064407  
 0.3416993,0.07064461  
 0.3415826,0.07064520  
 0.3414659,0.07064581  
 0.3413494,0.07064644  
 0.3412329,0.07064696  
 0.3411165,0.07064752  
 0.3410002,0.07064818  
 0.3408839,0.07064871  
 0.3407677,0.07064932  
 0.3406517,0.07064986  
 0.3405357,0.07065057  
 0.3404197,0.07065113  
 0.3403039,0.07065173  
 0.3401881,0.07065233  
 0.3400724,0.07065278  
 0.3399568,0.07065351  
 0.3398413,0.07065404  
 0.3397258,0.07065463  
 0.3396105,0.07065525  
 0.3394952,0.07065582  
 0.3393800,0.07065646  
 0.3392648,0.07065703  
 0.3391498,0.07065770  
 0.3390348,0.07065822  
 0.3389199,0.07065876  
 0.3388050,0.07065944  
 0.3386903,0.07066000  
 0.3385756,0.07066062  
 0.3384610,0.07066126  
 0.3383465,0.07066176  
 0.3382321,0.07066231  
 0.3381177,0.07066308  
 0.3380034,0.07066356  
 0.3378892,0.07066416  
 0.3377751,0.07066477  
 0.3376610,0.07066537  
 0.3375470,0.07066593  
 0.3374331,0.07066654  
 0.3373193,0.07066717  
 0.3372056,0.07066780  
 0.3370919,0.07066837  
 0.3369783,0.07066907  
 0.3368648,0.07066962  
 0.3367514,0.07067016  
 0.3366380,0.07067090  
 0.3365247,0.07067144  
 0.3364115,0.07067199  
 0.3362984,0.07067250  
 0.3361853,0.07067330  
 0.3360723,0.07067389  
 0.3359594,0.07067443  
 0.3358466,0.07067507  
 0.3357338,0.07067570  
 0.3356212,0.07067622  
 0.3355085,0.07067687  
 0.3353960,0.07067746  
 0.3352836,0.07067804  
 0.3351712,0.07067865  
 0.3350589,0.07067923  
 0.3349467,0.07067998  
 0.3348345,0.07068057  
 0.3347224,0.07068119  
 0.3346104,0.07068172  
 0.3344985,0.07068234  
 0.3343867,0.07068297  
 0.3342749,0.07068367  
 0.3341632,0.07068411  
 0.3340515,0.07068481  
 0.3339400,0.07068543  
 0.3338285,0.07068601  
 0.3337171,0.07068670  
 0.3336058,0.07068733  
 0.3334945,0.07068791  
 0.3333833,0.07068848  
 0.3332722,0.07068922  
 0.3331612,0.07068970  
 0.3330502,0.07069041  
 0.3329394,0.07069103  
 0.3328285,0.07069156  
 0.3327178,0.07069226  
 0.3326071,0.07069287  
 0.3324966,0.07069338  
 0.3323860,0.07069402  
 0.3322756,0.07069469  
 0.3321652,0.07069519  
 0.3320549,0.07069590  
 0.3319447,0.07069647  
 0.3318345,0.07069706  
 0.3317245,0.07069778  
 0.3316145,0.07069844  
 0.3315045,0.07069909  
 0.3313947,0.07069960  
 0.3312849,0.07070035  
 0.3311752,0.07070083  
 0.3310655,0.07070154  
 0.3309560,0.07070215  
 0.3308465,0.07070271  
 0.3307370,0.07070335  
 0.3306277,0.07070398  
 0.3305184,0.07070466  
 0.3304092,0.07070531  
 0.3303001,0.07070597  
 0.3301910,0.07070659  
 0.3300820,0.07070711  
 0.3299731,0.07070773  
 0.3298643,0.07070844  
 0.3297555,0.07070907  
 0.3296468,0.07070969  
 0.3295382,0.07071035  
 0.3294296,0.07071094  
 0.3293211,0.07071157  
 0.3292127,0.07071212  
 0.3291043,0.07071288  
 0.3289961,0.07071343  
 0.3288879,0.07071407  
 0.3287797,0.07071467  
 0.3286717,0.07071541  
 0.3285637,0.07071598  
 0.3284558,0.07071660  
 0.3283479,0.07071738  
 0.3282401,0.07071793  
 0.3281324,0.07071852  
 0.3280248,0.07071913  
 0.3279172,0.07071986  
 0.3278097,0.07072049  
 0.3277023,0.07072107  
 0.3275950,0.07072170  
 0.3274877,0.07072239  
 0.3273805,0.07072303  
 0.3272733,0.07072365  
 0.3271662,0.07072438  
 0.3270592,0.07072487  
 0.3269523,0.07072549  
 0.3268455,0.07072621  
 0.3267387,0.07072683  
 0.3266319,0.07072750  
 0.3265253,0.07072820  
 0.3264187,0.07072883  
 0.3263122,0.07072946  
 0.3262057,0.07073010  
 0.3260994,0.07073067  
 0.3259931,0.07073133  
 0.3258868,0.07073202  
 0.3257807,0.07073268  
 0.3256746,0.07073335  
 0.3255685,0.07073380  
 0.3254626,0.07073464  
 0.3253567,0.07073529  
 0.3252508,0.07073592  
 0.3251451,0.07073660  
 0.3250394,0.07073710  
 0.3249338,0.07073778  
 0.3248282,0.07073845  
 0.3247228,0.07073908  
 0.3246174,0.07073979  
 0.3245120,0.07074030  
 0.3244067,0.07074109  
 0.3243015,0.07074168  
 0.3241964,0.07074234  
 0.3240913,0.07074299  
 0.3239863,0.07074377  
 0.3238814,0.07074433  
 0.3237765,0.07074487  
 0.3236717,0.07074569  
 0.3235670,0.07074619  
 0.3234623,0.07074698  
 0.3233577,0.07074766  
 0.3232532,0.07074821  
 0.3231488,0.07074890  
 0.3230444,0.07074957  
 0.3229400,0.07075013  
 0.3228358,0.07075087  
 0.3227316,0.07075152  
 0.3226275,0.07075220  
 0.3225234,0.07075286  
 0.3224194,0.07075340  
 0.3223155,0.07075407  
 0.3222117,0.07075491  
 0.3221079,0.07075537  
 0.3220042,0.07075622  
 0.3219005,0.07075677  
 0.3217969,0.07075743  
 0.3216934,0.07075806  
 0.3215899,0.07075875  
 0.3214866,0.07075952  
 0.3213832,0.07076011  
 0.3212800,0.07076070  
 0.3211768,0.07076143  
 0.3210737,0.07076214  
 0.3209706,0.07076270  
 0.3208676,0.07076340  
 0.3207647,0.07076420  
 0.3206618,0.07076460  
 0.3205591,0.07076544  
 0.3204563,0.07076606  
 0.3203537,0.07076673  
 0.3202511,0.07076742  
 0.3201485,0.07076800  
 0.3200461,0.07076883  
 0.3199437,0.07076939  
 0.3198414,0.07076996  
 0.3197391,0.07077078  
 0.3196369,0.07077140  
 0.3195348,0.07077208  
 0.3194327,0.07077271  
 0.3193307,0.07077345  
 0.3192287,0.07077413  
 0.3191269,0.07077479  
 0.3190251,0.07077543  
 0.3189233,0.07077615  
 0.3188216,0.07077679  
 0.3187200,0.07077755  
 0.3186185,0.07077805  
 0.3185170,0.07077883  
 0.3184156,0.07077940  
 0.3183142,0.07078007  
 0.3182129,0.07078085  
 0.3181117,0.07078154  
 0.3180105,0.07078223  
 0.3179094,0.07078286  
 0.3178084,0.07078363  
 0.3177074,0.07078417  
 0.3176065,0.07078496  
 0.3175057,0.07078550  
 0.3174049,0.07078627  
 0.3173042,0.07078684  
 0.3172035,0.07078759  
 0.3171029,0.07078828  
 0.3170024,0.07078890  
 0.3169020,0.07078965  
 0.3168016,0.07079026  
 0.3167012,0.07079102  
 0.3166010,0.07079170  
 0.3165008,0.07079234  
 0.3164006,0.07079297  
 0.3163005,0.07079370  
 0.3162005,0.07079436  
 0.3161006,0.07079511  
 0.3160007,0.07079573  
 0.3159009,0.07079637  
 0.3158011,0.07079725  
 0.3157014,0.07079783  
 0.3156018,0.07079849  
 0.3155022,0.07079932  
 0.3154027,0.07079984  
 0.3153032,0.07080058  
 0.3152039,0.07080122  
 0.3151045,0.07080194  
 0.3150053,0.07080257  
 0.3149061,0.07080326  
 0.3148069,0.07080412  
 0.3147079,0.07080468  
 0.3146089,0.07080528  
 0.3145099,0.07080599  
 0.3144110,0.07080682  
 0.3143122,0.07080751  
 0.3142134,0.07080810  
 0.3141147,0.07080888  
 0.3140161,0.07080955  
 0.3139175,0.07081028  
 0.3138190,0.07081087  
 0.3137206,0.07081167  
 0.3136222,0.07081232  
 0.3135239,0.07081287  
 0.3134256,0.07081377  
 0.3133274,0.07081438  
 0.3132292,0.07081508  
 0.3131312,0.07081581  
 0.3130331,0.07081647  
 0.3129352,0.07081725  
 0.3128373,0.07081790  
 0.3127394,0.07081851  
 0.3126417,0.07081924  
 0.3125440,0.07082001  
 0.3124463,0.07082061  
 0.3123487,0.07082127  
 0.3122512,0.07082200  
 0.3121537,0.07082271  
 0.3120563,0.07082348  
 0.3119589,0.07082403  
 0.3118617,0.07082486  
 0.3117644,0.07082538  
 0.3116673,0.07082622  
 0.3115702,0.07082702  
 0.3114731,0.07082767  
 0.3113761,0.07082835  
 0.3112792,0.07082908  
 0.3111823,0.07082968  
 0.3110855,0.07083055  
 0.3109888,0.07083112  
 0.3108921,0.07083181  
 0.3107955,0.07083261  
 0.3106989,0.07083325  
 0.3106024,0.07083410  
 0.3105060,0.07083463  
 0.3104096,0.07083533  
 0.3103133,0.07083600  
 0.3102170,0.07083686  
 0.3101208,0.07083749  
 0.3100246,0.07083822  
 0.3099286,0.07083889  
 0.3098325,0.07083953  
 0.3097366,0.07084041  
 0.3096407,0.07084105  
 0.3095448,0.07084178  
 0.3094490,0.07084245  
 0.3093533,0.07084329  
 0.3092576,0.07084387  
 0.3091620,0.07084472  
 0.3090665,0.07084526  
 0.3089710,0.07084597  
 0.3088755,0.07084684  
 0.3087802,0.07084739  
 0.3086848,0.07084819  
 0.3085896,0.07084888  
 0.3084944,0.07084950  
 0.3083993,0.07085033  
 0.3083042,0.07085103  
 0.3082092,0.07085172  
 0.3081142,0.07085245  
 0.3080193,0.07085319  
 0.3079244,0.07085399  
 0.3078296,0.07085462  
 0.3077349,0.07085523  
 0.3076402,0.07085610  
 0.3075456,0.07085681  
 0.3074511,0.07085751  
 0.3073566,0.07085825  
 0.3072621,0.07085900  
 0.3071678,0.07085965  
 0.3070734,0.07086041  
 0.3069792,0.07086100  
 0.3068850,0.07086177  
 0.3067908,0.07086263  
 0.3066967,0.07086339  
 0.3066027,0.07086391  
 0.3065087,0.07086476  
 0.3064148,0.07086537  
 0.3063209,0.07086604  
 0.3062271,0.07086685  
 0.3061334,0.07086754  
 0.3060397,0.07086822  
 0.3059461,0.07086908  
 0.3058525,0.07086969  
 0.3057590,0.07087051  
 0.3056655,0.07087120  
 0.3055721,0.07087191  
 0.3054788,0.07087276  
 0.3053855,0.07087342  
 0.3052922,0.07087409  
 0.3051991,0.07087474  
 0.3051059,0.07087563  
 0.3050129,0.07087626  
 0.3049199,0.07087698  
 0.3048269,0.07087784  
 0.3047340,0.07087857  
 0.3046412,0.07087925  
 0.3045484,0.07087998  
 0.3044557,0.07088072  
 0.3043630,0.07088138  
 0.3042704,0.07088215  
 0.3041779,0.07088280  
 0.3040854,0.07088361  
 0.3039929,0.07088431  
 0.3039006,0.07088499  
 0.3038082,0.07088590  
 0.3037160,0.07088660  
 0.3036237,0.07088733  
 0.3035316,0.07088792  
 0.3034395,0.07088874  
 0.3033474,0.07088948  
 0.3032554,0.07089017  
 0.3031635,0.07089098  
 0.3030716,0.07089177  
 0.3029798,0.07089251  
 0.3028880,0.07089315  
 0.3027963,0.07089384  
 0.3027047,0.07089458  
 0.3026131,0.07089546  
 0.3025215,0.07089605  
 0.3024300,0.07089685  
 0.3023386,0.07089758  
 0.3022472,0.07089828  
 0.3021559,0.07089911  
 0.3020646,0.07089985  
 0.3019734,0.07090062  
 0.3018822,0.07090123  
 0.3017911,0.07090210  
 0.3017001,0.07090280  
 0.3016091,0.07090343  
 0.3015181,0.07090436  
 0.3014273,0.07090503  
 0.3013364,0.07090568  
 0.3012457,0.07090658  
 0.3011549,0.07090726  
 0.3010643,0.07090792  
 0.3009736,0.07090876  
 0.3008831,0.07090958  
 0.3007926,0.07091028  
 0.3007021,0.07091098  
 0.3006117,0.07091168  
 0.3005214,0.07091245  
 0.3004311,0.07091325  
 0.3003409,0.07091396  
 0.3002507,0.07091470  
 0.3001606,0.07091554  
 0.3000705,0.07091615  
 0.2999805,0.07091702  
 0.2998905,0.07091776  
 0.2998006,0.07091850  
 0.2997108,0.07091924  
 0.2996210,0.07091994  
 0.2995312,0.07092070  
 0.2994415,0.07092152  
 0.2993519,0.07092222  
 0.2992623,0.07092304  
 0.2991728,0.07092377  
 0.2990833,0.07092450  
 0.2989939,0.07092515  
 0.2989045,0.07092600  
 0.2988152,0.07092684  
 0.2987259,0.07092745  
 0.2986367,0.07092832  
 0.2985476,0.07092905  
 0.2984585,0.07092971  
 0.2983694,0.07093058  
 0.2982804,0.07093120  
 0.2981915,0.07093209  
 0.2981026,0.07093286  
 0.2980137,0.07093359  
 0.2979250,0.07093429  
 0.2978362,0.07093508  
 0.2977475,0.07093581  
 0.2976589,0.07093659  
 0.2975703,0.07093730  
 0.2974818,0.07093805  
 0.2973933,0.07093897  
 0.2973049,0.07093967  
 0.2972166,0.07094034  
 0.2971283,0.07094105  
 0.2970400,0.07094193  
 0.2969518,0.07094267  
 0.2968636,0.07094339  
 0.2967755,0.07094425  
 0.2966875,0.07094498  
 0.2965995,0.07094580  
 0.2965115,0.07094658  
 0.2964236,0.07094735  
 0.2963358,0.07094799  
 0.2962480,0.07094877  
 0.2961603,0.07094946  
 0.2960726,0.07095035  
 0.2959850,0.07095108  
 0.2958974,0.07095183  
 0.2958099,0.07095271  
 0.2957224,0.07095339  
 0.2956349,0.07095415  
 0.2955476,0.07095489  
 0.2954603,0.07095580  
 0.2953730,0.07095655  
 0.2952858,0.07095725  
 0.2951986,0.07095810  
 0.2951115,0.07095879  
 0.2950244,0.07095949  
 0.2949374,0.07096026  
 0.2948504,0.07096118  
 0.2947635,0.07096195  
 0.2946767,0.07096264  
 0.2945899,0.07096341  
 0.2945031,0.07096417  
 0.2944164,0.07096504  
 0.2943297,0.07096568  
 0.2942431,0.07096641  
 0.2941566,0.07096725  
 0.2940701,0.07096799  
 0.2939836,0.07096887  
 0.2938972,0.07096959  
 0.2938109,0.07097027  
 0.2937246,0.07097122  
 0.2936383,0.07097197  
 0.2935521,0.07097269  
 0.2934660,0.07097338  
 0.2933799,0.07097430  
 0.2932938,0.07097505  
 0.2932078,0.07097583  
 0.2931219,0.07097658  
 0.2930360,0.07097726  
 0.2929502,0.07097830  
 0.2928644,0.07097897  
 0.2927786,0.07097962  
 0.2926929,0.07098045  
 0.2926073,0.07098144  
 0.2925217,0.07098207  
 0.2924361,0.07098281  
 0.2923506,0.07098368  
 0.2922652,0.07098444  
 0.2921798,0.07098509  
 0.2920945,0.07098594  
 0.2920092,0.07098677  
 0.2919239,0.07098742  
 0.2918387,0.07098841  
 0.2917536,0.07098913  
 0.2916685,0.07098997  
 0.2915834,0.07099068  
 0.2914984,0.07099153  
 0.2914135,0.07099227  
 0.2913286,0.07099287  
 0.2912438,0.07099390  
 0.2911590,0.07099475  
 0.2910742,0.07099552  
 0.2909895,0.07099606  
 0.2909049,0.07099692  
 0.2908203,0.07099791  
 0.2907357,0.07099846  
 0.2906512,0.07099925  
 0.2905668,0.07100009  
 0.2904823,0.07100098  
 0.2903980,0.07100168  
 0.2903137,0.07100249  
 0.2902294,0.07100332  
 0.2901452,0.07100410  
 0.2900611,0.07100480  
 0.2899769,0.07100567  
 0.2898929,0.07100647  
 0.2898089,0.07100724  
 0.2897249,0.07100812  
 0.2896410,0.07100877  
 0.2895571,0.07100970  
 0.2894733,0.07101049  
 0.2893895,0.07101129  
 0.2893058,0.07101204  
 0.2892221,0.07101282  
 0.2891385,0.07101366  
 0.2890549,0.07101442  
 0.2889714,0.07101526  
 0.2888879,0.07101596  
 0.2888045,0.07101677  
 0.2887211,0.07101763  
 0.2886378,0.07101840  
 0.2885545,0.07101919  
 0.2884712,0.07101999  
 0.2883881,0.07102076  
 0.2883049,0.07102157  
 0.2882218,0.07102252  
 0.2881388,0.07102327  
 0.2880558,0.07102399  
 0.2879728,0.07102482  
 0.2878899,0.07102562  
 0.2878071,0.07102647  
 0.2877242,0.07102718  
 0.2876415,0.07102793  
 0.2875588,0.07102883  
 0.2874761,0.07102967  
 0.2873935,0.07103045  
 0.2873109,0.07103128  
 0.2872284,0.07103204  
 0.2871459,0.07103281  
 0.2870635,0.07103361  
 0.2869811,0.07103446  
 0.2868988,0.07103528  
 0.2868165,0.07103612  
 0.2867342,0.07103688  
 0.2866520,0.07103765  
 0.2865699,0.07103850  
 0.2864878,0.07103926  
 0.2864058,0.07104012  
 0.2863237,0.07104092  
 0.2862418,0.07104169  
 0.2861599,0.07104253  
 0.2860780,0.07104331  
 0.2859962,0.07104411  
 0.2859144,0.07104493  
 0.2858327,0.07104574  
 0.2857510,0.07104656  
