wav,rprs
 0.30056,0.1440171
 0.30168,0.1439981
 0.30280,0.1439791
 0.30392,0.1439602
 0.30504,0.1439414
 0.30616,0.1439227
 0.30728,0.1439040
 0.30840,0.1438854
 0.30952,0.1438668
 0.31064,0.1438483
 0.31176,0.1438299
 0.31288,0.1438116
 0.31400,0.1437933
 0.31512,0.1437751
 0.31624,0.1437569
 0.31736,0.1437389
 0.31848,0.1437208
 0.31960,0.1437029
 0.32072,0.1436850
 0.32184,0.1436671
 0.32296,0.1436494
 0.32408,0.1436317
 0.32520,0.1436140
 0.32632,0.1435964
 0.32744,0.1435789
 0.32856,0.1435614
 0.32968,0.1435440
 0.33080,0.1435267
 0.33192,0.1435094
 0.33304,0.1434921
 0.33416,0.1434750
 0.33528,0.1434579
 0.33640,0.1434408
 0.33752,0.1434238
 0.33864,0.1434068
 0.33976,0.1433900
 0.34088,0.1433731
 0.34200,0.1433563
 0.34312,0.1433396
 0.34424,0.1433229
 0.34536,0.1433063
 0.34648,0.1432898
 0.34760,0.1432733
 0.34872,0.1432568
 0.34984,0.1432404
 0.35096,0.1432240
 0.35208,0.1432077
 0.35320,0.1431915
 0.35432,0.1431753
 0.35544,0.1431592
 0.35656,0.1431431
 0.35768,0.1431270
 0.35880,0.1431110
 0.35992,0.1430951
 0.36104,0.1430792
 0.36216,0.1430633
 0.36328,0.1430475
 0.36440,0.1430318
 0.36552,0.1430161
 0.36664,0.1430004
 0.36776,0.1429848
 0.36888,0.1429693
 0.37000,0.1429538
 0.37112,0.1429383
 0.37224,0.1429229
 0.37336,0.1429075
 0.37448,0.1428922
 0.37560,0.1428769
 0.37672,0.1428617
 0.37784,0.1428465
 0.37896,0.1428314
 0.38008,0.1428163
 0.38120,0.1428012
 0.38232,0.1427862
 0.38344,0.1427713
 0.38456,0.1427563
 0.38568,0.1427415
 0.38680,0.1427266
 0.38792,0.1427118
 0.38904,0.1426971
 0.39016,0.1426824
 0.39128,0.1426677
 0.39240,0.1426531
 0.39352,0.1426385
 0.39464,0.1426240
 0.39576,0.1426095
 0.39688,0.1425950
 0.39800,0.1425806
 0.39912,0.1425662
 0.40024,0.1425519
 0.40136,0.1425376
 0.40248,0.1425233
 0.40360,0.1425091
 0.40472,0.1424950
 0.40584,0.1424808
 0.40696,0.1424667
 0.40808,0.1424527
 0.40920,0.1424386
 0.41032,0.1424247
 0.41144,0.1424107
 0.41256,0.1423968
 0.41368,0.1423829
 0.41480,0.1423691
 0.41592,0.1423553
 0.41704,0.1423416
 0.41816,0.1423278
 0.41928,0.1423142
 0.42040,0.1423005
 0.42152,0.1422869
 0.42264,0.1422733
 0.42376,0.1422598
 0.42488,0.1422463
 0.42600,0.1422328
 0.42712,0.1422194
 0.42824,0.1422060
 0.42936,0.1421926
 0.43048,0.1421793
 0.43160,0.1421660
 0.43272,0.1421528
 0.43384,0.1421395
 0.43496,0.1421263
 0.43608,0.1421132
 0.43720,0.1421001
 0.43832,0.1420870
 0.43944,0.1420739
 0.44056,0.1420609
 0.44168,0.1420479
 0.44280,0.1420350
 0.44392,0.1420220
 0.44504,0.1420091
 0.44616,0.1419963
 0.44728,0.1419835
 0.44840,0.1419707
 0.44952,0.1419579
 0.45064,0.1419452
 0.45176,0.1419325
 0.45288,0.1419198
 0.45400,0.1419072
 0.45512,0.1418946
 0.45624,0.1418820
 0.45736,0.1418695
 0.45848,0.1418570
 0.45960,0.1418445
 0.46072,0.1418320
 0.46184,0.1418196
 0.46296,0.1418072
 0.46408,0.1417949
 0.46520,0.1417825
 0.46632,0.1417702
 0.46744,0.1417580
 0.46856,0.1417457
 0.46968,0.1417335
 0.47080,0.1417213
 0.47192,0.1417092
 0.47304,0.1416971
 0.47416,0.1416850
 0.47528,0.1416729
 0.47640,0.1416609
 0.47752,0.1416489
 0.47864,0.1416369
 0.47976,0.1416249
 0.48088,0.1416130
 0.48200,0.1416011
 0.48312,0.1415893
 0.48424,0.1415774
 0.48536,0.1415656
 0.48648,0.1415538
 0.48760,0.1415421
 0.48872,0.1415303
 0.48984,0.1415186
 0.49096,0.1415070
 0.49208,0.1414953
 0.49320,0.1414837
 0.49432,0.1414721
 0.49544,0.1414605
 0.49656,0.1414490
 0.49768,0.1414375
 0.49880,0.1414260
 0.49992,0.1414145
 0.50104,0.1414031
 0.50216,0.1413917
 0.50328,0.1413803
 0.50440,0.1413690
 0.50552,0.1413576
 0.50664,0.1413463
 0.50776,0.1413350
 0.50888,0.1413238
 0.51000,0.1413126
 0.51112,0.1413014
 0.51224,0.1412902
 0.51336,0.1412790
 0.51448,0.1412679
 0.51560,0.1412568
 0.51672,0.1412458
 0.51784,0.1412347
 0.51896,0.1412237
 0.52008,0.1412127
 0.52120,0.1412017
 0.52232,0.1411908
 0.52344,0.1411799
 0.52456,0.1411690
 0.52568,0.1411581
 0.52680,0.1411473
 0.52792,0.1411364
 0.52904,0.1411256
 0.53016,0.1411149
 0.53128,0.1411041
 0.53240,0.1410934
 0.53352,0.1410827
 0.53464,0.1410721
 0.53576,0.1410614
 0.53688,0.1410508
 0.53800,0.1410403
 0.53912,0.1410297
 0.54024,0.1410192
 0.54136,0.1410087
 0.54248,0.1409982
 0.54360,0.1409877
 0.54472,0.1409773
 0.54584,0.1409669
 0.54696,0.1409566
 0.54808,0.1409463
 0.54920,0.1409360
 0.55032,0.1409257
 0.55144,0.1409155
 0.55256,0.1409053
 0.55368,0.1408951
 0.55480,0.1408850
 0.55592,0.1408749
 0.55704,0.1408648
 0.55816,0.1408548
 0.55928,0.1408448
 0.56040,0.1408349
 0.56152,0.1408250
 0.56264,0.1408152
 0.56376,0.1408054
 0.56488,0.1407957
 0.56600,0.1407860
 0.56712,0.1407765
 0.56824,0.1407670
 0.56936,0.1407576
 0.57048,0.1407483
 0.57160,0.1407391
 0.57272,0.1407300
 0.57384,0.1407211
 0.57496,0.1407124
 0.57608,0.1407040
 0.57720,0.1406959
 0.57832,0.1406881
 0.57944,0.1406809
 0.58056,0.1406744
 0.58168,0.1406689
 0.58280,0.1406649
 0.58392,0.1406635
 0.58504,0.1406666
 0.58616,0.1406794
 0.58728,0.1407262
 0.58840,0.1417141
 0.58952,0.1439351
 0.59064,0.1408222
 0.59176,0.1406517
 0.59288,0.1406113
 0.59400,0.1405856
 0.59512,0.1405661
 0.59624,0.1405497
 0.59736,0.1405353
 0.59848,0.1405221
 0.59960,0.1405097
 0.60072,0.1404979
 0.60184,0.1404866
 0.60296,0.1404756
 0.60408,0.1404648
 0.60520,0.1404543
 0.60632,0.1404440
 0.60744,0.1404338
 0.60856,0.1404237
 0.60968,0.1404138
 0.61080,0.1404039
 0.61192,0.1403942
 0.61304,0.1403845
 0.61416,0.1403749
 0.61528,0.1403653
 0.61640,0.1403558
 0.61752,0.1403464
 0.61864,0.1403370
 0.61976,0.1403277
 0.62088,0.1403184
 0.62200,0.1403092
 0.62312,0.1403000
 0.62424,0.1402908
 0.62536,0.1402817
 0.62648,0.1402726
 0.62760,0.1402636
 0.62872,0.1402546
 0.62984,0.1402456
 0.63096,0.1402367
 0.63208,0.1402278
 0.63320,0.1402189
 0.63432,0.1402101
 0.63544,0.1402013
 0.63656,0.1401926
 0.63768,0.1401839
 0.63880,0.1401752
 0.63992,0.1401665
 0.64104,0.1401579
 0.64216,0.1401494
 0.64328,0.1401408
 0.64440,0.1401323
 0.64552,0.1401239
 0.64664,0.1401154
 0.64776,0.1401070
 0.64888,0.1400987
 0.65000,0.1400904
 0.65112,0.1400821
 0.65224,0.1400739
 0.65336,0.1400657
 0.65448,0.1400575
 0.65560,0.1400494
 0.65672,0.1400413
 0.65784,0.1400333
 0.65896,0.1400253
 0.66008,0.1400174
 0.66120,0.1400095
 0.66232,0.1400016
 0.66344,0.1399938
 0.66456,0.1399861
 0.66568,0.1399784
 0.66680,0.1399707
 0.66792,0.1399631
 0.66904,0.1399556
 0.67016,0.1399481
 0.67128,0.1399407
 0.67240,0.1399333
 0.67352,0.1399260
 0.67464,0.1399187
 0.67576,0.1399115
 0.67688,0.1399044
 0.67800,0.1398974
 0.67912,0.1398904
 0.68024,0.1398835
 0.68136,0.1398766
 0.68248,0.1398699
 0.68360,0.1398632
 0.68472,0.1398566
 0.68584,0.1398501
 0.68696,0.1398437
 0.68808,0.1398374
 0.68920,0.1398311
 0.69032,0.1398250
 0.69144,0.1398190
 0.69256,0.1398131
 0.69368,0.1398073
 0.69480,0.1398016
 0.69592,0.1397960
 0.69704,0.1397906
 0.69816,0.1397853
 0.69928,0.1397801
 0.70040,0.1397751
 0.70152,0.1397702
 0.70264,0.1397655
 0.70376,0.1397610
 0.70488,0.1397566
 0.70600,0.1397524
 0.70712,0.1397484
 0.70824,0.1397446
 0.70936,0.1397411
 0.71048,0.1397377
 0.71160,0.1397346
 0.71272,0.1397317
 0.71384,0.1397291
 0.71496,0.1397268
 0.71608,0.1397248
 0.71720,0.1397231
 0.71832,0.1397217
 0.71944,0.1397206
 0.72056,0.1397200
 0.72168,0.1397197
 0.72280,0.1397198
 0.72392,0.1397204
 0.72504,0.1397215
 0.72616,0.1397231
 0.72728,0.1397252
 0.72840,0.1397280
 0.72952,0.1397313
 0.73064,0.1397354
 0.73176,0.1397402
 0.73288,0.1397458
 0.73400,0.1397522
 0.73512,0.1397596
 0.73624,0.1397680
 0.73736,0.1397775
 0.73848,0.1397883
 0.73960,0.1398003
 0.74072,0.1398139
 0.74184,0.1398290
 0.74296,0.1398460
 0.74408,0.1398650
 0.74520,0.1398862
 0.74632,0.1399099
 0.74744,0.1399365
 0.74856,0.1399663
 0.74968,0.1399998
 0.75080,0.1400375
 0.75192,0.1400802
 0.75304,0.1401288
 0.75416,0.1401842
 0.75528,0.1402480
 0.75640,0.1403220
 0.75752,0.1404087
 0.75864,0.1405117
 0.75976,0.1406363
 0.76088,0.1407906
 0.76200,0.1409888
 0.76312,0.1412576
 0.76424,0.1416614
 0.76536,0.1429656
 0.76648,0.1470140
 0.76760,0.1431379
 0.76872,0.1426096
 0.76984,0.1461886
 0.77096,0.1425422
 0.77208,0.1413723
 0.77320,0.1410364
 0.77432,0.1408109
 0.77544,0.1406396
 0.77656,0.1405019
 0.77768,0.1403873
 0.77880,0.1402895
 0.77992,0.1402045
 0.78104,0.1401296
 0.78216,0.1400627
 0.78328,0.1400025
 0.78440,0.1399479
 0.78552,0.1398979
 0.78664,0.1398519
 0.78776,0.1398093
 0.78888,0.1397698
 0.79000,0.1397328
 0.79112,0.1396982
 0.79224,0.1396656
 0.79336,0.1396348
 0.79448,0.1396056
 0.79560,0.1395780
 0.79672,0.1395516
 0.79784,0.1395265
 0.79896,0.1395024
 0.80008,0.1394794
 0.80120,0.1394573
 0.80232,0.1394360
 0.80344,0.1394154
 0.80456,0.1393956
 0.80568,0.1393765
 0.80680,0.1393580
 0.80792,0.1393400
 0.80904,0.1393225
 0.81016,0.1393056
 0.81128,0.1392891
 0.81240,0.1392730
 0.81352,0.1392574
 0.81464,0.1392421
 0.81576,0.1392272
 0.81688,0.1392126
 0.81800,0.1391983
 0.81912,0.1391844
 0.82024,0.1391707
 0.82136,0.1391572
 0.82248,0.1391441
 0.82360,0.1391311
 0.82472,0.1391184
 0.82584,0.1391059
 0.82696,0.1390936
 0.82808,0.1390816
 0.82920,0.1390696
 0.83032,0.1390579
 0.83144,0.1390464
 0.83256,0.1390350
 0.83368,0.1390237
 0.83480,0.1390126
 0.83592,0.1390017
 0.83704,0.1389908
 0.83816,0.1389801
 0.83928,0.1389696
 0.84040,0.1389591
 0.84152,0.1389488
 0.84264,0.1389386
 0.84376,0.1389285
 0.84488,0.1389185
 0.84600,0.1389086
 0.84712,0.1388987
 0.84824,0.1388890
 0.84936,0.1388794
 0.85048,0.1388698
 0.85160,0.1388604
 0.85272,0.1388510
 0.85384,0.1388417
 0.85496,0.1388324
 0.85608,0.1388233
 0.85720,0.1388142
 0.85832,0.1388052
 0.85944,0.1387962
 0.86056,0.1387873
 0.86168,0.1387785
 0.86280,0.1387697
 0.86392,0.1387610
 0.86504,0.1387523
 0.86616,0.1387437
 0.86728,0.1387352
 0.86840,0.1387267
 0.86952,0.1387183
 0.87064,0.1387099
 0.87176,0.1387015
 0.87288,0.1386932
 0.87400,0.1386850
 0.87512,0.1386768
 0.87624,0.1386686
 0.87736,0.1386605
 0.87848,0.1386524
 0.87960,0.1386444
 0.88072,0.1386364
 0.88184,0.1386284
 0.88296,0.1386205
 0.88408,0.1386126
 0.88520,0.1386047
 0.88632,0.1385969
 0.88744,0.1385891
 0.88856,0.1385814
 0.88968,0.1385737
 0.89080,0.1385660
 0.89192,0.1385584
 0.89304,0.1385507
 0.89416,0.1385432
 0.89528,0.1385356
 0.89640,0.1385281
 0.89752,0.1385206
 0.89864,0.1385131
 0.89976,0.1385057
 0.90088,0.1384982
 0.90200,0.1384908
 0.90312,0.1384835
 0.90424,0.1384761
 0.90536,0.1384688
 0.90648,0.1384615
 0.90760,0.1384543
 0.90872,0.1384470
 0.90984,0.1384398
 0.91096,0.1384326
 0.91208,0.1384255
 0.91320,0.1384183
 0.91432,0.1384112
 0.91544,0.1384041
 0.91656,0.1383970
 0.91768,0.1383900
 0.91880,0.1383829
 0.91992,0.1383759
 0.92104,0.1383689
 0.92216,0.1383619
 0.92328,0.1383550
 0.92440,0.1383480
 0.92552,0.1383411
 0.92664,0.1383342
 0.92776,0.1383273
 0.92888,0.1383204
 0.93000,0.1383136
 0.93112,0.1383068
 0.93224,0.1383000
 0.93336,0.1382932
 0.93448,0.1382864
 0.93560,0.1382796
 0.93672,0.1382729
 0.93784,0.1382662
 0.93896,0.1382594
 0.94008,0.1382527
 0.94120,0.1382461
 0.94232,0.1382394
 0.94344,0.1382328
 0.94456,0.1382261
 0.94568,0.1382195
 0.94680,0.1382129
 0.94792,0.1382063
 0.94904,0.1381997
 0.95016,0.1381932
 0.95128,0.1381866
 0.95240,0.1381801
 0.95352,0.1381736
 0.95464,0.1381671
 0.95576,0.1381606
 0.95688,0.1381541
 0.95800,0.1381477
 0.95912,0.1381412
 0.96024,0.1381348
 0.96136,0.1381284
 0.96248,0.1381220
 0.96360,0.1381156
 0.96472,0.1381092
 0.96584,0.1381028
 0.96696,0.1380965
 0.96808,0.1380901
 0.96920,0.1380838
 0.97032,0.1380775
 0.97144,0.1380711
 0.97256,0.1380648
 0.97368,0.1380586
 0.97480,0.1380523
 0.97592,0.1380460
 0.97704,0.1380398
 0.97816,0.1380335
 0.97928,0.1380273
 0.98040,0.1380211
 0.98152,0.1380149
 0.98264,0.1380087
 0.98376,0.1380025
 0.98488,0.1379963
 0.98600,0.1379902
 0.98712,0.1379840
 0.98824,0.1379779
 0.98936,0.1379718
 0.99048,0.1379656
 0.99160,0.1379595
 0.99272,0.1379534
 0.99384,0.1379473
 0.99496,0.1379413
 0.99608,0.1379352
 0.99720,0.1379291
 0.99832,0.1379231
 0.99944,0.1379171
 1.00056,0.1379110
 1.00168,0.1379050
 1.00280,0.1378990
 1.00392,0.1378930
 1.00504,0.1378870
 1.00616,0.1378810
 1.00728,0.1378751
 1.00840,0.1378691
 1.00952,0.1378632
 1.01064,0.1378572
 1.01176,0.1378513
 1.01288,0.1378454
 1.01400,0.1378395
 1.01512,0.1378335
 1.01624,0.1378276
 1.01736,0.1378218
 1.01848,0.1378159
 1.01960,0.1378100
 1.02072,0.1378042
 1.02184,0.1377983
 1.02296,0.1377925
 1.02408,0.1377866
 1.02520,0.1377808
 1.02632,0.1377750
 1.02744,0.1377692
 1.02856,0.1377634
 1.02968,0.1377576
 1.03080,0.1377518
 1.03192,0.1377460
 1.03304,0.1377403
 1.03416,0.1377345
 1.03528,0.1377287
 1.03640,0.1377230
 1.03752,0.1377173
 1.03864,0.1377115
 1.03976,0.1377058
 1.04088,0.1377001
 1.04200,0.1376944
 1.04312,0.1376887
 1.04424,0.1376830
 1.04536,0.1376773
 1.04648,0.1376717
 1.04760,0.1376660
 1.04872,0.1376604
 1.04984,0.1376547
 1.05096,0.1376502
 1.05208,0.1376448
 1.05320,0.1376399
 1.05432,0.1376344
 1.05544,0.1376290
 1.05656,0.1376238
 1.05768,0.1376179
 1.05880,0.1376130
 1.05992,0.1376061
 1.06104,0.1376061
 1.06216,0.1375969
 1.06328,0.1375902
 1.06440,0.1375864
 1.06552,0.1375811
 1.06664,0.1375868
 1.06776,0.1375700
 1.06888,0.1375651
 1.07000,0.1375646
 1.07112,0.1375572
 1.07224,0.1375521
 1.07336,0.1375438
 1.07448,0.1375428
 1.07560,0.1375306
 1.07672,0.1375277
 1.07784,0.1375237
 1.07896,0.1375148
 1.08008,0.1375137
 1.08120,0.1375090
 1.08232,0.1375022
 1.08344,0.1374964
 1.08456,0.1374929
 1.08568,0.1374871
 1.08680,0.1374843
 1.08792,0.1374784
 1.08904,0.1374733
 1.09016,0.1375929
 1.09128,0.1375030
 1.09240,0.1374962
 1.09352,0.1375194
 1.09464,0.1374481
 1.09576,0.1374454
 1.09688,0.1374713
 1.09800,0.1375435
 1.09912,0.1374809
 1.10024,0.1376291
 1.10136,0.1386361
 1.10248,0.1378012
 1.10360,0.1374321
 1.10472,0.1374294
 1.10584,0.1374304
 1.10696,0.1374482
 1.10808,0.1374207
 1.10920,0.1374484
 1.11032,0.1375645
 1.11144,0.1376924
 1.11256,0.1374244
 1.11368,0.1373878
 1.11480,0.1382226
 1.11592,0.1387105
 1.11704,0.1373798
 1.11816,0.1374150
 1.11928,0.1373924
 1.12040,0.1373780
 1.12152,0.1377785
 1.12264,0.1376797
 1.12376,0.1374017
 1.12488,0.1374069
 1.12600,0.1378879
 1.12712,0.1376201
 1.12824,0.1375023
 1.12936,0.1375891
 1.13048,0.1375608
 1.13160,0.1375035
 1.13272,0.1373313
 1.13384,0.1374904
 1.13496,0.1376614
 1.13608,0.1373119
 1.13720,0.1373318
 1.13832,0.1374008
 1.13944,0.1376523
 1.14056,0.1373092
 1.14168,0.1373777
 1.14280,0.1373752
 1.14392,0.1373788
 1.14504,0.1374038
 1.14616,0.1375396
 1.14728,0.1373610
 1.14840,0.1372486
 1.14952,0.1372322
 1.15064,0.1372321
 1.15176,0.1375237
 1.15288,0.1373810
 1.15400,0.1372397
 1.15512,0.1372243
 1.15624,0.1372007
 1.15736,0.1373881
 1.15848,0.1372097
 1.15960,0.1383440
 1.16072,0.1378990
 1.16184,0.1372085
 1.16296,0.1371660
 1.16408,0.1371774
 1.16520,0.1371924
 1.16632,0.1374471
 1.16744,0.1372533
 1.16856,0.1372570
 1.16968,0.1371399
 1.17080,0.1371464
 1.17192,0.1371359
 1.17304,0.1379593
 1.17416,0.1374463
 1.17528,0.1371096
 1.17640,0.1370918
 1.17752,0.1371230
 1.17864,0.1370838
 1.17976,0.1371296
 1.18088,0.1372034
 1.18200,0.1371213
 1.18312,0.1370804
 1.18424,0.1370633
 1.18536,0.1370847
 1.18648,0.1371152
 1.18760,0.1371965
 1.18872,0.1372167
 1.18984,0.1370578
 1.19096,0.1370906
 1.19208,0.1372155
 1.19320,0.1370490
 1.19432,0.1370208
 1.19544,0.1370742
 1.19656,0.1370274
 1.19768,0.1370613
 1.19880,0.1371083
 1.19992,0.1371944
 1.20104,0.1370264
 1.20216,0.1369935
 1.20328,0.1369860
 1.20440,0.1369849
 1.20552,0.1369681
 1.20664,0.1369798
 1.20776,0.1369832
 1.20888,0.1369633
 1.21000,0.1369741
 1.21112,0.1369565
 1.21224,0.1369773
 1.21336,0.1369448
 1.21448,0.1369548
 1.21560,0.1369787
 1.21672,0.1369332
 1.21784,0.1369393
 1.21896,0.1369159
 1.22008,0.1369167
 1.22120,0.1369020
 1.22232,0.1370011
 1.22344,0.1369131
 1.22456,0.1368931
 1.22568,0.1369116
 1.22680,0.1369196
 1.22792,0.1369389
 1.22904,0.1369294
 1.23016,0.1369094
 1.23128,0.1368551
 1.23240,0.1368876
 1.23352,0.1368508
 1.23464,0.1368582
 1.23576,0.1368515
 1.23688,0.1368451
 1.23800,0.1368516
 1.23912,0.1368626
 1.24024,0.1368286
 1.24136,0.1368164
 1.24248,0.1368129
 1.24360,0.1368180
 1.24472,0.1368270
 1.24584,0.1367993
 1.24696,0.1368014
 1.24808,0.1367905
 1.24920,0.1367820
 1.25032,0.1367797
 1.25144,0.1367798
 1.25256,0.1368203
 1.25368,0.1368627
 1.25480,0.1367877
 1.25592,0.1367509
 1.25704,0.1367534
 1.25816,0.1367627
 1.25928,0.1367530
 1.26040,0.1367472
 1.26152,0.1367480
 1.26264,0.1367653
 1.26376,0.1367239
 1.26488,0.1367191
 1.26600,0.1367176
 1.26712,0.1367135
 1.26824,0.1367071
 1.26936,0.1367066
 1.27048,0.1366965
 1.27160,0.1367233
 1.27272,0.1367042
 1.27384,0.1367297
 1.27496,0.1367415
 1.27608,0.1366761
 1.27720,0.1366821
 1.27832,0.1366666
 1.27944,0.1366726
 1.28056,0.1366659
 1.28168,0.1366666
 1.28280,0.1366620
 1.28392,0.1366550
 1.28504,0.1367242
 1.28616,0.1366536
 1.28728,0.1367540
 1.28840,0.1366500
 1.28952,0.1368117
 1.29064,0.1366283
 1.29176,0.1366131
 1.29288,0.1366172
 1.29400,0.1366080
 1.29512,0.1365995
 1.29624,0.1366222
 1.29736,0.1365985
 1.29848,0.1366020
 1.29960,0.1366253
 1.30072,0.1366327
 1.30184,0.1366084
 1.30296,0.1365962
 1.30408,0.1365670
 1.30520,0.1366908
 1.30632,0.1373471
 1.30744,0.1366383
 1.30856,0.1365643
 1.30968,0.1366895
 1.31080,0.1365802
 1.31192,0.1365384
 1.31304,0.1369239
 1.31416,0.1367551
 1.31528,0.1366236
 1.31640,0.1365407
 1.31752,0.1365478
 1.31864,0.1366064
 1.31976,0.1365875
 1.32088,0.1366678
 1.32200,0.1365020
 1.32312,0.1365109
 1.32424,0.1365389
 1.32536,0.1367780
 1.32648,0.1364998
 1.32760,0.1364818
 1.32872,0.1365551
 1.32984,0.1377619
 1.33096,0.1371380
 1.33208,0.1384262
 1.33320,0.1367896
 1.33432,0.1368353
 1.33544,0.1379902
 1.33656,0.1377623
 1.33768,0.1368292
 1.33880,0.1377937
 1.33992,0.1373692
 1.34104,0.1368630
 1.34216,0.1377146
 1.34328,0.1373967
 1.34440,0.1382742
 1.34552,0.1382733
 1.34664,0.1371484
 1.34776,0.1376398
 1.34888,0.1382823
 1.35000,0.1382734
 1.35112,0.1388366
 1.35224,0.1376243
 1.35336,0.1373866
 1.35448,0.1384279
 1.35560,0.1371818
 1.35672,0.1371979
 1.35784,0.1368927
 1.35896,0.1376893
 1.36008,0.1369066
 1.36120,0.1397715
 1.36232,0.1386705
 1.36344,0.1365770
 1.36456,0.1367035
 1.36568,0.1368960
 1.36680,0.1376754
 1.36792,0.1365391
 1.36904,0.1376171
 1.37016,0.1375295
 1.37128,0.1380604
 1.37240,0.1372847
 1.37352,0.1371376
 1.37464,0.1367034
 1.37576,0.1377608
 1.37688,0.1399929
 1.37800,0.1387383
 1.37912,0.1387623
 1.38024,0.1367194
 1.38136,0.1368115
 1.38248,0.1373605
 1.38360,0.1379911
 1.38472,0.1375766
 1.38584,0.1393735
 1.38696,0.1376992
 1.38808,0.1375705
 1.38920,0.1382057
 1.39032,0.1383943
 1.39144,0.1377607
 1.39256,0.1388675
 1.39368,0.1372837
 1.39480,0.1373431
 1.39592,0.1382228
 1.39704,0.1371831
 1.39816,0.1391198
 1.39928,0.1391875
 1.40040,0.1379612
 1.40152,0.1372257
 1.40264,0.1378482
 1.40376,0.1376698
 1.40488,0.1372971
 1.40600,0.1374773
 1.40712,0.1397242
 1.40824,0.1379265
 1.40936,0.1382302
 1.41048,0.1377119
 1.41160,0.1375323
 1.41272,0.1369168
 1.41384,0.1364600
 1.41496,0.1371375
 1.41608,0.1383928
 1.41720,0.1377500
 1.41832,0.1389047
 1.41944,0.1376944
 1.42056,0.1369064
 1.42168,0.1377872
 1.42280,0.1396078
 1.42392,0.1384616
 1.42504,0.1375768
 1.42616,0.1376436
 1.42728,0.1381630
 1.42840,0.1371523
 1.42952,0.1373038
 1.43064,0.1367832
 1.43176,0.1371598
 1.43288,0.1376093
 1.43400,0.1378279
 1.43512,0.1368170
 1.43624,0.1378473
 1.43736,0.1374351
 1.43848,0.1382512
 1.43960,0.1376425
 1.44072,0.1388419
 1.44184,0.1372075
 1.44296,0.1372676
 1.44408,0.1392988
 1.44520,0.1380218
 1.44632,0.1373255
 1.44744,0.1366603
 1.44856,0.1374412
 1.44968,0.1366443
 1.45080,0.1364980
 1.45192,0.1367022
 1.45304,0.1364508
 1.45416,0.1377634
 1.45528,0.1387852
 1.45640,0.1403622
 1.45752,0.1385823
 1.45864,0.1375082
 1.45976,0.1362843
 1.46088,0.1364096
 1.46200,0.1368555
 1.46312,0.1386612
 1.46424,0.1385561
 1.46536,0.1390314
 1.46648,0.1366740
 1.46760,0.1366697
 1.46872,0.1364473
 1.46984,0.1363260
 1.47096,0.1368809
 1.47208,0.1368098
 1.47320,0.1380470
 1.47432,0.1385443
 1.47544,0.1379150
 1.47656,0.1379421
 1.47768,0.1371612
 1.47880,0.1379576
 1.47992,0.1371984
 1.48104,0.1372117
 1.48216,0.1366611
 1.48328,0.1364948
 1.48440,0.1368346
 1.48552,0.1375494
 1.48664,0.1369263
 1.48776,0.1363080
 1.48888,0.1367101
 1.49000,0.1367097
 1.49112,0.1367188
 1.49224,0.1367160
 1.49336,0.1365340
 1.49448,0.1375708
 1.49560,0.1370097
 1.49672,0.1371400
 1.49784,0.1367781
 1.49896,0.1370223
 1.50008,0.1374428
 1.50120,0.1376523
 1.50232,0.1364029
 1.50344,0.1363427
 1.50456,0.1365266
 1.50568,0.1371176
 1.50680,0.1363533
 1.50792,0.1366334
 1.50904,0.1361507
 1.51016,0.1362995
 1.51128,0.1365112
 1.51240,0.1365570
 1.51352,0.1368179
 1.51464,0.1372042
 1.51576,0.1359659
 1.51688,0.1360653
 1.51800,0.1362968
 1.51912,0.1359941
 1.52024,0.1359704
 1.52136,0.1361499
 1.52248,0.1364349
 1.52360,0.1362267
 1.52472,0.1365088
 1.52584,0.1360391
 1.52696,0.1364266
 1.52808,0.1361358
 1.52920,0.1368919
 1.53032,0.1363729
 1.53144,0.1360768
 1.53256,0.1361922
 1.53368,0.1359340
 1.53480,0.1365606
 1.53592,0.1367185
 1.53704,0.1362553
 1.53816,0.1362529
 1.53928,0.1368192
 1.54040,0.1360887
 1.54152,0.1360165
 1.54264,0.1360799
 1.54376,0.1366661
 1.54488,0.1364510
 1.54600,0.1363232
 1.54712,0.1362899
 1.54824,0.1359593
 1.54936,0.1360515
 1.55048,0.1363855
 1.55160,0.1360929
 1.55272,0.1362334
 1.55384,0.1359053
 1.55496,0.1358087
 1.55608,0.1358092
 1.55720,0.1358812
 1.55832,0.1366987
 1.55944,0.1358068
 1.56056,0.1356832
 1.56168,0.1358181
 1.56280,0.1357957
 1.56392,0.1358124
 1.56504,0.1359666
 1.56616,0.1356772
 1.56728,0.1357169
 1.56840,0.1356940
 1.56952,0.1357216
 1.57064,0.1359292
 1.57176,0.1363665
 1.57288,0.1359941
 1.57400,0.1357782
 1.57512,0.1358079
 1.57624,0.1357761
 1.57736,0.1357853
 1.57848,0.1357464
 1.57960,0.1356585
 1.58072,0.1356792
 1.58184,0.1357549
 1.58296,0.1356792
 1.58408,0.1357272
 1.58520,0.1363696
 1.58632,0.1357804
 1.58744,0.1356121
 1.58856,0.1358875
 1.58968,0.1358945
 1.59080,0.1356885
 1.59192,0.1356056
 1.59304,0.1355920
 1.59416,0.1355947
 1.59528,0.1356071
 1.59640,0.1356300
 1.59752,0.1355942
 1.59864,0.1356151
 1.59976,0.1356779
 1.60088,0.1355608
 1.60200,0.1355851
 1.60312,0.1357741
 1.60424,0.1355974
 1.60536,0.1355419
 1.60648,0.1356853
 1.60760,0.1357943
 1.60872,0.1356602
 1.60984,0.1363063
 1.61096,0.1360841
 1.61208,0.1357000
 1.61320,0.1355456
 1.61432,0.1358375
 1.61544,0.1357434
 1.61656,0.1356494
 1.61768,0.1355564
 1.61880,0.1356445
 1.61992,0.1354950
 1.62104,0.1355404
 1.62216,0.1355604
 1.62328,0.1355001
 1.62440,0.1355874
 1.62552,0.1355603
 1.62664,0.1356195
 1.62776,0.1355449
 1.62888,0.1355634
 1.63000,0.1355224
 1.63112,0.1355336
 1.63224,0.1355196
 1.63336,0.1355370
 1.63448,0.1356161
 1.63560,0.1358018
 1.63672,0.1355367
 1.63784,0.1354304
 1.63896,0.1354491
 1.64008,0.1354366
 1.64120,0.1354322
 1.64232,0.1354716
 1.64344,0.1354510
 1.64456,0.1354217
 1.64568,0.1354690
 1.64680,0.1354446
 1.64792,0.1354117
 1.64904,0.1359516
 1.65016,0.1362936
 1.65128,0.1356240
 1.65240,0.1354889
 1.65352,0.1354610
 1.65464,0.1356152
 1.65576,0.1354315
 1.65688,0.1354580
 1.65800,0.1354037
 1.65912,0.1354020
 1.66024,0.1356622
 1.66136,0.1355949
 1.66248,0.1354407
 1.66360,0.1353679
 1.66472,0.1353909
 1.66584,0.1354040
 1.66696,0.1354690
 1.66808,0.1355358
 1.66920,0.1355711
 1.67032,0.1355570
 1.67144,0.1358802
 1.67256,0.1354302
 1.67368,0.1354153
 1.67480,0.1353751
 1.67592,0.1354321
 1.67704,0.1354922
 1.67816,0.1354067
 1.67928,0.1356823
 1.68040,0.1353752
 1.68152,0.1353614
 1.68264,0.1353305
 1.68376,0.1362201
 1.68488,0.1360860
 1.68600,0.1352901
 1.68712,0.1353379
 1.68824,0.1353023
 1.68936,0.1353032
 1.69048,0.1354872
 1.69160,0.1357430
 1.69272,0.1353148
 1.69384,0.1354395
 1.69496,0.1354310
 1.69608,0.1357113
 1.69720,0.1354424
 1.69832,0.1353040
 1.69944,0.1354291
 1.70056,0.1353060
 1.70168,0.1353206
 1.70280,0.1353468
 1.70392,0.1354606
 1.70504,0.1354844
 1.70616,0.1354468
 1.70728,0.1359517
 1.70840,0.1354621
 1.70952,0.1352897
 1.71064,0.1353039
 1.71176,0.1353720
 1.71288,0.1354861
 1.71400,0.1355735
 1.71512,0.1352742
 1.71624,0.1360044
 1.71736,0.1356461
 1.71848,0.1352874
 1.71960,0.1353013
 1.72072,0.1354317
 1.72184,0.1358829
 1.72296,0.1353119
 1.72408,0.1354621
 1.72520,0.1357376
 1.72632,0.1361091
 1.72744,0.1366051
 1.72856,0.1358966
 1.72968,0.1353532
 1.73080,0.1357772
 1.73192,0.1356151
 1.73304,0.1353128
 1.73416,0.1354392
 1.73528,0.1354612
 1.73640,0.1353343
 1.73752,0.1352664
 1.73864,0.1354943
 1.73976,0.1357148
 1.74088,0.1354254
 1.74200,0.1360988
 1.74312,0.1359739
 1.74424,0.1371752
 1.74536,0.1361394
 1.74648,0.1355333
 1.74760,0.1361418
 1.74872,0.1353093
 1.74984,0.1361267
 1.75096,0.1377380
 1.75208,0.1363826
 1.75320,0.1351829
 1.75432,0.1369076
 1.75544,0.1362845
 1.75656,0.1352424
 1.75768,0.1356023
 1.75880,0.1392568
 1.75992,0.1359355
 1.76104,0.1356324
 1.76216,0.1369147
 1.76328,0.1380345
 1.76440,0.1358446
 1.76552,0.1357579
 1.76664,0.1356735
 1.76776,0.1370870
 1.76888,0.1366970
 1.77000,0.1355517
 1.77112,0.1356625
 1.77224,0.1365231
 1.77336,0.1361012
 1.77448,0.1371047
 1.77560,0.1369308
 1.77672,0.1364226
 1.77784,0.1354506
 1.77896,0.1358658
 1.78008,0.1362192
 1.78120,0.1378300
 1.78232,0.1374828
 1.78344,0.1368956
 1.78456,0.1378851
 1.78568,0.1380197
 1.78680,0.1369859
 1.78792,0.1366564
 1.78904,0.1359898
 1.79016,0.1360625
 1.79128,0.1354689
 1.79240,0.1356726
 1.79352,0.1386565
 1.79464,0.1364825
 1.79576,0.1356896
 1.79688,0.1353926
 1.79800,0.1359872
 1.79912,0.1361854
 1.80024,0.1377945
 1.80136,0.1371644
 1.80248,0.1367211
 1.80360,0.1357628
 1.80472,0.1375537
 1.80584,0.1385207
 1.80696,0.1357426
 1.80808,0.1352452
 1.80920,0.1352631
 1.81032,0.1363055
 1.81144,0.1361176
 1.81256,0.1354481
 1.81368,0.1362811
 1.81480,0.1357178
 1.81592,0.1357063
 1.81704,0.1354747
 1.81816,0.1356683
 1.81928,0.1376741
 1.82040,0.1361727
 1.82152,0.1366927
 1.82264,0.1377619
 1.82376,0.1358655
 1.82488,0.1361056
 1.82600,0.1364587
 1.82712,0.1362191
 1.82824,0.1388187
 1.82936,0.1362293
 1.83048,0.1359516
 1.83160,0.1369615
 1.83272,0.1379700
 1.83384,0.1366060
 1.83496,0.1362878
 1.83608,0.1376018
 1.83720,0.1365441
 1.83832,0.1357084
 1.83944,0.1369019
 1.84056,0.1391654
 1.84168,0.1398291
 1.84280,0.1380560
 1.84392,0.1356700
 1.84504,0.1351025
 1.84616,0.1364878
 1.84728,0.1371580
 1.84840,0.1358448
 1.84952,0.1359085
 1.85064,0.1355683
 1.85176,0.1354353
 1.85288,0.1364499
 1.85400,0.1372584
 1.85512,0.1388051
 1.85624,0.1400431
 1.85736,0.1387234
 1.85848,0.1365250
 1.85960,0.1373128
 1.86072,0.1360694
 1.86184,0.1361520
 1.86296,0.1358227
 1.86408,0.1357860
 1.86520,0.1387030
 1.86632,0.1371200
 1.86744,0.1395952
 1.86856,0.1366227
 1.86968,0.1360436
 1.87080,0.1371985
 1.87192,0.1369262
 1.87304,0.1390778
 1.87416,0.1376634
 1.87528,0.1362915
 1.87640,0.1361229
 1.87752,0.1355438
 1.87864,0.1371270
 1.87976,0.1376133
 1.88088,0.1385576
 1.88200,0.1363486
 1.88312,0.1375248
 1.88424,0.1377253
 1.88536,0.1377231
 1.88648,0.1357501
 1.88760,0.1361929
 1.88872,0.1353881
 1.88984,0.1358650
 1.89096,0.1362388
 1.89208,0.1357608
 1.89320,0.1369479
 1.89432,0.1368303
 1.89544,0.1352430
 1.89656,0.1353978
 1.89768,0.1353962
 1.89880,0.1359164
 1.89992,0.1357332
 1.90104,0.1355934
 1.90216,0.1358185
 1.90328,0.1364128
 1.90440,0.1364964
 1.90552,0.1364531
 1.90664,0.1368797
 1.90776,0.1361615
 1.90888,0.1357911
 1.91000,0.1355028
 1.91112,0.1359535
 1.91224,0.1389923
 1.91336,0.1372363
 1.91448,0.1357554
 1.91560,0.1357097
 1.91672,0.1364729
 1.91784,0.1358937
 1.91896,0.1355964
 1.92008,0.1392731
 1.92120,0.1378717
 1.92232,0.1376119
 1.92344,0.1365367
 1.92456,0.1351742
 1.92568,0.1351528
 1.92680,0.1363400
 1.92792,0.1363404
 1.92904,0.1368279
 1.93016,0.1369738
 1.93128,0.1357092
 1.93240,0.1351965
 1.93352,0.1358444
 1.93464,0.1362994
 1.93576,0.1379118
 1.93688,0.1379206
 1.93800,0.1357175
 1.93912,0.1363419
 1.94024,0.1366613
 1.94136,0.1366288
 1.94248,0.1381202
 1.94360,0.1382847
 1.94472,0.1354538
 1.94584,0.1351189
 1.94696,0.1350703
 1.94808,0.1361667
 1.94920,0.1369388
 1.95032,0.1368491
 1.95144,0.1370601
 1.95256,0.1361186
 1.95368,0.1374565
 1.95480,0.1355024
 1.95592,0.1354808
 1.95704,0.1353272
 1.95816,0.1355293
 1.95928,0.1376429
 1.96040,0.1364725
 1.96152,0.1386772
 1.96264,0.1366415
 1.96376,0.1350282
 1.96488,0.1385060
 1.96600,0.1383849
 1.96712,0.1383370
 1.96824,0.1375579
 1.96936,0.1354890
 1.97048,0.1370497
 1.97160,0.1373662
 1.97272,0.1364287
 1.97384,0.1377534
 1.97496,0.1360587
 1.97608,0.1383349
 1.97720,0.1383488
 1.97832,0.1367584
 1.97944,0.1361951
 1.98056,0.1365569
 1.98168,0.1350931
 1.98280,0.1350839
 1.98392,0.1354697
 1.98504,0.1375225
 1.98616,0.1364959
 1.98728,0.1355757
 1.98840,0.1379200
 1.98952,0.1368757
 1.99064,0.1362571
 1.99176,0.1365488
 1.99288,0.1358268
 1.99400,0.1367961
 1.99512,0.1377395
 1.99624,0.1363477
 1.99736,0.1362920
 1.99848,0.1356999
 1.99960,0.1349903
 2.00072,0.1350063
 2.00184,0.1360421
 2.00296,0.1387929
 2.00408,0.1374829
 2.00520,0.1355489
 2.00632,0.1369132
 2.00744,0.1369578
 2.00856,0.1390682
 2.00968,0.1374424
 2.01080,0.1354317
 2.01192,0.1359516
 2.01304,0.1369628
 2.01416,0.1373907
 2.01528,0.1364372
 2.01640,0.1352841
 2.01752,0.1357771
 2.01864,0.1365923
 2.01976,0.1365513
 2.02088,0.1353657
 2.02200,0.1365600
 2.02312,0.1355206
 2.02424,0.1355795
 2.02536,0.1359379
 2.02648,0.1358620
 2.02760,0.1371126
 2.02872,0.1368799
 2.02984,0.1361751
 2.03096,0.1363046
 2.03208,0.1351938
 2.03320,0.1356255
 2.03432,0.1352076
 2.03544,0.1348994
 2.03656,0.1347094
 2.03768,0.1349167
 2.03880,0.1353044
 2.03992,0.1367150
 2.04104,0.1357607
 2.04216,0.1352871
 2.04328,0.1359569
 2.04440,0.1355699
 2.04552,0.1350524
 2.04664,0.1358326
 2.04776,0.1364022
 2.04888,0.1368138
 2.05000,0.1352336
 2.05112,0.1348303
 2.05224,0.1345793
 2.05336,0.1348504
 2.05448,0.1359763
 2.05560,0.1362599
 2.05672,0.1354143
 2.05784,0.1352123
 2.05896,0.1353235
 2.06008,0.1348874
 2.06120,0.1349830
 2.06232,0.1355346
 2.06344,0.1351426
 2.06456,0.1348508
 2.06568,0.1352632
 2.06680,0.1351296
 2.06792,0.1345998
 2.06904,0.1344601
 2.07016,0.1344923
 2.07128,0.1355276
 2.07240,0.1359499
 2.07352,0.1351445
 2.07464,0.1356138
 2.07576,0.1349715
 2.07688,0.1346674
 2.07800,0.1344668
 2.07912,0.1344579
 2.08024,0.1345435
 2.08136,0.1345013
 2.08248,0.1344264
 2.08360,0.1344004
 2.08472,0.1347439
 2.08584,0.1356639
 2.08696,0.1360652
 2.08808,0.1347561
 2.08920,0.1346982
 2.09032,0.1346361
 2.09144,0.1344805
 2.09256,0.1347122
 2.09368,0.1358089
 2.09480,0.1356849
 2.09592,0.1347911
 2.09704,0.1346533
 2.09816,0.1346244
 2.09928,0.1346550
 2.10040,0.1345551
 2.10152,0.1344151
 2.10264,0.1347944
 2.10376,0.1345929
 2.10488,0.1344361
 2.10600,0.1349853
 2.10712,0.1351563
 2.10824,0.1346913
 2.10936,0.1349799
 2.11048,0.1346335
 2.11160,0.1344452
 2.11272,0.1345864
 2.11384,0.1346290
 2.11496,0.1346927
 2.11608,0.1348128
 2.11720,0.1346917
 2.11832,0.1344453
 2.11944,0.1344785
 2.12056,0.1344670
 2.12168,0.1344318
 2.12280,0.1343402
 2.12392,0.1344595
 2.12504,0.1344772
 2.12616,0.1343906
 2.12728,0.1343824
 2.12840,0.1344567
 2.12952,0.1345086
 2.13064,0.1345540
 2.13176,0.1343546
 2.13288,0.1345307
 2.13400,0.1345409
 2.13512,0.1345442
 2.13624,0.1349700
 2.13736,0.1351615
 2.13848,0.1347367
 2.13960,0.1345949
 2.14072,0.1347654
 2.14184,0.1344194
 2.14296,0.1347330
 2.14408,0.1348830
 2.14520,0.1347194
 2.14632,0.1345504
 2.14744,0.1344918
 2.14856,0.1345397
 2.14968,0.1348027
 2.15080,0.1347908
 2.15192,0.1347857
 2.15304,0.1345365
 2.15416,0.1351139
 2.15528,0.1351214
 2.15640,0.1345634
 2.15752,0.1349077
 2.15864,0.1353561
 2.15976,0.1347258
 2.16088,0.1351994
 2.16200,0.1347777
 2.16312,0.1346090
 2.16424,0.1347627
 2.16536,0.1347711
 2.16648,0.1346737
 2.16760,0.1347068
 2.16872,0.1346749
 2.16984,0.1345863
 2.17096,0.1347263
 2.17208,0.1349577
 2.17320,0.1353376
 2.17432,0.1354538
 2.17544,0.1349875
 2.17656,0.1353044
 2.17768,0.1349999
 2.17880,0.1349523
 2.17992,0.1347546
 2.18104,0.1347304
 2.18216,0.1347042
 2.18328,0.1344495
 2.18440,0.1345853
 2.18552,0.1346652
 2.18664,0.1347709
 2.18776,0.1348344
 2.18888,0.1347136
 2.19000,0.1347115
 2.19112,0.1348681
 2.19224,0.1347670
 2.19336,0.1348356
 2.19448,0.1349285
 2.19560,0.1349000
 2.19672,0.1350127
 2.19784,0.1351049
 2.19896,0.1350645
 2.20008,0.1351189
 2.20120,0.1353191
 2.20232,0.1354414
 2.20344,0.1355214
 2.20456,0.1356155
 2.20568,0.1356775
 2.20680,0.1355326
 2.20792,0.1351912
 2.20904,0.1353193
 2.21016,0.1355138
 2.21128,0.1358715
 2.21240,0.1355406
 2.21352,0.1350208
 2.21464,0.1349746
 2.21576,0.1351988
 2.21688,0.1355889
 2.21800,0.1353274
 2.21912,0.1349885
 2.22024,0.1349176
 2.22136,0.1350213
 2.22248,0.1353730
 2.22360,0.1361255
 2.22472,0.1354995
 2.22584,0.1363620
 2.22696,0.1363067
 2.22808,0.1355835
 2.22920,0.1350732
 2.23032,0.1350070
 2.23144,0.1353359
 2.23256,0.1350505
 2.23368,0.1349928
 2.23480,0.1350196
 2.23592,0.1351490
 2.23704,0.1352011
 2.23816,0.1347025
 2.23928,0.1351762
 2.24040,0.1352746
 2.24152,0.1349513
 2.24264,0.1351971
 2.24376,0.1357553
 2.24488,0.1353331
 2.24600,0.1352494
 2.24712,0.1358829
 2.24824,0.1353990
 2.24936,0.1353274
 2.25048,0.1356009
 2.25160,0.1350571
 2.25272,0.1354028
 2.25384,0.1357074
 2.25496,0.1352578
 2.25608,0.1354502
 2.25720,0.1361544
 2.25832,0.1361017
 2.25944,0.1351256
 2.26056,0.1351291
 2.26168,0.1349201
 2.26280,0.1348302
 2.26392,0.1348505
 2.26504,0.1348284
 2.26616,0.1351550
 2.26728,0.1352003
 2.26840,0.1349923
 2.26952,0.1348615
 2.27064,0.1349904
 2.27176,0.1353694
 2.27288,0.1357151
 2.27400,0.1354560
 2.27512,0.1353650
 2.27624,0.1352041
 2.27736,0.1352220
 2.27848,0.1355957
 2.27960,0.1351759
 2.28072,0.1351067
 2.28184,0.1351126
 2.28296,0.1355198
 2.28408,0.1358876
 2.28520,0.1353996
 2.28632,0.1350984
 2.28744,0.1350157
 2.28856,0.1351718
 2.28968,0.1352084
 2.29080,0.1354570
 2.29192,0.1365989
 2.29304,0.1359942
 2.29416,0.1357275
 2.29528,0.1357373
 2.29640,0.1356081
 2.29752,0.1353049
 2.29864,0.1353621
 2.29976,0.1352465
 2.30088,0.1351524
 2.30200,0.1351953
 2.30312,0.1353226
 2.30424,0.1353299
 2.30536,0.1350318
 2.30648,0.1350187
 2.30760,0.1350083
 2.30872,0.1349776
 2.30984,0.1350725
 2.31096,0.1353062
 2.31208,0.1350240
 2.31320,0.1348666
 2.31432,0.1348862
 2.31544,0.1350477
 2.31656,0.1356003
 2.31768,0.1371848
 2.31880,0.1364396
 2.31992,0.1357915
 2.32104,0.1355831
 2.32216,0.1354979
 2.32328,0.1368507
 2.32440,0.1362435
 2.32552,0.1356115
 2.32664,0.1354137
 2.32776,0.1354139
 2.32888,0.1353598
 2.33000,0.1353244
 2.33112,0.1354601
 2.33224,0.1354742
 2.33336,0.1359092
 2.33448,0.1372488
 2.33560,0.1358487
 2.33672,0.1353857
 2.33784,0.1353729
 2.33896,0.1353543
 2.34008,0.1354003
 2.34120,0.1354966
 2.34232,0.1352960
 2.34344,0.1352031
 2.34456,0.1352646
 2.34568,0.1352907
 2.34680,0.1351656
 2.34792,0.1358132
 2.34904,0.1356359
 2.35016,0.1356840
 2.35128,0.1368668
 2.35240,0.1368844
 2.35352,0.1357294
 2.35464,0.1351448
 2.35576,0.1357996
 2.35688,0.1369416
 2.35800,0.1359373
 2.35912,0.1352857
 2.36024,0.1350411
 2.36136,0.1350513
 2.36248,0.1352253
 2.36360,0.1354771
 2.36472,0.1357263
 2.36584,0.1355506
 2.36696,0.1351008
 2.36808,0.1348522
 2.36920,0.1354085
 2.37032,0.1355623
 2.37144,0.1352813
 2.37256,0.1352039
 2.37368,0.1357295
 2.37480,0.1358957
 2.37592,0.1356487
 2.37704,0.1357046
 2.37816,0.1357433
 2.37928,0.1354343
 2.38040,0.1363078
 2.38152,0.1367311
 2.38264,0.1368612
 2.38376,0.1365536
 2.38488,0.1355992
 2.38600,0.1355489
 2.38712,0.1353387
 2.38824,0.1352980
 2.38936,0.1354139
 2.39048,0.1351369
 2.39160,0.1351651
 2.39272,0.1352595
 2.39384,0.1357130
 2.39496,0.1361675
 2.39608,0.1350848
 2.39720,0.1351096
 2.39832,0.1360239
 2.39944,0.1364952
 2.40056,0.1356152
 2.40168,0.1353057
 2.40280,0.1351380
 2.40392,0.1354364
 2.40504,0.1357115
 2.40616,0.1350616
 2.40728,0.1354261
 2.40840,0.1365273
 2.40952,0.1370617
 2.41064,0.1364460
 2.41176,0.1359778
 2.41288,0.1379259
 2.41400,0.1372120
 2.41512,0.1351778
 2.41624,0.1353085
 2.41736,0.1353096
 2.41848,0.1351552
 2.41960,0.1352768
 2.42072,0.1355896
 2.42184,0.1353881
 2.42296,0.1355167
 2.42408,0.1352331
 2.42520,0.1350991
 2.42632,0.1357283
 2.42744,0.1358755
 2.42856,0.1358078
 2.42968,0.1354550
 2.43080,0.1350612
 2.43192,0.1353665
 2.43304,0.1362883
 2.43416,0.1359540
 2.43528,0.1351390
 2.43640,0.1351845
 2.43752,0.1352576
 2.43864,0.1352485
 2.43976,0.1352422
 2.44088,0.1357400
 2.44200,0.1375529
 2.44312,0.1366929
 2.44424,0.1361372
 2.44536,0.1360671
 2.44648,0.1355007
 2.44760,0.1373414
 2.44872,0.1365827
 2.44984,0.1351207
 2.45096,0.1356018
 2.45208,0.1381284
 2.45320,0.1392473
 2.45432,0.1381533
 2.45544,0.1361255
 2.45656,0.1364471
 2.45768,0.1362334
 2.45880,0.1359963
 2.45992,0.1366331
 2.46104,0.1383678
 2.46216,0.1361672
 2.46328,0.1366926
 2.46440,0.1385067
 2.46552,0.1386163
 2.46664,0.1359130
 2.46776,0.1364511
 2.46888,0.1369129
 2.47000,0.1356557
 2.47112,0.1354701
 2.47224,0.1351131
 2.47336,0.1352098
 2.47448,0.1356096
 2.47560,0.1353874
 2.47672,0.1352463
 2.47784,0.1358295
 2.47896,0.1365882
 2.48008,0.1365045
 2.48120,0.1361106
 2.48232,0.1357297
 2.48344,0.1354107
 2.48456,0.1352242
 2.48568,0.1356235
 2.48680,0.1373089
 2.48792,0.1399423
 2.48904,0.1423656
 2.49016,0.1410732
 2.49128,0.1391946
 2.49240,0.1370559
 2.49352,0.1355852
 2.49464,0.1381943
 2.49576,0.1371232
 2.49688,0.1370738
 2.49800,0.1394990
 2.49912,0.1386468
 2.50024,0.1365366
 2.50136,0.1352537
 2.50248,0.1353046
 2.50360,0.1356576
 2.50472,0.1376543
 2.50584,0.1383808
 2.50696,0.1376239
 2.50808,0.1379844
 2.50920,0.1384721
 2.51032,0.1388819
 2.51144,0.1385043
 2.51256,0.1360938
 2.51368,0.1353721
 2.51480,0.1361675
 2.51592,0.1374068
 2.51704,0.1372513
 2.51816,0.1380429
 2.51928,0.1402806
 2.52040,0.1415547
 2.52152,0.1368251
 2.52264,0.1362711
 2.52376,0.1367048
 2.52488,0.1372251
 2.52600,0.1390251
 2.52712,0.1373889
 2.52824,0.1370870
 2.52936,0.1386235
 2.53048,0.1377952
 2.53160,0.1366232
 2.53272,0.1366325
 2.53384,0.1378746
 2.53496,0.1386217
 2.53608,0.1409377
 2.53720,0.1415507
 2.53832,0.1396970
 2.53944,0.1396511
 2.54056,0.1384930
 2.54168,0.1386986
 2.54280,0.1406049
 2.54392,0.1374691
 2.54504,0.1360478
 2.54616,0.1368809
 2.54728,0.1394370
 2.54840,0.1410318
 2.54952,0.1394251
 2.55064,0.1370708
 2.55176,0.1366590
 2.55288,0.1366168
 2.55400,0.1361177
 2.55512,0.1356473
 2.55624,0.1361346
 2.55736,0.1368886
 2.55848,0.1376200
 2.55960,0.1381016
 2.56072,0.1380402
 2.56184,0.1382140
 2.56296,0.1385960
 2.56408,0.1386913
 2.56520,0.1372387
 2.56632,0.1382567
 2.56744,0.1383333
 2.56856,0.1360059
 2.56968,0.1365201
 2.57080,0.1361609
 2.57192,0.1360895
 2.57304,0.1377615
 2.57416,0.1378847
 2.57528,0.1381187
 2.57640,0.1385961
 2.57752,0.1389057
 2.57864,0.1396522
 2.57976,0.1386880
 2.58088,0.1365345
 2.58200,0.1372640
 2.58312,0.1375940
 2.58424,0.1374255
 2.58536,0.1375242
 2.58648,0.1409382
 2.58760,0.1390513
 2.58872,0.1356697
 2.58984,0.1370781
 2.59096,0.1414167
 2.59208,0.1423847
 2.59320,0.1397465
 2.59432,0.1372815
 2.59544,0.1363065
 2.59656,0.1371446
 2.59768,0.1392235
 2.59880,0.1381716
 2.59992,0.1366882
 2.60104,0.1357599
 2.60216,0.1366021
 2.60328,0.1426996
 2.60440,0.1431257
 2.60552,0.1378289
 2.60664,0.1358923
 2.60776,0.1371466
 2.60888,0.1378552
 2.61000,0.1361821
 2.61112,0.1370938
 2.61224,0.1373983
 2.61336,0.1367363
 2.61448,0.1356426
 2.61560,0.1373327
 2.61672,0.1380058
 2.61784,0.1371181
 2.61896,0.1395358
 2.62008,0.1402032
 2.62120,0.1398138
 2.62232,0.1395198
 2.62344,0.1381261
 2.62456,0.1367224
 2.62568,0.1365551
 2.62680,0.1400519
 2.62792,0.1387731
 2.62904,0.1364883
 2.63016,0.1364637
 2.63128,0.1359110
 2.63240,0.1362962
 2.63352,0.1374260
 2.63464,0.1379228
 2.63576,0.1369399
 2.63688,0.1355327
 2.63800,0.1345552
 2.63912,0.1347673
 2.64024,0.1357280
 2.64136,0.1371700
 2.64248,0.1386797
 2.64360,0.1370093
 2.64472,0.1353933
 2.64584,0.1358624
 2.64696,0.1355028
 2.64808,0.1378680
 2.64920,0.1412639
 2.65032,0.1402149
 2.65144,0.1405822
 2.65256,0.1398169
 2.65368,0.1362415
 2.65480,0.1365194
 2.65592,0.1370046
 2.65704,0.1370336
 2.65816,0.1374678
 2.65928,0.1393049
 2.66040,0.1404159
 2.66152,0.1388612
 2.66264,0.1381995
 2.66376,0.1378076
 2.66488,0.1377753
 2.66600,0.1392052
 2.66712,0.1384425
 2.66824,0.1373186
 2.66936,0.1384875
 2.67048,0.1390903
 2.67160,0.1388859
 2.67272,0.1380959
 2.67384,0.1386559
 2.67496,0.1390847
 2.67608,0.1401736
 2.67720,0.1438910
 2.67832,0.1406369
 2.67944,0.1368642
 2.68056,0.1377847
 2.68168,0.1404493
 2.68280,0.1403979
 2.68392,0.1376609
 2.68504,0.1376335
 2.68616,0.1380764
 2.68728,0.1380811
 2.68840,0.1367872
 2.68952,0.1369674
 2.69064,0.1373472
 2.69176,0.1373237
 2.69288,0.1383847
 2.69400,0.1393635
 2.69512,0.1397282
 2.69624,0.1387033
 2.69736,0.1374649
 2.69848,0.1367457
 2.69960,0.1373749
 2.70072,0.1370858
 2.70184,0.1374740
 2.70296,0.1390939
 2.70408,0.1375481
 2.70520,0.1362051
 2.70632,0.1358503
 2.70744,0.1361547
 2.70856,0.1397143
 2.70968,0.1425050
 2.71080,0.1377536
 2.71192,0.1361426
 2.71304,0.1358680
 2.71416,0.1357873
 2.71528,0.1386251
 2.71640,0.1391185
 2.71752,0.1365650
 2.71864,0.1374647
 2.71976,0.1393967
 2.72088,0.1405613
 2.72200,0.1376416
 2.72312,0.1365402
 2.72424,0.1369028
 2.72536,0.1380562
 2.72648,0.1381629
 2.72760,0.1378933
 2.72872,0.1376618
 2.72984,0.1378571
 2.73096,0.1380202
 2.73208,0.1380577
 2.73320,0.1382407
 2.73432,0.1379096
 2.73544,0.1374579
 2.73656,0.1380799
 2.73768,0.1376131
 2.73880,0.1372471
 2.73992,0.1388156
 2.74104,0.1393732
 2.74216,0.1388673
 2.74328,0.1372695
 2.74440,0.1371955
 2.74552,0.1378076
 2.74664,0.1387462
 2.74776,0.1394893
 2.74888,0.1387621
 2.75000,0.1369731
 2.75112,0.1372078
 2.75224,0.1372887
 2.75336,0.1370848
 2.75448,0.1370189
 2.75560,0.1374243
 2.75672,0.1385448
 2.75784,0.1407770
 2.75896,0.1383334
 2.76008,0.1354222
 2.76120,0.1358792
 2.76232,0.1372310
 2.76344,0.1380880
 2.76456,0.1376190
 2.76568,0.1367402
 2.76680,0.1363487
 2.76792,0.1367290
 2.76904,0.1370445
 2.77016,0.1375123
 2.77128,0.1381673
 2.77240,0.1389037
 2.77352,0.1378299
 2.77464,0.1362323
 2.77576,0.1387656
 2.77688,0.1384990
 2.77800,0.1369597
 2.77912,0.1385261
 2.78024,0.1389572
 2.78136,0.1383671
 2.78248,0.1370908
 2.78360,0.1380613
 2.78472,0.1401191
 2.78584,0.1422145
 2.78696,0.1423061
 2.78808,0.1405681
 2.78920,0.1368328
 2.79032,0.1365009
 2.79144,0.1370542
 2.79256,0.1370802
 2.79368,0.1361325
 2.79480,0.1355522
 2.79592,0.1360114
 2.79704,0.1366723
 2.79816,0.1368228
 2.79928,0.1364506
 2.80040,0.1381703
 2.80152,0.1392424
 2.80264,0.1389159
 2.80376,0.1383278
 2.80488,0.1374106
 2.80600,0.1366381
 2.80712,0.1386660
 2.80824,0.1388193
 2.80936,0.1371349
 2.81048,0.1381261
 2.81160,0.1379861
 2.81272,0.1371320
 2.81384,0.1398064
 2.81496,0.1395258
 2.81608,0.1372550
 2.81720,0.1394725
 2.81832,0.1390877
 2.81944,0.1367173
 2.82056,0.1370125
 2.82168,0.1370064
 2.82280,0.1365182
 2.82392,0.1360451
 2.82504,0.1361513
 2.82616,0.1369298
 2.82728,0.1387595
 2.82840,0.1376118
 2.82952,0.1352726
 2.83064,0.1375097
 2.83176,0.1378780
 2.83288,0.1372499
 2.83400,0.1398388
 2.83512,0.1402792
 2.83624,0.1389865
 2.83736,0.1381126
 2.83848,0.1375723
 2.83960,0.1374202
 2.84072,0.1380482
 2.84184,0.1376910
 2.84296,0.1366089
 2.84408,0.1360508
 2.84520,0.1364130
 2.84632,0.1371233
 2.84744,0.1361765
 2.84856,0.1364267
 2.84968,0.1375605
 2.85080,0.1369293
 2.85192,0.1369938
 2.85304,0.1382290
 2.85416,0.1410943
 2.85528,0.1407047
 2.85640,0.1372745
 2.85752,0.1373206
 2.85864,0.1373464
 2.85976,0.1367254
 2.86088,0.1366708
 2.86200,0.1367066
 2.86312,0.1368662
 2.86424,0.1383062
 2.86536,0.1388225
 2.86648,0.1377595
 2.86760,0.1384535
 2.86872,0.1387734
 2.86984,0.1378646
 2.87096,0.1385630
 2.87208,0.1388055
 2.87320,0.1374222
 2.87432,0.1384482
 2.87544,0.1393348
 2.87656,0.1381236
 2.87768,0.1385349
 2.87880,0.1387459
 2.87992,0.1366905
 2.88104,0.1367135
 2.88216,0.1377214
 2.88328,0.1385062
 2.88440,0.1378832
 2.88552,0.1365602
 2.88664,0.1356705
 2.88776,0.1368151
 2.88888,0.1386343
 2.89000,0.1369788
 2.89112,0.1364208
 2.89224,0.1371484
 2.89336,0.1373419
 2.89448,0.1382623
 2.89560,0.1398509
 2.89672,0.1392827
 2.89784,0.1381966
 2.89896,0.1371302
 2.90008,0.1371487
 2.90120,0.1372042
 2.90232,0.1367625
 2.90344,0.1363824
 2.90456,0.1361655
 2.90568,0.1362990
 2.90680,0.1368158
 2.90792,0.1374759
 2.90904,0.1380391
 2.91016,0.1384331
 2.91128,0.1386910
 2.91240,0.1387983
 2.91352,0.1378882
 2.91464,0.1362586
 2.91576,0.1354597
 2.91688,0.1353401
 2.91800,0.1358641
 2.91912,0.1363209
 2.92024,0.1378389
 2.92136,0.1408428
 2.92248,0.1389107
 2.92360,0.1367445
 2.92472,0.1378949
 2.92584,0.1386407
 2.92696,0.1388943
 2.92808,0.1383648
 2.92920,0.1391187
 2.93032,0.1404317
 2.93144,0.1400760
 2.93256,0.1388294
 2.93368,0.1370745
 2.93480,0.1364307
 2.93592,0.1365196
 2.93704,0.1373015
 2.93816,0.1373167
 2.93928,0.1377928
 2.94040,0.1396619
 2.94152,0.1380042
 2.94264,0.1357528
 2.94376,0.1367852
 2.94488,0.1365066
 2.94600,0.1354818
 2.94712,0.1359784
 2.94824,0.1364806
 2.94936,0.1368030
 2.95048,0.1374642
 2.95160,0.1378447
 2.95272,0.1375674
 2.95384,0.1364267
 2.95496,0.1353449
 2.95608,0.1352171
 2.95720,0.1354885
 2.95832,0.1361408
 2.95944,0.1375794
 2.96056,0.1375133
 2.96168,0.1365428
 2.96280,0.1393216
 2.96392,0.1401090
 2.96504,0.1370582
 2.96616,0.1381886
 2.96728,0.1392043
 2.96840,0.1365867
 2.96952,0.1364081
 2.97064,0.1375363
 2.97176,0.1383491
 2.97288,0.1383399
 2.97400,0.1375360
 2.97512,0.1361900
 2.97624,0.1358554
 2.97736,0.1372727
 2.97848,0.1377413
 2.97960,0.1376522
 2.98072,0.1369838
 2.98184,0.1373201
 2.98296,0.1380105
 2.98408,0.1374127
 2.98520,0.1371675
 2.98632,0.1374631
 2.98744,0.1373939
 2.98856,0.1381662
 2.98968,0.1406154
 2.99080,0.1386153
 2.99192,0.1356081
 2.99304,0.1361622
 2.99416,0.1370379
 2.99528,0.1376959
 2.99640,0.1368112
 2.99752,0.1365521
 2.99864,0.1375964
 2.99976,0.1368731
 3.00088,0.1360836
 3.00200,0.1368772
 3.00312,0.1367321
 3.00424,0.1363132
 3.00536,0.1381204
 3.00648,0.1396883
 3.00760,0.1403315
 3.00872,0.1389431
 3.00984,0.1379347
 3.01096,0.1394106
 3.01208,0.1387640
 3.01320,0.1369350
 3.01432,0.1358110
 3.01544,0.1350278
 3.01656,0.1347516
 3.01768,0.1369437
 3.01880,0.1384126
 3.01992,0.1364703
 3.02104,0.1363489
 3.02216,0.1369280
 3.02328,0.1355051
 3.02440,0.1348269
 3.02552,0.1355318
 3.02664,0.1381607
 3.02776,0.1395465
 3.02888,0.1364960
 3.03000,0.1358980
 3.03112,0.1367319
 3.03224,0.1366950
 3.03336,0.1365368
 3.03448,0.1365085
 3.03560,0.1382134
 3.03672,0.1392374
 3.03784,0.1367976
 3.03896,0.1370460
 3.04008,0.1388383
 3.04120,0.1379890
 3.04232,0.1368019
 3.04344,0.1359936
 3.04456,0.1389382
 3.04568,0.1417568
 3.04680,0.1392878
 3.04792,0.1376928
 3.04904,0.1371904
 3.05016,0.1364987
 3.05128,0.1363995
 3.05240,0.1375289
 3.05352,0.1370949
 3.05464,0.1359736
 3.05576,0.1353511
 3.05688,0.1363729
 3.05800,0.1389690
 3.05912,0.1375029
 3.06024,0.1354539
 3.06136,0.1352875
 3.06248,0.1356998
 3.06360,0.1363664
 3.06472,0.1364721
 3.06584,0.1362256
 3.06696,0.1355957
 3.06808,0.1366420
 3.06920,0.1380962
 3.07032,0.1379695
 3.07144,0.1383062
 3.07256,0.1392044
 3.07368,0.1378703
 3.07480,0.1364463
 3.07592,0.1366598
 3.07704,0.1376511
 3.07816,0.1387732
 3.07928,0.1371179
 3.08040,0.1357207
 3.08152,0.1359265
 3.08264,0.1358657
 3.08376,0.1359918
 3.08488,0.1378296
 3.08600,0.1380417
 3.08712,0.1358278
 3.08824,0.1360250
 3.08936,0.1368823
 3.09048,0.1369181
 3.09160,0.1365479
 3.09272,0.1359225
 3.09384,0.1360760
 3.09496,0.1371539
 3.09608,0.1400917
 3.09720,0.1394869
 3.09832,0.1366825
 3.09944,0.1371789
 3.10056,0.1375824
 3.10168,0.1364616
 3.10280,0.1363121
 3.10392,0.1371789
 3.10504,0.1406284
 3.10616,0.1418420
 3.10728,0.1388637
 3.10840,0.1379614
 3.10952,0.1379507
 3.11064,0.1377149
 3.11176,0.1381229
 3.11288,0.1392774
 3.11400,0.1380351
 3.11512,0.1364470
 3.11624,0.1368477
 3.11736,0.1370814
 3.11848,0.1369506
 3.11960,0.1371033
 3.12072,0.1370964
 3.12184,0.1363003
 3.12296,0.1365369
 3.12408,0.1376367
 3.12520,0.1370611
 3.12632,0.1366569
 3.12744,0.1380454
 3.12856,0.1384838
 3.12968,0.1379837
 3.13080,0.1367541
 3.13192,0.1357822
 3.13304,0.1359505
 3.13416,0.1357449
 3.13528,0.1353022
 3.13640,0.1356715
 3.13752,0.1361167
 3.13864,0.1362832
 3.13976,0.1364631
 3.14088,0.1366102
 3.14200,0.1363317
 3.14312,0.1364822
 3.14424,0.1378636
 3.14536,0.1378258
 3.14648,0.1368115
 3.14760,0.1362575
 3.14872,0.1358947
 3.14984,0.1357465
 3.15096,0.1356756
 3.15208,0.1357612
 3.15320,0.1367580
 3.15432,0.1374631
 3.15544,0.1369531
 3.15656,0.1367296
 3.15768,0.1368608
 3.15880,0.1378805
 3.15992,0.1385268
 3.16104,0.1376320
 3.16216,0.1369311
 3.16328,0.1365523
 3.16440,0.1372133
 3.16552,0.1377380
 3.16664,0.1370827
 3.16776,0.1364106
 3.16888,0.1358720
 3.17000,0.1363235
 3.17112,0.1367984
 3.17224,0.1363905
 3.17336,0.1363725
 3.17448,0.1368008
 3.17560,0.1366573
 3.17672,0.1363843
 3.17784,0.1363609
 3.17896,0.1365781
 3.18008,0.1370207
 3.18120,0.1364129
 3.18232,0.1357787
 3.18344,0.1369865
 3.18456,0.1376076
 3.18568,0.1369594
 3.18680,0.1367519
 3.18792,0.1368115
 3.18904,0.1371058
 3.19016,0.1370144
 3.19128,0.1360994
 3.19240,0.1362627
 3.19352,0.1371241
 3.19464,0.1380376
 3.19576,0.1383912
 3.19688,0.1372849
 3.19800,0.1370197
 3.19912,0.1375501
 3.20024,0.1384045
 3.20136,0.1390770
 3.20248,0.1388029
 3.20360,0.1383285
 3.20472,0.1377270
 3.20584,0.1374799
 3.20696,0.1372819
 3.20808,0.1366512
 3.20920,0.1365149
 3.21032,0.1372911
 3.21144,0.1371405
 3.21256,0.1365469
 3.21368,0.1365281
 3.21480,0.1364849
 3.21592,0.1361094
 3.21704,0.1360095
 3.21816,0.1361322
 3.21928,0.1360382
 3.22040,0.1360540
 3.22152,0.1366939
 3.22264,0.1367187
 3.22376,0.1359101
 3.22488,0.1359971
 3.22600,0.1363684
 3.22712,0.1360664
 3.22824,0.1358529
 3.22936,0.1360277
 3.23048,0.1359159
 3.23160,0.1356378
 3.23272,0.1357937
 3.23384,0.1360756
 3.23496,0.1363989
 3.23608,0.1372018
 3.23720,0.1384904
 3.23832,0.1375827
 3.23944,0.1360716
 3.24056,0.1364140
 3.24168,0.1370266
 3.24280,0.1376094
 3.24392,0.1372380
 3.24504,0.1362500
 3.24616,0.1360609
 3.24728,0.1360664
 3.24840,0.1359979
 3.24952,0.1361408
 3.25064,0.1365482
 3.25176,0.1362896
 3.25288,0.1358005
 3.25400,0.1358728
 3.25512,0.1360241
 3.25624,0.1361242
 3.25736,0.1359794
 3.25848,0.1356432
 3.25960,0.1356666
 3.26072,0.1359283
 3.26184,0.1367014
 3.26296,0.1370507
 3.26408,0.1365552
 3.26520,0.1361812
 3.26632,0.1359058
 3.26744,0.1357394
 3.26856,0.1356429
 3.26968,0.1356883
 3.27080,0.1360306
 3.27192,0.1367189
 3.27304,0.1364171
 3.27416,0.1357834
 3.27528,0.1362653
 3.27640,0.1367039
 3.27752,0.1364341
 3.27864,0.1362167
 3.27976,0.1360986
 3.28088,0.1360569
 3.28200,0.1359562
 3.28312,0.1353319
 3.28424,0.1350827
 3.28536,0.1358887
 3.28648,0.1360661
 3.28760,0.1356734
 3.28872,0.1356676
 3.28984,0.1357773
 3.29096,0.1357729
 3.29208,0.1356905
 3.29320,0.1354800
 3.29432,0.1354621
 3.29544,0.1355931
 3.29656,0.1355999
 3.29768,0.1355524
 3.29880,0.1354460
 3.29992,0.1353432
 3.30104,0.1352624
 3.30216,0.1353225
 3.30328,0.1355825
 3.30440,0.1371437
 3.30552,0.1385288
 3.30664,0.1371326
 3.30776,0.1361860
 3.30888,0.1368165
 3.31000,0.1368183
 3.31112,0.1363264
 3.31224,0.1364819
 3.31336,0.1367519
 3.31448,0.1365114
 3.31560,0.1364213
 3.31672,0.1367935
 3.31784,0.1377909
 3.31896,0.1391981
 3.32008,0.1383892
 3.32120,0.1370510
 3.32232,0.1373810
 3.32344,0.1375373
 3.32456,0.1366684
 3.32568,0.1363699
 3.32680,0.1366876
 3.32792,0.1367854
 3.32904,0.1368026
 3.33016,0.1369198
 3.33128,0.1371094
 3.33240,0.1374524
 3.33352,0.1383165
 3.33464,0.1397987
 3.33576,0.1398485
 3.33688,0.1391845
 3.33800,0.1390529
 3.33912,0.1387635
 3.34024,0.1374315
 3.34136,0.1369359
 3.34248,0.1379609
 3.34360,0.1378426
 3.34472,0.1370448
 3.34584,0.1379965
 3.34696,0.1390267
 3.34808,0.1377050
 3.34920,0.1365410
 3.35032,0.1364292
 3.35144,0.1364245
 3.35256,0.1365123
 3.35368,0.1372332
 3.35480,0.1380103
 3.35592,0.1371466
 3.35704,0.1362258
 3.35816,0.1361852
 3.35928,0.1362432
 3.36040,0.1363591
 3.36152,0.1373766
 3.36264,0.1388013
 3.36376,0.1376980
 3.36488,0.1361077
 3.36600,0.1360578
 3.36712,0.1366182
 3.36824,0.1381147
 3.36936,0.1380283
 3.37048,0.1362095
 3.37160,0.1357057
 3.37272,0.1358227
 3.37384,0.1356256
 3.37496,0.1354359
 3.37608,0.1355594
 3.37720,0.1357223
 3.37832,0.1359018
 3.37944,0.1361339
 3.38056,0.1364488
 3.38168,0.1376352
 3.38280,0.1389365
 3.38392,0.1384567
 3.38504,0.1375450
 3.38616,0.1363714
 3.38728,0.1355737
 3.38840,0.1354293
 3.38952,0.1357392
 3.39064,0.1364072
 3.39176,0.1374317
 3.39288,0.1384157
 3.39400,0.1382578
 3.39512,0.1377213
 3.39624,0.1366521
 3.39736,0.1359426
 3.39848,0.1358521
 3.39960,0.1367315
 3.40072,0.1382225
 3.40184,0.1379222
 3.40296,0.1370024
 3.40408,0.1364133
 3.40520,0.1359440
 3.40632,0.1356632
 3.40744,0.1354566
 3.40856,0.1353484
 3.40968,0.1352645
 3.41080,0.1352025
 3.41192,0.1352244
 3.41304,0.1352949
 3.41416,0.1354762
 3.41528,0.1356577
 3.41640,0.1357572
 3.41752,0.1364481
 3.41864,0.1382692
 3.41976,0.1381717
 3.42088,0.1362648
 3.42200,0.1354763
 3.42312,0.1353102
 3.42424,0.1359431
 3.42536,0.1366129
 3.42648,0.1365384
 3.42760,0.1370242
 3.42872,0.1390519
 3.42984,0.1391134
 3.43096,0.1366535
 3.43208,0.1356405
 3.43320,0.1355446
 3.43432,0.1355023
 3.43544,0.1356042
 3.43656,0.1365060
 3.43768,0.1371065
 3.43880,0.1362622
 3.43992,0.1358315
 3.44104,0.1363332
 3.44216,0.1365207
 3.44328,0.1364212
 3.44440,0.1369270
 3.44552,0.1375955
 3.44664,0.1367807
 3.44776,0.1358374
 3.44888,0.1362890
 3.45000,0.1365861
 3.45112,0.1359122
 3.45224,0.1357028
 3.45336,0.1362823
 3.45448,0.1364329
 3.45560,0.1362339
 3.45672,0.1360373
 3.45784,0.1358412
 3.45896,0.1356398
 3.46008,0.1354836
 3.46120,0.1355466
 3.46232,0.1358642
 3.46344,0.1367788
 3.46456,0.1370468
 3.46568,0.1363032
 3.46680,0.1360009
 3.46792,0.1360696
 3.46904,0.1362524
 3.47016,0.1364234
 3.47128,0.1359586
 3.47240,0.1354250
 3.47352,0.1353706
 3.47464,0.1357400
 3.47576,0.1371576
 3.47688,0.1375991
 3.47800,0.1362719
 3.47912,0.1355358
 3.48024,0.1353925
 3.48136,0.1359198
 3.48248,0.1367167
 3.48360,0.1362775
 3.48472,0.1355189
 3.48584,0.1352171
 3.48696,0.1351467
 3.48808,0.1356219
 3.48920,0.1360745
 3.49032,0.1363699
 3.49144,0.1364825
 3.49256,0.1363694
 3.49368,0.1362561
 3.49480,0.1361607
 3.49592,0.1364878
 3.49704,0.1369520
 3.49816,0.1369701
 3.49928,0.1368001
 3.50040,0.1362451
 3.50152,0.1358390
 3.50264,0.1360867
 3.50376,0.1362079
 3.50488,0.1359887
 3.50600,0.1363362
 3.50712,0.1373462
 3.50824,0.1371952
 3.50936,0.1362809
 3.51048,0.1359720
 3.51160,0.1359119
 3.51272,0.1358272
 3.51384,0.1357269
 3.51496,0.1355773
 3.51608,0.1357096
 3.51720,0.1368168
 3.51832,0.1373738
 3.51944,0.1366086
 3.52056,0.1364967
 3.52168,0.1372956
 3.52280,0.1371560
 3.52392,0.1363120
 3.52504,0.1367372
 3.52616,0.1376531
 3.52728,0.1368209
 3.52840,0.1355976
 3.52952,0.1354527
 3.53064,0.1355158
 3.53176,0.1355693
 3.53288,0.1356033
 3.53400,0.1355867
 3.53512,0.1356887
 3.53624,0.1360028
 3.53736,0.1364199
 3.53848,0.1369410
 3.53960,0.1367370
 3.54072,0.1360514
 3.54184,0.1358837
 3.54296,0.1359648
 3.54408,0.1362575
 3.54520,0.1366173
 3.54632,0.1370003
 3.54744,0.1372204
 3.54856,0.1367141
 3.54968,0.1361437
 3.55080,0.1356307
 3.55192,0.1353514
 3.55304,0.1355130
 3.55416,0.1356340
 3.55528,0.1356902
 3.55640,0.1356605
 3.55752,0.1355713
 3.55864,0.1358663
 3.55976,0.1363273
 3.56088,0.1361428
 3.56200,0.1358075
 3.56312,0.1362501
 3.56424,0.1366960
 3.56536,0.1360743
 3.56648,0.1354521
 3.56760,0.1354713
 3.56872,0.1355984
 3.56984,0.1358422
 3.57096,0.1358773
 3.57208,0.1355313
 3.57320,0.1353350
 3.57432,0.1353298
 3.57544,0.1357931
 3.57656,0.1366159
 3.57768,0.1363431
 3.57880,0.1354963
 3.57992,0.1355165
 3.58104,0.1358490
 3.58216,0.1358902
 3.58328,0.1358292
 3.58440,0.1356162
 3.58552,0.1353948
 3.58664,0.1352667
 3.58776,0.1352141
 3.58888,0.1353700
 3.59000,0.1354803
 3.59112,0.1354486
 3.59224,0.1353650
 3.59336,0.1352043
 3.59448,0.1352725
 3.59560,0.1356093
 3.59672,0.1358011
 3.59784,0.1358720
 3.59896,0.1357869
 3.60008,0.1356148
 3.60120,0.1355233
 3.60232,0.1354584
 3.60344,0.1352963
 3.60456,0.1351390
 3.60568,0.1352779
 3.60680,0.1355273
 3.60792,0.1360287
 3.60904,0.1363604
 3.61016,0.1358222
 3.61128,0.1355580
 3.61240,0.1364094
 3.61352,0.1367358
 3.61464,0.1357007
 3.61576,0.1350996
 3.61688,0.1353224
 3.61800,0.1354387
 3.61912,0.1354048
 3.62024,0.1354584
 3.62136,0.1355911
 3.62248,0.1355590
 3.62360,0.1354179
 3.62472,0.1353953
 3.62584,0.1354321
 3.62696,0.1354413
 3.62808,0.1354276
 3.62920,0.1352641
 3.63032,0.1350824
 3.63144,0.1351259
 3.63256,0.1352720
 3.63368,0.1357289
 3.63480,0.1360830
 3.63592,0.1357150
 3.63704,0.1354336
 3.63816,0.1357881
 3.63928,0.1360306
 3.64040,0.1358001
 3.64152,0.1356051
 3.64264,0.1355500
 3.64376,0.1354832
 3.64488,0.1353877
 3.64600,0.1353106
 3.64712,0.1352590
 3.64824,0.1352977
 3.64936,0.1354297
 3.65048,0.1354920
 3.65160,0.1354967
 3.65272,0.1353429
 3.65384,0.1350920
 3.65496,0.1349934
 3.65608,0.1349743
 3.65720,0.1350054
 3.65832,0.1350569
 3.65944,0.1351081
 3.66056,0.1351503
 3.66168,0.1351006
 3.66280,0.1350491
 3.66392,0.1351774
 3.66504,0.1353366
 3.66616,0.1354475
 3.66728,0.1355007
 3.66840,0.1353045
 3.66952,0.1350979
 3.67064,0.1349885
 3.67176,0.1349097
 3.67288,0.1348993
 3.67400,0.1349575
 3.67512,0.1351904
 3.67624,0.1355653
 3.67736,0.1362435
 3.67848,0.1363695
 3.67960,0.1353971
 3.68072,0.1348514
 3.68184,0.1350529
 3.68296,0.1351185
 3.68408,0.1349815
 3.68520,0.1350223
 3.68632,0.1352686
 3.68744,0.1355970
 3.68856,0.1360028
 3.68968,0.1359155
 3.69080,0.1354351
 3.69192,0.1350960
 3.69304,0.1348556
 3.69416,0.1347743
 3.69528,0.1347855
 3.69640,0.1348033
 3.69752,0.1348248
 3.69864,0.1348545
 3.69976,0.1348849
 3.70088,0.1348558
 3.70200,0.1348091
 3.70312,0.1348415
 3.70424,0.1349027
 3.70536,0.1349930
 3.70648,0.1351088
 3.70760,0.1353975
 3.70872,0.1356566
 3.70984,0.1352713
 3.71096,0.1348158
 3.71208,0.1349353
 3.71320,0.1351879
 3.71432,0.1355502
 3.71544,0.1358345
 3.71656,0.1355632
 3.71768,0.1352288
 3.71880,0.1350190
 3.71992,0.1348709
 3.72104,0.1349225
 3.72216,0.1350042
 3.72328,0.1351099
 3.72440,0.1351657
 3.72552,0.1350277
 3.72664,0.1348802
 3.72776,0.1347623
 3.72888,0.1346821
 3.73000,0.1347125
 3.73112,0.1347331
 3.73224,0.1347035
 3.73336,0.1347215
 3.73448,0.1348752
 3.73560,0.1349700
 3.73672,0.1349031
 3.73784,0.1348655
 3.73896,0.1349120
 3.74008,0.1349260
 3.74120,0.1348622
 3.74232,0.1347717
 3.74344,0.1346324
 3.74456,0.1347067
 3.74568,0.1351929
 3.74680,0.1353404
 3.74792,0.1348495
 3.74904,0.1345725
 3.75016,0.1346935
 3.75128,0.1352358
 3.75240,0.1364687
 3.75352,0.1367117
 3.75464,0.1353615
 3.75576,0.1346447
 3.75688,0.1349365
 3.75800,0.1350498
 3.75912,0.1348797
 3.76024,0.1347502
 3.76136,0.1346835
 3.76248,0.1348140
 3.76360,0.1352201
 3.76472,0.1352703
 3.76584,0.1348268
 3.76696,0.1345839
 3.76808,0.1346173
 3.76920,0.1346562
 3.77032,0.1347006
 3.77144,0.1347300
 3.77256,0.1347394
 3.77368,0.1348329
 3.77480,0.1350387
 3.77592,0.1351114
 3.77704,0.1350057
 3.77816,0.1349155
 3.77928,0.1348472
 3.78040,0.1348006
 3.78152,0.1347830
 3.78264,0.1347557
 3.78376,0.1347151
 3.78488,0.1347066
 3.78600,0.1347425
 3.78712,0.1349061
 3.78824,0.1352515
 3.78936,0.1354102
 3.79048,0.1352967
 3.79160,0.1350818
 3.79272,0.1347188
 3.79384,0.1345614
 3.79496,0.1347232
 3.79608,0.1347964
 3.79720,0.1347230
 3.79832,0.1346960
 3.79944,0.1347496
 3.80056,0.1347561
 3.80168,0.1346783
 3.80280,0.1346154
 3.80392,0.1345833
 3.80504,0.1346550
 3.80616,0.1349242
 3.80728,0.1350197
 3.80840,0.1347515
 3.80952,0.1345865
 3.81064,0.1346677
 3.81176,0.1347034
 3.81288,0.1346126
 3.81400,0.1345608
 3.81512,0.1346201
 3.81624,0.1346773
 3.81736,0.1347146
 3.81848,0.1346999
 3.81960,0.1345355
 3.82072,0.1344041
 3.82184,0.1344079
 3.82296,0.1344550
 3.82408,0.1346157
 3.82520,0.1347197
 3.82632,0.1345747
 3.82744,0.1344737
 3.82856,0.1346578
 3.82968,0.1348087
 3.83080,0.1346586
 3.83192,0.1345091
 3.83304,0.1345610
 3.83416,0.1346308
 3.83528,0.1346355
 3.83640,0.1346222
 3.83752,0.1345592
 3.83864,0.1345047
 3.83976,0.1345852
 3.84088,0.1347112
 3.84200,0.1349942
 3.84312,0.1352541
 3.84424,0.1348695
 3.84536,0.1343588
 3.84648,0.1344672
 3.84760,0.1347430
 3.84872,0.1346480
 3.84984,0.1344286
 3.85096,0.1343747
 3.85208,0.1343926
 3.85320,0.1345621
 3.85432,0.1347954
 3.85544,0.1347547
 3.85656,0.1345679
 3.85768,0.1344696
 3.85880,0.1344270
 3.85992,0.1345137
 3.86104,0.1346940
 3.86216,0.1347078
 3.86328,0.1345767
 3.86440,0.1346249
 3.86552,0.1348590
 3.86664,0.1348229
 3.86776,0.1344492
 3.86888,0.1343436
 3.87000,0.1346402
 3.87112,0.1347481
 3.87224,0.1345086
 3.87336,0.1343228
 3.87448,0.1342646
 3.87560,0.1342848
 3.87672,0.1344925
 3.87784,0.1347582
 3.87896,0.1351723
 3.88008,0.1353867
 3.88120,0.1348124
 3.88232,0.1342886
 3.88344,0.1343400
 3.88456,0.1344433
 3.88568,0.1344383
 3.88680,0.1344046
 3.88792,0.1342874
 3.88904,0.1342146
 3.89016,0.1347246
 3.89128,0.1353181
 3.89240,0.1350909
 3.89352,0.1346248
 3.89464,0.1344718
 3.89576,0.1344392
 3.89688,0.1344023
 3.89800,0.1343653
 3.89912,0.1344505
 3.90024,0.1346078
 3.90136,0.1345444
 3.90248,0.1343159
 3.90360,0.1343118
 3.90472,0.1345281
 3.90584,0.1348462
 3.90696,0.1352937
 3.90808,0.1353252
 3.90920,0.1346835
 3.91032,0.1342758
 3.91144,0.1343710
 3.91256,0.1343914
 3.91368,0.1341706
 3.91480,0.1340775
 3.91592,0.1344742
 3.91704,0.1347922
 3.91816,0.1345696
 3.91928,0.1343386
 3.92040,0.1344549
 3.92152,0.1345952
 3.92264,0.1344404
 3.92376,0.1342370
 3.92488,0.1342568
 3.92600,0.1343394
 3.92712,0.1343519
 3.92824,0.1343384
 3.92936,0.1343844
 3.93048,0.1344600
 3.93160,0.1343518
 3.93272,0.1341168
 3.93384,0.1340022
 3.93496,0.1340017
 3.93608,0.1341242
 3.93720,0.1344080
 3.93832,0.1345247
 3.93944,0.1343435
 3.94056,0.1342007
 3.94168,0.1341628
 3.94280,0.1341977
 3.94392,0.1344524
 3.94504,0.1347946
 3.94616,0.1354499
 3.94728,0.1359494
 3.94840,0.1352268
 3.94952,0.1343593
 3.95064,0.1341589
 3.95176,0.1341314
 3.95288,0.1342044
 3.95400,0.1343100
 3.95512,0.1343675
 3.95624,0.1344005
 3.95736,0.1342691
 3.95848,0.1340278
 3.95960,0.1340103
 3.96072,0.1342049
 3.96184,0.1343160
 3.96296,0.1343120
 3.96408,0.1343061
 3.96520,0.1342982
 3.96632,0.1343029
 3.96744,0.1343433
 3.96856,0.1343676
 3.96968,0.1343199
 3.97080,0.1342694
 3.97192,0.1342462
 3.97304,0.1342339
 3.97416,0.1342819
 3.97528,0.1343385
 3.97640,0.1343007
 3.97752,0.1342327
 3.97864,0.1342553
 3.97976,0.1343230
 3.98088,0.1343922
 3.98200,0.1344626
 3.98312,0.1344191
 3.98424,0.1342469
 3.98536,0.1343110
 3.98648,0.1347697
 3.98760,0.1349535
 3.98872,0.1344399
 3.98984,0.1340945
 3.99096,0.1344811
 3.99208,0.1348470
 3.99320,0.1347226
 3.99432,0.1345307
 3.99544,0.1344165
 3.99656,0.1343175
 3.99768,0.1341565
 3.99880,0.1339765
 3.99992,0.1339573
 4.00104,0.1340260
 4.00216,0.1341071
 4.00328,0.1341987
 4.00440,0.1343819
 4.00552,0.1346853
 4.00664,0.1347793
 4.00776,0.1344457
 4.00888,0.1341523
 4.01000,0.1340239
 4.01112,0.1339363
 4.01224,0.1339894
 4.01336,0.1340604
 4.01448,0.1341242
 4.01560,0.1341764
 4.01672,0.1340764
 4.01784,0.1339279
 4.01896,0.1339342
 4.02008,0.1340239
 4.02120,0.1341586
 4.02232,0.1343311
 4.02344,0.1344148
 4.02456,0.1343739
 4.02568,0.1344471
 4.02680,0.1347771
 4.02792,0.1349446
 4.02904,0.1345050
 4.03016,0.1341020
 4.03128,0.1342181
 4.03240,0.1343904
 4.03352,0.1342715
 4.03464,0.1340838
 4.03576,0.1341364
 4.03688,0.1342913
 4.03800,0.1343773
 4.03912,0.1344149
 4.04024,0.1345455
 4.04136,0.1347847
 4.04248,0.1347860
 4.04360,0.1343240
 4.04472,0.1339931
 4.04584,0.1341156
 4.04696,0.1342561
 4.04808,0.1343156
 4.04920,0.1343526
 4.05032,0.1342838
 4.05144,0.1341840
 4.05256,0.1339969
 4.05368,0.1337761
 4.05480,0.1340995
 4.05592,0.1348111
 4.05704,0.1349714
 4.05816,0.1344422
 4.05928,0.1344516
 4.06040,0.1356137
 4.06152,0.1363135
 4.06264,0.1352181
 4.06376,0.1341045
 4.06488,0.1338910
 4.06600,0.1338507
 4.06712,0.1340094
 4.06824,0.1342259
 4.06936,0.1342860
 4.07048,0.1342645
 4.07160,0.1343603
 4.07272,0.1345655
 4.07384,0.1346072
 4.07496,0.1343762
 4.07608,0.1342360
 4.07720,0.1343661
 4.07832,0.1344516
 4.07944,0.1342284
 4.08056,0.1340101
 4.08168,0.1342686
 4.08280,0.1346312
 4.08392,0.1344452
 4.08504,0.1340065
 4.08616,0.1338664
 4.08728,0.1339690
 4.08840,0.1339904
 4.08952,0.1338885
 4.09064,0.1338529
 4.09176,0.1340010
 4.09288,0.1341960
 4.09400,0.1345687
 4.09512,0.1349186
 4.09624,0.1348028
 4.09736,0.1345723
 4.09848,0.1344972
 4.09960,0.1344949
 4.10072,0.1343663
 4.10184,0.1341296
 4.10296,0.1339945
 4.10408,0.1340260
 4.10520,0.1340497
 4.10632,0.1340425
 4.10744,0.1341277
 4.10856,0.1347501
 4.10968,0.1353903
 4.11080,0.1351673
 4.11192,0.1346860
 4.11304,0.1345142
 4.11416,0.1345166
 4.11528,0.1345960
 4.11640,0.1347596
 4.11752,0.1348928
 4.11864,0.1349631
 4.11976,0.1350495
 4.12088,0.1352055
 4.12200,0.1353069
 4.12312,0.1349174
 4.12424,0.1344343
 4.12536,0.1342267
 4.12648,0.1341335
 4.12760,0.1340430
 4.12872,0.1339545
 4.12984,0.1340063
 4.13096,0.1342814
 4.13208,0.1344007
 4.13320,0.1340404
 4.13432,0.1338228
 4.13544,0.1346770
 4.13656,0.1356242
 4.13768,0.1352012
 4.13880,0.1343179
 4.13992,0.1341482
 4.14104,0.1344559
 4.14216,0.1345599
 4.14328,0.1343873
 4.14440,0.1344625
 4.14552,0.1352051
 4.14664,0.1357398
 4.14776,0.1349546
 4.14888,0.1340469
 4.15000,0.1341240
 4.15112,0.1345038
 4.15224,0.1346135
 4.15336,0.1345535
 4.15448,0.1345239
 4.15560,0.1345340
 4.15672,0.1344825
 4.15784,0.1342658
 4.15896,0.1342319
 4.16008,0.1352518
 4.16120,0.1363324
 4.16232,0.1359895
 4.16344,0.1351855
 4.16456,0.1346144
 4.16568,0.1341966
 4.16680,0.1339945
 4.16792,0.1340996
 4.16904,0.1345206
 4.17016,0.1358608
 4.17128,0.1369794
 4.17240,0.1363181
 4.17352,0.1354053
 4.17464,0.1356444
 4.17576,0.1363173
 4.17688,0.1360624
 4.17800,0.1350657
 4.17912,0.1343758
 4.18024,0.1342223
 4.18136,0.1341642
 4.18248,0.1344230
 4.18360,0.1346695
 4.18472,0.1345538
 4.18584,0.1343607
 4.18696,0.1343609
 4.18808,0.1344545
 4.18920,0.1344305
 4.19032,0.1342781
 4.19144,0.1343539
 4.19256,0.1349710
 4.19368,0.1356087
 4.19480,0.1362344
 4.19592,0.1367788
 4.19704,0.1361854
 4.19816,0.1352262
 4.19928,0.1349257
 4.20040,0.1350952
 4.20152,0.1355564
 4.20264,0.1364968
 4.20376,0.1372444
 4.20488,0.1372759
 4.20600,0.1371407
 4.20712,0.1361014
 4.20824,0.1348695
 4.20936,0.1344025
 4.21048,0.1343346
 4.21160,0.1344436
 4.21272,0.1347704
 4.21384,0.1350047
 4.21496,0.1349826
 4.21608,0.1350219
 4.21720,0.1355529
 4.21832,0.1361354
 4.21944,0.1359183
 4.22056,0.1353741
 4.22168,0.1350421
 4.22280,0.1349114
 4.22392,0.1350238
 4.22504,0.1356787
 4.22616,0.1361818
 4.22728,0.1357890
 4.22840,0.1352875
 4.22952,0.1351155
 4.23064,0.1350593
 4.23176,0.1349811
 4.23288,0.1348851
 4.23400,0.1348175
 4.23512,0.1348061
 4.23624,0.1348218
 4.23736,0.1349561
 4.23848,0.1351308
 4.23960,0.1356506
 4.24072,0.1362799
 4.24184,0.1370350
 4.24296,0.1378843
 4.24408,0.1380697
 4.24520,0.1370015
 4.24632,0.1359764
 4.24744,0.1352772
 4.24856,0.1347095
 4.24968,0.1353915
 4.25080,0.1364633
 4.25192,0.1366024
 4.25304,0.1360431
 4.25416,0.1356661
 4.25528,0.1356385
 4.25640,0.1357271
 4.25752,0.1363154
 4.25864,0.1369225
 4.25976,0.1368831
 4.26088,0.1366302
 4.26200,0.1364197
 4.26312,0.1362438
 4.26424,0.1362365
 4.26536,0.1365834
 4.26648,0.1368982
 4.26760,0.1369873
 4.26872,0.1370405
 4.26984,0.1370320
 4.27096,0.1370000
 4.27208,0.1371304
 4.27320,0.1374177
 4.27432,0.1372937
 4.27544,0.1361488
 4.27656,0.1352012
 4.27768,0.1358351
 4.27880,0.1367488
 4.27992,0.1375717
 4.28104,0.1383527
 4.28216,0.1382065
 4.28328,0.1369200
 4.28440,0.1358560
 4.28552,0.1354949
 4.28664,0.1352799
 4.28776,0.1359410
 4.28888,0.1367965
 4.29000,0.1364622
 4.29112,0.1354038
 4.29224,0.1352149
 4.29336,0.1364997
 4.29448,0.1375367
 4.29560,0.1373933
 4.29672,0.1371035
 4.29784,0.1366708
 4.29896,0.1361905
 4.30008,0.1363363
 4.30120,0.1370358
 4.30232,0.1373680
 4.30344,0.1368015
 4.30456,0.1363143
 4.30568,0.1366452
 4.30680,0.1371309
 4.30792,0.1376441
 4.30904,0.1381710
 4.31016,0.1380980
 4.31128,0.1371703
 4.31240,0.1363543
 4.31352,0.1359895
 4.31464,0.1356927
 4.31576,0.1357041
 4.31688,0.1358120
 4.31800,0.1370131
 4.31912,0.1391178
 4.32024,0.1402130
 4.32136,0.1389148
 4.32248,0.1378268
 4.32360,0.1388681
 4.32472,0.1402509
 4.32584,0.1392334
 4.32696,0.1369634
 4.32808,0.1359636
 4.32920,0.1369224
 4.33032,0.1376426
 4.33144,0.1372504
 4.33256,0.1367646
 4.33368,0.1368135
 4.33480,0.1370502
 4.33592,0.1368879
 4.33704,0.1363268
 4.33816,0.1361106
 4.33928,0.1368906
 4.34040,0.1376102
 4.34152,0.1372007
 4.34264,0.1365240
 4.34376,0.1365276
 4.34488,0.1370011
 4.34600,0.1372934
 4.34712,0.1372052
 4.34824,0.1370750
 4.34936,0.1367590
 4.35048,0.1364182
 4.35160,0.1363468
 4.35272,0.1364117
 4.35384,0.1362446
 4.35496,0.1357197
 4.35608,0.1352747
 4.35720,0.1352065
 4.35832,0.1352293
 4.35944,0.1361355
 4.36056,0.1373820
 4.36168,0.1377440
 4.36280,0.1370546
 4.36392,0.1368542
 4.36504,0.1383605
 4.36616,0.1398494
 4.36728,0.1391845
 4.36840,0.1378507
 4.36952,0.1373496
 4.37064,0.1376238
 4.37176,0.1375627
 4.37288,0.1365325
 4.37400,0.1356120
 4.37512,0.1363957
 4.37624,0.1376154
 4.37736,0.1380647
 4.37848,0.1379182
 4.37960,0.1376754
 4.38072,0.1371938
 4.38184,0.1367330
 4.38296,0.1365376
 4.38408,0.1364009
 4.38520,0.1362065
 4.38632,0.1359730
 4.38744,0.1360984
 4.38856,0.1370247
 4.38968,0.1377633
 4.39080,0.1369043
 4.39192,0.1357434
 4.39304,0.1361601
 4.39416,0.1375673
 4.39528,0.1383122
 4.39640,0.1376876
 4.39752,0.1371011
 4.39864,0.1370585
 4.39976,0.1371164
 4.40088,0.1370368
 4.40200,0.1368734
 4.40312,0.1367947
 4.40424,0.1368882
 4.40536,0.1369868
 4.40648,0.1370850
 4.40760,0.1371883
 4.40872,0.1376485
 4.40984,0.1383260
 4.41096,0.1383901
 4.41208,0.1371665
 4.41320,0.1360579
 4.41432,0.1360328
 4.41544,0.1362155
 4.41656,0.1364162
 4.41768,0.1366281
 4.41880,0.1366895
 4.41992,0.1364152
 4.42104,0.1362369
 4.42216,0.1369036
 4.42328,0.1377439
 4.42440,0.1378520
 4.42552,0.1374464
 4.42664,0.1370653
 4.42776,0.1367447
 4.42888,0.1364587
 4.43000,0.1364654
 4.43112,0.1365434
 4.43224,0.1368464
 4.43336,0.1373325
 4.43448,0.1375010
 4.43560,0.1367661
 4.43672,0.1361223
 4.43784,0.1371534
 4.43896,0.1386588
 4.44008,0.1385737
 4.44120,0.1369274
 4.44232,0.1357867
 4.44344,0.1364037
 4.44456,0.1371493
 4.44568,0.1375536
 4.44680,0.1378398
 4.44792,0.1379001
 4.44904,0.1376780
 4.45016,0.1374655
 4.45128,0.1372981
 4.45240,0.1371539
 4.45352,0.1374750
 4.45464,0.1380014
 4.45576,0.1379026
 4.45688,0.1367612
 4.45800,0.1358535
 4.45912,0.1364184
 4.46024,0.1372110
 4.46136,0.1371257
 4.46248,0.1365145
 4.46360,0.1367570
 4.46472,0.1389340
 4.46584,0.1407853
 4.46696,0.1391182
 4.46808,0.1366330
 4.46920,0.1374029
 4.47032,0.1409564
 4.47144,0.1429276
 4.47256,0.1398097
 4.47368,0.1364866
 4.47480,0.1359364
 4.47592,0.1363306
 4.47704,0.1366228
 4.47816,0.1367809
 4.47928,0.1369267
 4.48040,0.1370158
 4.48152,0.1370926
 4.48264,0.1369839
 4.48376,0.1367815
 4.48488,0.1367551
 4.48600,0.1370819
 4.48712,0.1374009
 4.48824,0.1375750
 4.48936,0.1377180
 4.49048,0.1380759
 4.49160,0.1386086
 4.49272,0.1388761
 4.49384,0.1382910
 4.49496,0.1376322
 4.49608,0.1368181
 4.49720,0.1359485
 4.49832,0.1358218
 4.49944,0.1367532
 4.50056,0.1374641
 4.50168,0.1369208
 4.50280,0.1361969
 4.50392,0.1361410
 4.50504,0.1364854
 4.50616,0.1368593
 4.50728,0.1373053
 4.50840,0.1377183
 4.50952,0.1377247
 4.51064,0.1376177
 4.51176,0.1390322
 4.51288,0.1421364
 4.51400,0.1440704
 4.51512,0.1409158
 4.51624,0.1372489
 4.51736,0.1363521
 4.51848,0.1368358
 4.51960,0.1373975
 4.52072,0.1381233
 4.52184,0.1387137
 4.52296,0.1379872
 4.52408,0.1369373
 4.52520,0.1364351
 4.52632,0.1364708
 4.52744,0.1364822
 4.52856,0.1363945
 4.52968,0.1363276
 4.53080,0.1372516
 4.53192,0.1386470
 4.53304,0.1391340
 4.53416,0.1377701
 4.53528,0.1364998
 4.53640,0.1365856
 4.53752,0.1369991
 4.53864,0.1369522
 4.53976,0.1364366
 4.54088,0.1360044
 4.54200,0.1359279
 4.54312,0.1359050
 4.54424,0.1363905
 4.54536,0.1371370
 4.54648,0.1375849
 4.54760,0.1373668
 4.54872,0.1371864
 4.54984,0.1376878
 4.55096,0.1383763
 4.55208,0.1383879
 4.55320,0.1375949
 4.55432,0.1369234
 4.55544,0.1368713
 4.55656,0.1369057
 4.55768,0.1369967
 4.55880,0.1371233
 4.55992,0.1373319
 4.56104,0.1377668
 4.56216,0.1381795
 4.56328,0.1380184
 4.56440,0.1376556
 4.56552,0.1374557
 4.56664,0.1375151
 4.56776,0.1375625
 4.56888,0.1374989
 4.57000,0.1374131
 4.57112,0.1372661
 4.57224,0.1370658
 4.57336,0.1368455
 4.57448,0.1365459
 4.57560,0.1362498
 4.57672,0.1363791
 4.57784,0.1367236
 4.57896,0.1370362
 4.58008,0.1372741
 4.58120,0.1374733
 4.58232,0.1372136
 4.58344,0.1368137
 4.58456,0.1367154
 4.58568,0.1370469
 4.58680,0.1373146
 4.58792,0.1371424
 4.58904,0.1368900
 4.59016,0.1365590
 4.59128,0.1361631
 4.59240,0.1359317
 4.59352,0.1363486
 4.59464,0.1368173
 4.59576,0.1366965
 4.59688,0.1362683
 4.59800,0.1360511
 4.59912,0.1363579
 4.60024,0.1367297
 4.60136,0.1377103
 4.60248,0.1388953
 4.60360,0.1389828
 4.60472,0.1372683
 4.60584,0.1357654
 4.60696,0.1361871
 4.60808,0.1370304
 4.60920,0.1371888
 4.61032,0.1366246
 4.61144,0.1362717
 4.61256,0.1369854
 4.61368,0.1378426
 4.61480,0.1381598
 4.61592,0.1381042
 4.61704,0.1380451
 4.61816,0.1379744
 4.61928,0.1379459
 4.62040,0.1392714
 4.62152,0.1412410
 4.62264,0.1419447
 4.62376,0.1396452
 4.62488,0.1373050
 4.62600,0.1363114
 4.62712,0.1357769
 4.62824,0.1355184
 4.62936,0.1357273
 4.63048,0.1359567
 4.63160,0.1363027
 4.63272,0.1366770
 4.63384,0.1374034
 4.63496,0.1385627
 4.63608,0.1394623
 4.63720,0.1387414
 4.63832,0.1377414
 4.63944,0.1370779
 4.64056,0.1367125
 4.64168,0.1365924
 4.64280,0.1375740
 4.64392,0.1386866
 4.64504,0.1395972
 4.64616,0.1403747
 4.64728,0.1406414
 4.64840,0.1391871
 4.64952,0.1376159
 4.65064,0.1368639
 4.65176,0.1365198
 4.65288,0.1361684
 4.65400,0.1357980
 4.65512,0.1354924
 4.65624,0.1365881
 4.65736,0.1382479
 4.65848,0.1389298
 4.65960,0.1375253
 4.66072,0.1361106
 4.66184,0.1355114
 4.66296,0.1351739
 4.66408,0.1350175
 4.66520,0.1351729
 4.66632,0.1353281
 4.66744,0.1354266
 4.66856,0.1355103
 4.66968,0.1361204
 4.67080,0.1374803
 4.67192,0.1387131
 4.67304,0.1388707
 4.67416,0.1387928
 4.67528,0.1386486
 4.67640,0.1384257
 4.67752,0.1381014
 4.67864,0.1371004
 4.67976,0.1359744
 4.68088,0.1361900
 4.68200,0.1377460
 4.68312,0.1388725
 4.68424,0.1375968
 4.68536,0.1359504
 4.68648,0.1359003
 4.68760,0.1372395
 4.68872,0.1382693
 4.68984,0.1377642
 4.69096,0.1370509
 4.69208,0.1364851
 4.69320,0.1360353
 4.69432,0.1356385
 4.69544,0.1354791
 4.69656,0.1353513
 4.69768,0.1356568
 4.69880,0.1362713
 4.69992,0.1369812
 4.70104,0.1380862
 4.70216,0.1392220
 4.70328,0.1390981
 4.70440,0.1381314
 4.70552,0.1376587
 4.70664,0.1391025
 4.70776,0.1407101
 4.70888,0.1400038
 4.71000,0.1378215
 4.71112,0.1360328
 4.71224,0.1357240
 4.71336,0.1355622
 4.71448,0.1357918
 4.71560,0.1362632
 4.71672,0.1367465
 4.71784,0.1372734
 4.71896,0.1377928
 4.72008,0.1374626
 4.72120,0.1366073
 4.72232,0.1359125
 4.72344,0.1358111
 4.72456,0.1357683
 4.72568,0.1359614
 4.72680,0.1363028
 4.72792,0.1367046
 4.72904,0.1373373
 4.73016,0.1379850
 4.73128,0.1379029
 4.73240,0.1373404
 4.73352,0.1370740
 4.73464,0.1379921
 4.73576,0.1390245
 4.73688,0.1389187
 4.73800,0.1380270
 4.73912,0.1372065
 4.74024,0.1366946
 4.74136,0.1362208
 4.74248,0.1362714
 4.74360,0.1367209
 4.74472,0.1369955
 4.74584,0.1364461
 4.74696,0.1357922
 4.74808,0.1357145
 4.74920,0.1361212
 4.75032,0.1364540
 4.75144,0.1363884
 4.75256,0.1362634
 4.75368,0.1362367
 4.75480,0.1363048
 4.75592,0.1363171
 4.75704,0.1359822
 4.75816,0.1355874
 4.75928,0.1363396
 4.76040,0.1383657
 4.76152,0.1400532
 4.76264,0.1391978
 4.76376,0.1378211
 4.76488,0.1369287
 4.76600,0.1366828
 4.76712,0.1365403
 4.76824,0.1373362
 4.76936,0.1383624
 4.77048,0.1396746
 4.77160,0.1414493
 4.77272,0.1429510
 4.77384,0.1410201
 4.77496,0.1380708
 4.77608,0.1365921
 4.77720,0.1380203
 4.77832,0.1394041
 4.77944,0.1386051
 4.78056,0.1370031
 4.78168,0.1360087
 4.78280,0.1365234
 4.78392,0.1370863
 4.78504,0.1369639
 4.78616,0.1365203
 4.78728,0.1365718
 4.78840,0.1381906
 4.78952,0.1398957
 4.79064,0.1397228
 4.79176,0.1384249
 4.79288,0.1374800
 4.79400,0.1379717
 4.79512,0.1386130
 4.79624,0.1380619
 4.79736,0.1365574
 4.79848,0.1353097
 4.79960,0.1354937
 4.80072,0.1358997
 4.80184,0.1364256
 4.80296,0.1370821
 4.80408,0.1375993
 4.80520,0.1369863
 4.80632,0.1361254
 4.80744,0.1355526
 4.80856,0.1354243
 4.80968,0.1353476
 4.81080,0.1358734
 4.81192,0.1365836
 4.81304,0.1370110
 4.81416,0.1368269
 4.81528,0.1366360
 4.81640,0.1368029
 4.81752,0.1371253
 4.81864,0.1372492
 4.81976,0.1367543
 4.82088,0.1362235
 4.82200,0.1363584
 4.82312,0.1369114
 4.82424,0.1372560
 4.82536,0.1366492
 4.82648,0.1359253
 4.82760,0.1355223
 4.82872,0.1354186
 4.82984,0.1354778
 4.83096,0.1367137
 4.83208,0.1381825
 4.83320,0.1388370
 4.83432,0.1382941
 4.83544,0.1377200
 4.83656,0.1368796
 4.83768,0.1359576
 4.83880,0.1358607
 4.83992,0.1376327
 4.84104,0.1394181
 4.84216,0.1393648
 4.84328,0.1384361
 4.84440,0.1375077
 4.84552,0.1365803
 4.84664,0.1356587
 4.84776,0.1358894
 4.84888,0.1369820
 4.85000,0.1381861
 4.85112,0.1400471
 4.85224,0.1420157
 4.85336,0.1423050
 4.85448,0.1404251
 4.85560,0.1386829
 4.85672,0.1385770
 4.85784,0.1389273
 4.85896,0.1386862
 4.86008,0.1371645
 4.86120,0.1357022
 4.86232,0.1373710
 4.86344,0.1405068
 4.86456,0.1424176
 4.86568,0.1398677
 4.86680,0.1369147
 4.86792,0.1358279
 4.86904,0.1362585
 4.87016,0.1366315
 4.87128,0.1366191
 4.87240,0.1365354
 4.87352,0.1365194
 4.87464,0.1366047
 4.87576,0.1366612
 4.87688,0.1362822
 4.87800,0.1357592
 4.87912,0.1354144
 4.88024,0.1355469
 4.88136,0.1357092
 4.88248,0.1361034
 4.88360,0.1366344
 4.88472,0.1371082
 4.88584,0.1373029
 4.88696,0.1374603
 4.88808,0.1370726
 4.88920,0.1360587
 4.89032,0.1352051
 4.89144,0.1360318
 4.89256,0.1373053
 4.89368,0.1379444
 4.89480,0.1371672
 4.89592,0.1363648
 4.89704,0.1365719
 4.89816,0.1372898
 4.89928,0.1377920
 4.90040,0.1373737
 4.90152,0.1368507
 4.90264,0.1364021
 4.90376,0.1360292
 4.90488,0.1357030
 4.90600,0.1358147
 4.90712,0.1360339
 4.90824,0.1361788
 4.90936,0.1361680
 4.91048,0.1361435
 4.91160,0.1358059
 4.91272,0.1353123
 4.91384,0.1351163
 4.91496,0.1361724
 4.91608,0.1373681
 4.91720,0.1378321
 4.91832,0.1375254
 4.91944,0.1371887
 4.92056,0.1365467
 4.92168,0.1358250
 4.92280,0.1353208
 4.92392,0.1353102
 4.92504,0.1353284
 4.92616,0.1358163
 4.92728,0.1365608
 4.92840,0.1371701
 4.92952,0.1371101
 4.93064,0.1369591
 4.93176,0.1366494
 4.93288,0.1361415
 4.93400,0.1356854
 4.93512,0.1359404
 4.93624,0.1364199
 4.93736,0.1367729
 4.93848,0.1367714
 4.93960,0.1367484
 4.94072,0.1366681
 4.94184,0.1365476
 4.94296,0.1365671
 4.94408,0.1375232
 4.94520,0.1386526
 4.94632,0.1388411
 4.94744,0.1374356
 4.94856,0.1360456
 4.94968,0.1356980
 4.95080,0.1358037
 4.95192,0.1361350
 4.95304,0.1373700
 4.95416,0.1386993
 4.95528,0.1391509
 4.95640,0.1386608
 4.95752,0.1381582
 4.95864,0.1375175
 4.95976,0.1368377
 4.96088,0.1362191
 4.96200,0.1357594
 4.96312,0.1353163
 4.96424,0.1358925
 4.96536,0.1371728
 4.96648,0.1381804
 4.96760,0.1373292
 4.96872,0.1361282
 4.96984,0.1354845
 4.97096,0.1358608
 4.97208,0.1362420
 4.97320,0.1360710
 4.97432,0.1356331
 4.97544,0.1355337
 4.97656,0.1370034
 4.97768,0.1386703
 4.97880,0.1390829
 4.97992,0.1378477
 4.98104,0.1366454
 4.98216,0.1361174
 4.98328,0.1358298
 4.98440,0.1357268
 4.98552,0.1362653
 4.98664,0.1368585
 4.98776,0.1374671
 4.98888,0.1380910
 4.99000,0.1386093
 4.99112,0.1379501
 4.99224,0.1369626
 4.99336,0.1365335
 4.99448,0.1376222
 4.99560,0.1387931
 4.99672,0.1392837
 4.99784,0.1392649
 4.99896,0.1392829
 5.00008,0.1396051
 5.00120,0.1399950
 5.00232,0.1397819
 5.00344,0.1382028
 5.00456,0.1365859
 5.00568,0.1360931
 5.00680,0.1363065
 5.00792,0.1364713
 5.00904,0.1363049
 5.01016,0.1360762
 5.01128,0.1359162
 5.01240,0.1358918
 5.01352,0.1358774
 5.01464,0.1361760
 5.01576,0.1366482
 5.01688,0.1371687
 5.01800,0.1379788
 5.01912,0.1388372
 5.02024,0.1388682
 5.02136,0.1374081
 5.02248,0.1359581
 5.02360,0.1361505
 5.02472,0.1371997
 5.02584,0.1380233
 5.02696,0.1375867
 5.02808,0.1369548
 5.02920,0.1363919
 5.03032,0.1359460
 5.03144,0.1355243
 5.03256,0.1359347
 5.03368,0.1367659
 5.03480,0.1373439
 5.03592,0.1365301
 5.03704,0.1355045
 5.03816,0.1349749
 5.03928,0.1352986
 5.04040,0.1356316
 5.04152,0.1357489
 5.04264,0.1357555
 5.04376,0.1357315
 5.04488,0.1355340
 5.04600,0.1353091
 5.04712,0.1350866
 5.04824,0.1348687
 5.04936,0.1346650
 5.04996,0.1347427
