2072.60390 12.685 0.006
2072.61385 12.659 0.009
2072.62520 12.613 0.011
2072.63380 12.631 0.012
2072.64243 12.605 0.014
2072.65786 12.629 0.011
2072.66651 12.638 0.016
2072.67516 12.630 0.020
2072.68381 12.636 0.013
2072.69247 12.654 0.008
2072.70112 12.630 0.010
2072.73121 12.633 0.009
2072.73982 12.615 0.016
2072.74842 12.691 0.007
2072.75703 12.665 0.008
2072.76565 12.588 0.014
2072.78329 12.647 0.012
2072.79189 12.680 0.008
2072.80052 12.633 0.012
2072.81776 12.635 0.012
2072.82639 12.660 0.014
2072.83592 12.670 0.011
2072.85392 12.640 0.011
2072.86477 12.663 0.011
2072.87336 12.639 0.010
2072.88731 12.654 0.004
2072.89614 12.622 0.008
2072.90474 12.662 0.004
2072.91329 12.674 0.004
2073.58520 12.649 0.007
2073.60056 12.630 0.010
2073.60916 12.673 0.004
2073.61777 12.674 0.004
2073.62639 12.667 0.008
2073.63500 12.670 0.007
2073.64361 12.632 0.012
2073.65242 12.673 0.004
2073.66102 12.651 0.013
2073.67158 12.622 0.013
2073.68050 12.660 0.007
2073.68916 12.696 0.008
2073.72367 12.653 0.018
2073.73313 12.677 0.008
2073.74170 12.645 0.008
2073.75026 12.666 0.013
2073.75886 12.741 0.019
2073.78931 12.678 0.011
2073.81198 12.664 0.010
2073.82778 12.612 0.007
2073.85200 12.682 0.009
2073.86058 12.695 0.007
2073.86917 12.692 0.004
2073.87777 12.669 0.011
2073.88637 12.681 0.004
2073.89988 12.684 0.004
2073.90844 12.691 0.004
2074.57918 12.636 0.013
2074.58778 12.610 0.013
2074.59640 12.692 0.011
2074.60501 12.686 0.012
2074.61365 12.672 0.006
2074.62228 12.687 0.007
2074.63139 12.698 0.007
2074.64000 12.778 0.004
2074.64859 12.712 0.005
2074.65720 12.690 0.008
2074.66587 12.751 0.010
2074.67452 12.688 0.009
2074.68339 12.704 0.018
2074.70572 12.702 0.007
2074.71438 12.685 0.009
2074.72503 12.702 0.014
2074.73419 12.647 0.014
2074.74277 12.656 0.012
2074.76654 12.710 0.016
2074.77515 12.675 0.010
2074.78375 12.681 0.005
2074.79234 12.777 0.007
2074.81086 12.656 0.023
2074.81967 12.610 0.013
2074.82828 12.718 0.016
2074.83689 12.681 0.004
2074.86272 12.654 0.010
2074.87175 12.633 0.012
2074.88032 12.674 0.006
2074.88896 12.655 0.009
2074.89756 12.635 0.009
2074.90619 12.701 0.005
2075.61394 12.693 0.003
2075.62251 12.702 0.004
2075.63115 12.709 0.005
2075.63976 12.691 0.004
2075.65359 12.712 0.004
2075.66800 12.712 0.004
2075.67660 12.734 0.004
2075.68520 12.723 0.005
2075.69384 12.685 0.007
2075.70244 12.761 0.005
2075.71108 12.705 0.005
2075.72012 12.752 0.004
2075.72935 12.703 0.007
2075.73794 12.723 0.004
2075.74651 12.725 0.006
2075.77331 12.688 0.006
2075.78191 12.736 0.004
2075.79051 12.710 0.004
2075.79939 12.733 0.004
2075.80798 12.711 0.004
2075.81659 12.725 0.004
2075.82519 12.690 0.009
2075.83376 12.746 0.005
2075.84641 12.695 0.010
2075.85504 12.711 0.005
2075.86365 12.727 0.004
2075.87222 12.720 0.004
2075.88079 12.711 0.004
2075.88938 12.718 0.004
2076.69245 12.698 0.007
2076.70107 12.710 0.004
2076.70970 12.748 0.004
2076.72323 12.669 0.007
2076.73320 12.683 0.008
2076.74201 12.687 0.005
2076.75951 12.712 0.004
2076.76829 12.680 0.006
2076.77706 12.706 0.004
2076.79295 12.683 0.005
2076.80430 12.700 0.008
2076.81705 12.850 0.004
2076.82955 12.677 0.008
2076.85575 12.700 0.004
2076.86447 12.703 0.004
2076.87323 12.693 0.004
2076.88252 12.678 0.004
2076.89126 12.676 0.004
2077.58922 12.717 0.004
2077.60982 12.705 0.005
2077.62049 12.715 0.007
2077.63143 12.744 0.006
2077.64017 12.661 0.015
2077.65307 12.692 0.012
2077.66182 12.689 0.013
2077.69151 12.644 0.014
2077.70029 12.672 0.010
2077.70908 12.690 0.008
2077.71782 12.653 0.014
2077.72654 12.658 0.015
2077.73531 12.704 0.008
2077.74510 12.679 0.006
2077.75387 12.696 0.004
2077.76266 12.645 0.015
2077.77141 12.627 0.016
2077.78014 12.689 0.007
2077.79228 12.656 0.016
2077.80099 12.653 0.011
2077.80975 12.801 0.014
2077.81850 12.659 0.013
2077.82727 12.671 0.014
2077.83604 12.698 0.004
2077.84513 12.723 0.004
2077.85388 12.713 0.004
2077.86264 12.697 0.004
2077.87136 12.714 0.004
2077.88007 12.696 0.005
2077.88880 12.694 0.005
2077.89782 12.694 0.004
2078.59509 12.684 0.007
2078.60384 12.713 0.004
2078.61259 12.699 0.004
2078.62139 12.714 0.004
2078.63011 12.706 0.004
2078.63891 12.710 0.005
2078.66802 12.669 0.014
2078.67676 12.708 0.008
2078.68554 12.685 0.011
2078.69429 12.716 0.005
2078.70303 12.700 0.006
2078.71269 12.698 0.007
2078.72163 12.677 0.013
2078.73035 12.714 0.014
2078.73908 12.690 0.010
2078.74782 12.712 0.011
2078.75655 12.709 0.004
2078.77392 12.710 0.008
2078.78848 12.700 0.007
2078.79727 12.726 0.004
2078.80601 12.698 0.008
2078.81477 12.728 0.008
2078.84082 12.709 0.011
2078.84959 12.766 0.008
2078.86785 12.712 0.005
2078.88532 12.734 0.004
2079.62512 12.747 0.004
2079.63390 12.841 0.008
2079.64265 12.863 0.006
2079.65141 12.718 0.007
2079.66016 12.727 0.008
2079.66894 12.723 0.009
2079.67873 12.725 0.014
2079.68748 12.713 0.009
2079.69620 12.750 0.007
2079.71368 12.756 0.009
2079.72241 12.763 0.008
2079.73656 12.708 0.007
2079.74531 12.728 0.004
2079.75405 12.712 0.010
2079.76278 12.876 0.008
2079.78683 12.764 0.009
2079.79892 12.728 0.005
2079.80769 12.733 0.004
2079.81764 12.728 0.004
2080.55851 12.752 0.015
2080.59038 12.699 0.106
2080.60783 12.679 0.013
2080.61658 12.712 0.011
2080.63130 12.688 0.015
2080.64882 12.662 0.013
2080.65760 12.742 0.012
2080.66635 12.751 0.008
2080.68099 12.747 0.013
2080.70263 12.739 0.008
2080.71138 12.745 0.008
2080.72347 12.754 0.016
2080.76635 12.683 0.016
2080.78065 12.690 0.016
2080.80604 12.786 0.017
2080.81641 12.723 0.019
2080.82518 12.728 0.011
2080.83388 12.722 0.010
2080.84260 12.727 0.008
2080.85136 12.746 0.004
2080.86016 12.741 0.004
2081.57211 12.809 0.013
2081.59073 12.752 0.019
2081.60137 12.753 0.011
2081.62093 12.763 0.015
2081.66368 12.747 0.014
2081.72273 12.681 0.016
2081.73147 12.771 0.007
2081.74022 12.680 0.014
2081.74896 12.704 0.013
2081.75979 12.727 0.017
2081.76856 12.758 0.008
2081.77734 12.702 0.014
2081.78606 12.745 0.005
2081.80415 12.779 0.008
2081.81290 12.710 0.014
2081.82167 12.790 0.017
2081.83367 12.728 0.008
2081.84242 12.730 0.011
2081.87125 12.741 0.008
2082.64570 12.750 0.005
2082.68803 12.759 0.005
2082.69879 12.739 0.012
2082.70815 12.788 0.005
2082.71691 12.768 0.006
2082.74114 12.813 0.012
2082.74984 12.755 0.008
2082.75855 12.735 0.019
2082.77081 12.708 0.014
2082.78639 12.742 0.011
2082.79513 12.758 0.016
2082.80387 12.744 0.010
2082.81264 12.762 0.011
2082.82138 12.774 0.011
2082.83014 12.744 0.009
2082.84264 12.752 0.009
2082.85142 12.775 0.008
2082.86020 12.767 0.010
2082.86894 12.777 0.007
2082.87770 12.773 0.007
2082.88648 12.782 0.008
2082.89913 12.778 0.008
2085.63364 12.811 0.004
2085.64221 12.785 0.005
2085.65085 12.798 0.004
2085.65948 12.794 0.004
2085.66805 12.771 0.007
2085.67669 12.790 0.004
2085.69647 12.798 0.004
2085.70507 12.868 0.004
2085.71370 12.769 0.004
2085.72238 12.901 0.006
2085.73099 12.787 0.004
2085.74080 12.949 0.005
2085.74941 12.823 0.004
2085.76163 12.785 0.005
2085.77828 12.794 0.004
2085.78762 12.808 0.004
2085.79781 12.798 0.004
2085.81009 12.794 0.004
2085.82883 12.808 0.004
2085.83740 12.793 0.004
2085.84600 12.803 0.004
2085.85460 12.794 0.004
2085.86324 12.808 0.004
2086.55766 12.797 0.008
2086.56630 12.794 0.007
2086.57488 12.798 0.009
2086.59464 12.820 0.012
2086.60323 12.816 0.011
2086.61185 12.822 0.011
2086.63976 12.842 0.013
2086.64837 12.803 0.015
2086.65696 12.816 0.006
2086.66557 12.800 0.014
2086.67418 12.795 0.017
2086.69445 12.803 0.012
2086.70303 12.773 0.015
2086.71162 12.783 0.009
2086.72087 12.801 0.007
2086.73376 12.817 0.004
2086.74241 12.795 0.009
2086.75100 12.799 0.009
2086.75961 12.831 0.010
2086.76820 12.794 0.008
2086.78153 12.802 0.007
2086.79014 12.801 0.011
2086.79877 12.800 0.004
2086.81112 12.802 0.005
2086.81973 12.786 0.008
2086.82833 12.808 0.004
2086.84080 12.862 0.004
2086.84944 12.823 0.004
2086.85806 12.806 0.004
2086.86662 12.804 0.004
2087.56335 12.799 0.025
2087.62247 12.827 0.009
2087.63118 12.770 0.011
2087.63993 12.819 0.009
2087.64868 12.813 0.006
2087.65768 12.787 0.013
2087.66644 12.773 0.011
2087.67850 12.783 0.015
2087.68725 12.781 0.012
2087.69661 12.787 0.016
2087.71407 12.769 0.017
2087.72284 12.792 0.016
2087.74044 12.754 0.017
2087.74918 12.779 0.023
2087.75792 12.834 0.011
2087.76842 12.811 0.008
2087.77714 12.830 0.006
2087.78592 12.839 0.008
2087.79468 12.826 0.006
2087.80339 12.825 0.006
2087.81215 12.829 0.006
2087.82140 12.806 0.005
2087.83013 12.797 0.010
2087.84764 12.792 0.011
2087.85636 12.817 0.005
2087.86511 12.810 0.006
2088.56079 12.798 0.011
2088.57267 12.802 0.007
2088.58143 12.776 0.008
2088.59022 12.799 0.008
2088.59900 12.758 0.012
2088.60792 12.805 0.021
2088.61669 12.771 0.012
2088.62547 12.755 0.014
2088.63425 12.817 0.008
2088.64452 12.829 0.009
2088.65334 12.812 0.008
2088.66210 12.779 0.012
2088.67088 12.809 0.011
2088.68203 12.787 0.013
2088.70004 12.804 0.007
2088.70878 12.809 0.009
2088.71755 12.822 0.004
2088.72761 12.797 0.006
2088.74150 12.774 0.013
2088.75025 12.800 0.012
2088.75897 12.816 0.006
2088.76772 12.816 0.004
2088.77960 12.815 0.006
2088.78839 12.810 0.006
2088.79714 12.826 0.004
2088.81469 12.816 0.004
2088.82345 12.834 0.004
2088.83262 12.839 0.005
2088.84138 12.816 0.004
2088.85014 12.838 0.004
2089.61326 12.841 0.004
2089.62197 12.843 0.004
2089.63072 12.841 0.005
2089.63945 12.815 0.010
2089.64821 12.842 0.005
2089.65733 12.812 0.010
2090.64537 12.847 0.004
2090.65507 12.830 0.006
2090.66412 12.856 0.005
2090.67287 12.828 0.006
2090.68179 12.869 0.004
2090.71006 12.854 0.004
2090.71878 12.901 0.004
2090.72752 12.856 0.004
2090.73621 12.846 0.004
2090.74496 12.856 0.004
2090.75379 12.856 0.004
2090.76333 12.848 0.006
2090.77202 12.840 0.007
2090.78077 12.830 0.012
2090.78956 12.821 0.013
2090.79838 12.828 0.011
2090.80713 12.853 0.004
2090.81917 12.867 0.004
2090.83313 12.855 0.004
2090.84812 12.866 0.004
2091.58968 12.839 0.012
2091.59844 12.795 0.017
2091.60723 12.853 0.018
2091.61796 12.817 0.015
2091.63406 12.904 0.008
2091.65560 12.842 0.010
2091.68327 12.820 0.010
2091.69208 12.939 0.019
2091.70080 12.812 0.016
2091.70958 12.846 0.023
2091.71855 12.802 0.013
2091.72726 12.850 0.009
2091.73602 12.848 0.022
2091.74476 12.798 0.016
2091.75352 12.827 0.011
2091.76716 12.852 0.007
2091.77757 12.860 0.007
2091.78632 12.863 0.008
2091.79508 12.855 0.009
2091.80385 12.876 0.009
2091.81261 12.808 0.013
2091.82140 12.843 0.012
2091.83954 12.820 0.014
2091.84827 12.825 0.013
2091.85704 12.878 0.008
2092.64709 12.873 0.017
2092.65589 12.881 0.020
2092.66464 12.885 0.009
2092.67621 12.846 0.016
2092.68496 12.872 0.010
2092.69375 12.876 0.012
2092.70251 12.882 0.016
2092.72006 12.890 0.012
2092.74537 12.876 0.006
2092.75466 12.850 0.008
2092.76338 12.870 0.006
2092.77212 12.870 0.008
2092.78090 12.872 0.007
2092.78964 12.884 0.004
2092.80015 12.890 0.004
2092.80889 12.898 0.006
2092.81760 12.891 0.005
2092.83280 12.888 0.004
2101.55462 12.955 0.004
2101.56335 12.942 0.005
2101.57210 12.927 0.006
2101.58083 12.928 0.008
2101.58955 12.952 0.004
2101.59833 12.940 0.006
2101.61287 12.898 0.006
2101.62167 12.896 0.011
2101.63043 12.939 0.008
2101.63919 12.891 0.013
2101.64790 12.900 0.011
2101.65731 12.904 0.012
2101.66628 12.955 0.006
2101.67500 12.921 0.005
2101.68376 12.940 0.004
2101.69250 12.957 0.004
2101.70125 12.940 0.006
2101.70997 12.949 0.005
2101.72721 12.941 0.005
2101.74256 12.938 0.004
2101.76112 12.962 0.004
2101.76989 12.952 0.004
2101.77862 12.949 0.004
2102.54911 12.947 0.007
2102.55836 12.934 0.008
2102.56712 12.965 0.004
2102.58288 12.969 0.004
2102.59164 12.945 0.009
2102.60038 12.961 0.007
2102.60914 12.945 0.007
2102.61791 12.978 0.005
2102.62664 12.953 0.006
2102.63600 12.979 0.007
2102.64476 12.944 0.009
2102.65411 12.970 0.004
2103.50294 13.005 0.009
2103.51165 12.979 0.005
2103.52213 12.975 0.006
2103.53091 12.980 0.005
2103.53962 12.972 0.005
2103.54837 12.953 0.008
2103.55709 12.986 0.004
2103.56579 12.978 0.005
2103.57773 12.960 0.007
2103.58651 12.966 0.009
2103.59528 12.916 0.015
2103.60403 12.952 0.017
2103.61346 12.981 0.008
2103.63096 12.968 0.013
2103.64899 12.907 0.019
2103.65773 12.921 0.020
2103.66766 12.985 0.019
2103.67644 12.935 0.015
2103.71673 12.963 0.006
2103.72621 12.978 0.005
2103.73497 12.994 0.006
2103.74375 12.983 0.004
2103.75251 13.009 0.004
2103.76126 13.009 0.009
2103.76997 12.973 0.009
2103.77871 13.080 0.005
2103.78748 12.958 0.012
2103.79617 12.976 0.010
2105.50920 12.946 0.009
2105.52288 12.952 0.008
2105.53194 12.965 0.007
2105.54069 12.956 0.008
2105.54941 12.964 0.010
2105.55817 12.983 0.010
2105.56937 12.956 0.014
2105.57812 12.967 0.012
2105.58686 12.957 0.015
2105.61445 12.973 0.019
2105.62354 12.983 0.013
2105.63644 12.883 0.055
2105.65843 13.009 0.057
2105.66747 12.976 0.029
2105.68496 13.008 0.019
2105.71850 12.948 0.014
2105.72762 12.924 0.015
2105.73634 12.942 0.014
2105.74509 12.927 0.016
2105.75385 12.966 0.008
2105.76259 12.973 0.008
2105.77135 12.976 0.007
2105.78050 12.969 0.004
2105.78924 12.967 0.004
2105.79804 12.974 0.004
2105.80686 12.976 0.004
2106.59840 12.982 0.006
2106.60803 12.978 0.006
2106.61725 12.987 0.005
2106.62601 13.086 0.005
2106.63479 13.007 0.005
2106.64427 12.982 0.004
2106.65303 12.980 0.004
2106.66180 12.978 0.004
2106.67090 12.995 0.006
2106.67965 12.973 0.006
2106.68839 12.991 0.005
2106.69708 12.963 0.004
2106.70587 12.989 0.005
2106.72125 12.972 0.005
2106.73000 12.957 0.009
2106.73877 13.043 0.004
2106.74750 12.991 0.004
2106.75623 12.984 0.004
2106.76496 12.978 0.004
2111.51506 13.041 0.004
2111.52380 13.039 0.004
2111.53260 13.061 0.004
2111.55012 13.191 0.004
2111.55887 13.015 0.004
2111.56812 13.012 0.004
2111.57685 13.009 0.004
2111.58561 13.014 0.004
2111.59440 13.055 0.004
2111.60313 13.033 0.006
2111.61182 13.016 0.004
2111.62095 13.010 0.004
2111.63036 13.085 0.004
2111.64787 13.107 0.004
2111.65662 12.980 0.005
2111.66534 13.008 0.005
2111.67456 13.018 0.004
2111.69207 13.139 0.004
2111.70081 13.024 0.004
2111.70956 13.081 0.004
2111.71831 13.026 0.004
2111.72761 12.987 0.004
2111.73635 13.022 0.003
2111.74512 13.026 0.004
2112.50763 13.035 0.007
2112.51726 13.009 0.011
2112.53904 13.033 0.006
2112.55858 13.033 0.005
2112.56730 13.026 0.006
2112.58162 13.041 0.006
2112.59036 13.036 0.007
2112.60371 13.015 0.008
2112.62120 13.019 0.007
2112.62993 13.001 0.010
2112.63867 13.032 0.004
2112.64747 13.032 0.004
2112.66934 13.043 0.004
2112.67811 13.036 0.004
2112.68685 13.044 0.006
2112.69562 13.037 0.004
2112.70572 13.050 0.010
2112.71476 13.010 0.007
2112.73227 13.033 0.004
2112.74104 13.031 0.004
2112.74981 13.008 0.008
2112.75922 13.036 0.004
2113.51878 13.044 0.004
2113.52757 13.036 0.004
2113.53628 13.031 0.004
2113.54561 13.038 0.004
2113.55437 13.031 0.004
2113.56309 13.038 0.004
2113.57179 13.036 0.004
2113.58053 13.026 0.004
2113.58928 13.032 0.004
2113.59856 13.036 0.004
2113.60730 13.042 0.004
2113.61606 13.025 0.004
2113.62510 13.035 0.004
2113.63385 13.033 0.004
2113.64260 13.048 0.005
2113.65213 13.133 0.005
2113.66089 13.033 0.004
2113.71830 13.032 0.004
2113.72705 13.041 0.004
2113.73579 13.041 0.004
2113.74455 13.126 0.004
2113.75330 13.027 0.004
2113.76205 13.030 0.004
2113.77125 13.036 0.004
2113.77999 13.027 0.004
2114.69672 13.043 0.004
2114.71425 13.061 0.004
2114.72440 13.034 0.004
2114.73371 13.050 0.004
2114.74349 13.050 0.004
2114.75407 13.089 0.004
2114.76321 13.054 0.004
2114.77201 13.054 0.004
2114.78078 13.063 0.004
2114.80089 13.062 0.004
2115.55621 13.058 0.004
2115.56571 13.052 0.004
2115.58971 13.050 0.004
2115.59846 13.059 0.004
2115.60721 13.076 0.004
2115.62112 13.045 0.003
2115.62985 13.050 0.004
2115.63873 13.073 0.004
2115.64975 13.092 0.007
2115.65900 13.048 0.004
2115.66776 13.054 0.004
2115.67647 13.058 0.004
2115.68522 13.056 0.004
2115.69398 13.120 0.005
2115.70273 13.055 0.004
2115.73712 13.062 0.004
2116.51245 13.048 0.004
2116.56545 13.052 0.004
2116.57422 13.167 0.004
2116.58356 13.153 0.004
2116.59440 13.050 0.004
2116.60398 13.066 0.005
2116.61330 13.043 0.005
2116.62207 13.057 0.004
2116.63084 13.046 0.004
2116.63959 13.055 0.006
2116.65969 13.060 0.004
2116.66844 13.046 0.008
2116.67722 13.053 0.004
2116.68598 13.036 0.007
2116.69470 13.061 0.004
2116.70343 13.053 0.004
2116.71342 13.055 0.004
2116.72219 13.054 0.004
2116.73095 13.052 0.004
2116.73969 13.043 0.004
2116.76053 13.051 0.004
2116.76929 13.049 0.004
2117.49319 13.046 0.012
2117.50194 13.034 0.012
2117.51109 13.053 0.011
2117.52862 13.064 0.011
2117.55998 13.058 0.004
2117.56873 13.077 0.004
2117.57749 13.049 0.008
2117.58691 13.054 0.007
2117.59566 13.023 0.010
2117.60442 13.046 0.013
2117.61644 13.107 0.007
2117.62522 13.096 0.008
2117.63399 12.992 0.016
2117.64275 13.028 0.008
2117.65153 13.142 0.017
2117.66029 13.038 0.017
2117.66950 13.037 0.004
2117.67825 13.047 0.007
2117.68706 13.062 0.004
2117.69581 13.082 0.004
2117.70453 13.037 0.007
2117.71490 13.053 0.004
2117.72365 13.054 0.004
2117.73244 13.063 0.004
2117.74120 13.049 0.007
2117.74990 13.060 0.005
2118.50079 13.058 0.013
2118.50957 13.068 0.004
2118.51835 13.077 0.005
2118.52710 13.072 0.004
2118.65886 13.059 0.009
2118.66761 13.083 0.007
2118.67639 13.087 0.010
2118.68515 13.078 0.004
2118.69389 13.056 0.011
2118.70378 13.040 0.010
2118.71282 13.073 0.004
2118.72156 13.069 0.005
2118.73033 13.083 0.005
2118.73915 13.090 0.005
2125.64444 13.165 0.006
2128.57483 13.167 0.005
2131.56969 13.112 0.017
2134.67355 13.218 0.004
2138.55016 13.276 0.003
2155.65016 13.486 0.004
2156.48926 13.468 0.004
2158.49758 13.495 0.004
2158.54059 13.491 0.004
2162.50709 13.532 0.004
2168.54179 13.588 0.004
2173.49982 13.640 0.004
2180.49846 13.706 0.006
2184.50305 13.741 0.005
2194.55717 13.817 0.004
2321.87593 12.781 0.006
2324.87803 12.705 0.009
2341.83451 12.725 0.008
2358.88707 12.691 0.005
2370.81535 12.745 0.009
2381.81073 12.713 0.013
2384.79319 12.775 0.016
2388.85311 12.725 0.013
2391.69565 12.772 0.004
2399.92776 12.716 0.015
2399.93076 12.740 0.008
2399.93365 12.718 0.012
2399.93974 12.753 0.008
2400.69352 12.753 0.011
2402.80844 12.697 0.018
2414.86438 12.638 0.009
2415.72643 12.663 0.005
2416.74862 12.656 0.010
2417.72417 12.689 0.008
2424.76653 12.504 0.010
2426.67781 12.695 0.024
2431.81215 12.382 0.009
2433.73934 12.336 0.046
2436.58511 12.450 0.023
2437.57362 12.305 0.004
2437.57670 12.308 0.006
2437.57934 12.483 0.007
2437.58196 12.465 0.005
2437.58458 12.317 0.004
2437.58718 12.322 0.004
2437.59571 12.289 0.004
2437.59832 12.321 0.004
2437.60095 12.294 0.005
2437.60357 12.285 0.005
2437.60618 12.288 0.004
2437.60880 12.367 0.004
2437.61873 12.310 0.004
2437.62848 12.430 0.005
2437.63754 12.296 0.004
2437.64761 12.344 0.005
2437.65661 12.299 0.007
2437.66659 12.303 0.004
2437.69751 12.291 0.005
2437.70639 12.322 0.004
2437.71759 12.316 0.006
2437.72671 12.307 0.007
2437.73579 12.327 0.016
2437.74531 12.331 0.014
2437.75749 12.267 0.008
2437.76634 12.280 0.032
2437.77511 12.265 0.025
2437.78391 12.296 0.013
2437.79318 12.271 0.007
2437.80198 12.263 0.025
2437.81079 12.231 0.023
2437.81961 12.289 0.044
2437.83385 12.268 0.014
2437.84311 12.282 0.011
2437.85638 12.299 0.008
2437.86531 12.284 0.006
2437.87444 12.335 0.006
2437.89072 12.341 0.004
2438.61729 12.306 0.013
2439.64705 12.360 0.051
2439.67545 12.264 0.024
2439.71185 12.407 0.095
2439.72999 12.333 0.060
2439.83329 12.314 0.011
2439.84904 12.204 0.031
2439.86112 12.225 0.055
2439.88000 12.274 0.011
2439.88953 12.312 0.016
2439.89850 12.232 0.009
2439.90543 12.366 0.008
2439.91441 12.275 0.005
2439.92386 12.243 0.006
2440.59852 12.324 0.012
2440.64529 12.299 0.022
2440.69282 12.237 0.008
2440.72815 12.372 0.015
2440.74608 12.545 0.064
2440.82826 12.279 0.013
2440.84056 12.240 0.008
2440.84939 12.212 0.010
2440.88179 12.238 0.006
2440.89139 12.274 0.005
2440.89825 12.232 0.006
2440.91082 12.312 0.007
2444.57469 12.275 0.014
2444.58280 12.334 0.020
2444.59123 12.190 0.042
2444.60539 12.169 0.017
2444.64278 12.145 0.025
2444.65085 12.281 0.011
2444.66810 12.224 0.015
2444.67619 12.151 0.007
2444.68427 12.210 0.009
2444.70044 12.208 0.017
2444.70874 12.184 0.007
2444.71583 12.096 0.026
2444.73060 12.166 0.023
2444.73892 12.158 0.023
2444.74495 12.162 0.010
2444.75321 12.190 0.010
2444.79173 12.256 0.044
2444.80784 12.139 0.013
2444.81769 12.215 0.007
2444.82572 12.172 0.006
2444.83377 12.207 0.014
2444.85002 12.166 0.009
2444.86082 12.170 0.016
2444.87164 12.223 0.013
2444.88398 12.149 0.010
2444.89478 12.179 0.009
2448.53031 12.256 0.018
2454.52766 12.070 0.004
2454.56946 12.267 0.076
2454.58901 12.233 0.053
2454.60682 12.199 0.097
2454.65158 12.141 0.042
2454.66204 12.208 0.092
2454.67117 12.151 0.019
2454.68003 12.154 0.051
2454.77405 12.019 0.012
2454.78763 12.065 0.006
2462.72567 12.246 0.038
2465.46804 11.928 0.006
2465.47702 11.914 0.011
2465.48621 11.916 0.008
2465.53353 11.939 0.012
2465.61124 12.102 0.067
2465.64094 12.099 0.058
2465.68792 12.860 0.068
2465.72441 11.954 0.047
2465.74366 11.889 0.054
2465.76854 11.892 0.006
2465.77752 11.910 0.004
2465.78893 11.937 0.004
2465.79779 11.999 0.009
2465.80665 11.900 0.005
2465.81575 12.036 0.006
2465.82552 11.943 0.008
2465.83450 11.890 0.008
2465.84545 11.921 0.004
2468.45903 11.924 0.005
2468.46778 11.940 0.008
2468.47755 11.893 0.006
2468.48821 12.005 0.053
2468.50704 11.950 0.016
2468.71433 12.031 0.103
2468.77057 11.925 0.039
2468.79858 11.966 0.041
2468.82704 11.959 0.026
2470.46813 11.922 0.009
2474.46843 11.873 0.009
2485.63512 11.903 0.005
2489.70596 11.912 0.072
2494.70501 12.006 0.004
2497.50757 11.993 0.015
2503.49462 11.993 0.005
2511.55130 12.082 0.006
2537.48108 12.344 0.008
2540.49766 12.450 0.006
2546.50825 12.452 0.008
2550.48952 12.533 0.006
2554.56141 12.562 0.008
2558.49794 12.578 0.010
2693.89508 13.892 0.009
2698.89301 13.897 0.009
2711.87605 13.883 0.010
2721.88350 13.910 0.006
2730.89673 13.834 0.008
2743.77314 13.691 0.011
2748.79167 13.602 0.004
2755.78159 13.512 0.013
2758.93298 13.448 0.004
2765.78972 13.346 0.022
2769.77432 13.332 0.008
2782.71288 13.216 0.004
2784.70184 13.174 0.010
2786.59189 13.200 0.004
2790.79429 13.113 0.012
2794.55734 13.120 0.004
2796.56624 13.158 0.010
2802.56461 13.106 0.004
2808.63366 13.044 0.009
2810.57192 13.013 0.006
2810.63534 13.020 0.008
2810.66493 13.016 0.011
2810.69467 13.035 0.011
2810.70696 13.052 0.011
2810.74845 13.020 0.014
2810.76275 12.974 0.016
2810.79275 13.003 0.016
2810.81026 13.018 0.012
2810.83773 13.057 0.010
2812.57375 13.021 0.009
2813.81751 13.074 0.009
2815.59612 13.016 0.005
2816.66155 13.021 0.023
2817.77620 13.016 0.007
2818.67105 13.011 0.008
2819.76515 12.980 0.009
2821.66344 12.975 0.008
2826.65410 13.054 0.004
2830.78431 12.896 0.013
2835.48072 12.978 0.008
2837.49953 12.912 0.004
2838.73005 12.940 0.007
2840.50159 12.966 0.010
2842.53805 12.965 0.005
2844.61419 12.915 0.014
2848.54942 13.007 0.005
2851.53666 12.945 0.008
2853.54357 12.968 0.010
2854.75743 13.003 0.005
2857.72037 12.997 0.008
2862.49667 13.025 0.004
2864.50369 12.967 0.006
2867.65893 13.046 0.009
2868.51719 13.015 0.014
2869.59148 13.002 0.020
2871.47977 13.066 0.007
2875.61836 13.082 0.004
2877.65395 13.037 0.011
2879.55623 13.048 0.016
2881.66023 13.080 0.004
2882.49650 13.067 0.004
2884.47929 13.029 0.015
2885.55802 13.029 0.006
2886.54646 13.029 0.004
2892.51710 12.944 0.008
2893.60978 12.911 0.024
2893.61258 12.951 0.016
2894.49744 12.953 0.004
2894.54748 12.873 0.015
2894.64610 12.932 0.004
2895.47930 12.929 0.004
2895.59426 12.930 0.014
2895.66739 12.952 0.008
2896.47694 12.882 0.007
2896.57063 12.923 0.010
2896.57348 12.927 0.007
2896.64434 12.927 0.008
2896.64809 12.925 0.009
2897.58008 12.908 0.004
2897.64167 12.914 0.004
2898.48451 12.872 0.005
2898.52991 12.848 0.010
2898.60483 12.874 0.004
2898.64873 12.882 0.005
2899.60735 12.858 0.008
2899.61415 12.848 0.005
2899.65292 12.875 0.008
2900.47663 12.829 0.004
2900.52970 12.825 0.006
2900.57982 12.831 0.005
2900.62115 12.812 0.005
2902.47152 12.787 0.003
2902.51448 12.802 0.004
2902.55931 12.857 0.004
2902.62342 12.807 0.004
2903.48807 12.828 0.005
2903.51942 12.780 0.005
2903.59878 12.793 0.015
2904.52879 12.749 0.004
2904.57842 12.761 0.004
2904.60835 12.782 0.004
2904.64523 12.774 0.005
2905.49133 12.962 0.007
2905.52244 12.727 0.004
2905.54726 12.792 0.004
2905.55556 12.738 0.004
2905.61083 12.745 0.005
2906.49519 12.663 0.008
2906.52858 12.728 0.005
2906.56238 12.697 0.004
2906.58942 12.693 0.008
2907.48277 12.673 0.004
2907.54656 12.673 0.004
2907.60266 12.647 0.009
2908.49559 12.693 0.004
2908.52767 12.678 0.004
2908.61000 12.672 0.004
2909.49743 12.596 0.015
2909.51807 12.614 0.009
2909.54226 12.787 0.004
2910.48939 12.692 0.005
2910.52248 12.654 0.004
2910.58010 12.636 0.004
2911.48488 12.691 0.005
2911.52930 12.616 0.004
2911.55696 12.585 0.013
2912.49649 12.553 0.012
2912.54357 12.587 0.016
2912.58268 12.588 0.007
2915.47632 12.373 0.014
2916.52748 12.485 0.013
2916.56804 12.468 0.015
2917.50299 12.478 0.007
2917.53351 12.431 0.010
2917.57314 12.484 0.016
2918.49613 12.457 0.004
2918.52337 12.447 0.005
2918.58192 12.457 0.010
2920.50720 12.407 0.005
2920.54363 12.416 0.004
2921.49291 12.396 0.004
2921.53170 12.404 0.008
2921.58281 12.450 0.008
2922.49862 12.366 0.006
2922.56976 12.407 0.005
2923.53901 12.326 0.012
2923.57432 12.348 0.014
2924.50846 12.310 0.023
2924.57833 12.301 0.011
2925.50343 12.302 0.009
2925.56018 12.281 0.013
2926.53332 12.262 0.012
2926.57891 12.296 0.007
2927.50096 12.341 0.004
2927.57786 12.321 0.011
2928.50956 12.382 0.005
2928.56406 12.303 0.008
2929.50420 12.381 0.004
2929.57875 12.247 0.007
2930.50304 12.164 0.016
2930.55453 12.279 0.015
2931.50582 12.164 0.021
2931.58143 12.238 0.014
2932.52041 12.172 0.014
2932.57170 12.257 0.013
2933.50956 12.238 0.012
2933.56828 12.207 0.008
2934.51272 12.216 0.004
2934.55815 12.171 0.009
2935.51496 12.167 0.004
2936.49613 12.133 0.004
2941.51167 12.145 0.009
2942.50036 12.079 0.056
2943.54598 12.104 0.006
2944.53943 12.100 0.004
2945.49631 11.961 0.010
2946.50629 12.043 0.008
2947.52722 12.086 0.005
2949.51213 12.017 0.005
2950.49937 11.957 0.011
2951.49939 12.009 0.009
2952.50421 12.031 0.007
2952.51611 11.999 0.009
2958.50040 12.009 0.006
3040.87630 12.721 0.009
3041.88099 12.734 0.008
3043.86538 12.796 0.006
3044.86100 12.781 0.004
3045.86011 12.814 0.004
3047.85966 12.782 0.006
3048.85818 12.838 0.008
3049.84332 12.840 0.009
3050.83649 12.840 0.006
3051.84065 12.843 0.004
3052.83937 12.874 0.007
3053.82316 12.855 0.008
3054.83895 12.880 0.004
3055.83515 12.934 0.006
3055.87732 12.953 0.004
3056.84894 12.978 0.004
3057.83580 12.929 0.006
3058.83339 12.964 0.008
3058.89545 12.897 0.012
3059.83889 12.942 0.006
3060.81814 12.997 0.004
3061.84736 13.037 0.004
3064.81598 12.985 0.005
3064.83012 12.997 0.004
3067.78582 13.024 0.007
3067.88943 12.979 0.017
3069.80106 13.049 0.005
3070.85093 13.055 0.004
3073.80640 13.108 0.006
3075.84508 13.130 0.006
3076.89507 13.130 0.005
3079.88960 13.173 0.014
3081.77121 13.199 0.005
3082.86291 13.205 0.008
3083.80387 13.233 0.009
3085.86512 13.260 0.011
3087.89913 13.270 0.006
3088.79203 13.306 0.011
3088.80610 13.296 0.007
3089.90130 13.272 0.007
3091.82147 13.332 0.005
3091.83519 13.311 0.005
3093.89685 13.307 0.005
3097.88053 13.406 0.008
3098.84703 13.348 0.015
3100.80057 13.403 0.005
3101.87709 13.414 0.004
3101.91414 13.398 0.007
3103.77188 13.435 0.008
3104.88639 13.414 0.005
3106.83118 13.471 0.009
3106.85656 13.471 0.008
3108.76441 13.506 0.008
3108.80681 13.517 0.008
3109.78801 13.505 0.013
3110.74735 13.533 0.008
3110.83103 13.525 0.009
3111.86220 13.541 0.005
3112.77986 13.564 0.011
3113.73635 13.566 0.010
3113.86961 13.555 0.005
3114.78114 13.558 0.009
3115.86397 13.562 0.005
3116.92008 13.568 0.004
3122.90713 13.610 0.004
3125.86742 13.639 0.007
3126.89311 13.651 0.005
3127.80393 13.665 0.006
3128.81693 13.689 0.009
3130.69488 13.680 0.005
3131.88642 13.679 0.005
3135.89626 13.734 0.005
3137.93528 13.755 0.005
3138.69800 13.747 0.004
3138.83513 13.743 0.006
3139.87521 13.775 0.008
3140.87505 13.775 0.004
3142.76332 13.836 0.004
3144.78426 13.818 0.004
3146.78409 13.868 0.004
3151.74688 13.885 0.004
3151.89955 13.866 0.004
3152.75097 13.871 0.004
3153.75489 13.892 0.004
3153.89781 13.890 0.005
3154.81642 13.879 0.004
3156.83614 13.923 0.005
3158.90680 13.942 0.004
3162.81114 13.957 0.005
3163.62405 13.954 0.005
3163.64288 13.957 0.009
3164.73273 13.980 0.005
3165.75355 13.999 0.007
3166.74110 13.955 0.004
3166.89870 13.975 0.005
3167.75157 13.969 0.004
3168.74674 13.975 0.004
3169.72263 13.976 0.005
3170.80016 14.024 0.012
3171.82287 14.024 0.007
3172.74986 14.033 0.005
3174.70617 14.030 0.009
3175.71610 14.027 0.010
3177.75325 14.045 0.005
3178.77983 14.041 0.005
3179.78954 14.032 0.004
3180.71792 14.048 0.007
3182.76941 14.048 0.005
3183.73807 14.040 0.004
3184.69582 14.066 0.008
3185.53363 14.040 0.006
3185.57921 14.065 0.011
3185.61509 14.051 0.007
3185.66442 14.034 0.004
3185.71390 14.072 0.005
3185.74850 14.033 0.005
3185.83318 14.036 0.008
3185.86109 14.067 0.010
3185.88236 14.041 0.007
3190.64003 14.038 0.005
3191.80061 14.078 0.004
3193.53404 14.078 0.005
3194.59270 14.039 0.004
3195.64001 14.047 0.008
3195.79765 14.069 0.007
3196.54308 14.048 0.004
3197.51064 14.066 0.006
3199.62045 14.056 0.004
3201.51226 14.063 0.005
3202.56669 14.040 0.004
3203.65621 14.047 0.006
3204.64944 14.068 0.004
3205.75804 14.043 0.006
3206.71506 14.075 0.007
3207.66360 14.012 0.004
3210.54248 14.009 0.005
3211.58088 13.994 0.004
3217.47219 13.926 0.005
3217.64947 13.912 0.006
3218.64783 13.919 0.006
3219.60272 13.901 0.004
3223.64905 13.914 0.004
3224.69460 13.839 0.008
3226.61191 13.900 0.004
3228.59832 13.813 0.004
3229.63079 13.795 0.004
3230.66438 13.789 0.005
3231.56771 13.782 0.005
3231.60599 13.764 0.004
3232.59561 13.766 0.004
3238.61675 13.666 0.005
3239.69548 13.672 0.006
3240.67660 13.637 0.004
3241.65152 13.644 0.006
3245.55139 13.592 0.009
3246.65508 13.572 0.006
3247.62127 13.519 0.004
3249.52320 13.495 0.004
3250.65595 13.495 0.008
3253.52022 13.419 0.006
3256.63298 13.397 0.004
3259.62245 13.314 0.004
3264.52996 13.263 0.007
3267.52908 13.176 0.004
3272.58449 13.081 0.004
3275.56745 13.060 0.004
3278.59637 13.048 0.007
3282.57038 12.981 0.005
3288.54293 12.957 0.005
3293.51351 12.923 0.005
3295.52371 12.906 0.006
3305.54481 12.923 0.011
3309.53356 12.902 0.006
3314.51334 12.894 0.004
3408.88738 12.494 0.004
3410.88749 12.497 0.009
3413.88832 12.409 0.006
3421.89456 12.296 0.012
3422.86444 12.313 0.005
3429.84208 12.161 0.004
3442.88789 12.065 0.009
3447.85131 12.145 0.012
3449.86397 12.092 0.006
3455.81879 12.044 0.007
3457.85232 12.087 0.013
3467.87738 12.155 0.017
3469.78327 12.192 0.010
3470.79620 12.249 0.018
3472.75866 12.263 0.013
3473.77846 12.216 0.004
3474.77509 12.220 0.005
3475.80069 12.193 0.009
3477.76250 12.259 0.016
3479.76136 12.254 0.015
3480.72150 12.335 0.012
3481.73944 12.251 0.008
3482.71620 12.307 0.012
3496.71902 12.391 0.006
3497.79054 12.431 0.004
3498.91487 12.443 0.006
3499.86170 12.441 0.004
3500.72790 12.426 0.010
3501.82433 12.444 0.012
3502.72020 12.471 0.015
3503.68935 12.459 0.005
3504.70410 12.471 0.005
3506.74789 12.416 0.018
3508.75750 12.532 0.007
3509.73058 12.499 0.007
3510.80035 12.476 0.014
3512.70918 12.534 0.007
3512.72354 12.624 0.006
3512.75911 12.534 0.008
3512.80676 12.514 0.009
3512.82404 12.517 0.009
3512.84158 12.538 0.006
3512.85946 12.522 0.009
3512.87964 12.531 0.009
3512.90212 12.568 0.007
3512.91106 12.551 0.004
3512.92556 12.565 0.005
3512.93818 12.565 0.008
3517.68500 12.602 0.004
3520.76028 12.573 0.010
3521.71751 12.659 0.015
3522.74553 12.601 0.020
3522.93675 12.666 0.011
3524.89520 12.674 0.005
3525.74840 12.680 0.018
3526.75183 12.697 0.004
3528.67275 12.678 0.009
3529.69504 12.747 0.005
3529.86940 12.784 0.012
3530.61015 12.729 0.014
3530.77230 12.695 0.017
3530.85411 12.770 0.016
3530.88081 12.761 0.015
3536.86852 12.836 0.006
3536.88544 12.855 0.008
3537.67546 12.843 0.004
3538.52440 12.884 0.004
3538.59711 12.872 0.004
3538.75285 12.845 0.009
3538.86915 12.875 0.006
3539.55571 12.896 0.004
3539.74246 12.883 0.006
3540.52377 12.901 0.004
3540.65000 12.906 0.006
3540.69161 12.901 0.007
3541.62437 12.890 0.007
3541.78322 12.912 0.006
3542.56226 12.890 0.005
3542.83049 12.881 0.007
3544.60930 12.917 0.008
3544.80767 12.907 0.004
3546.72349 12.878 0.011
3547.74612 12.924 0.004
3549.80163 12.987 0.005
3550.63483 12.991 0.006
3551.63477 12.991 0.005
3552.67011 12.993 0.005
3553.72018 13.054 0.004
3554.65872 13.045 0.004
3555.66762 13.021 0.004
3556.67536 13.032 0.004
3558.53014 13.073 0.005
3558.82889 13.085 0.006
3559.69885 13.063 0.007
3561.54791 13.101 0.008
3562.58860 13.090 0.004
3563.63933 13.076 0.016
3564.57710 13.180 0.004
3569.56243 13.199 0.005
3572.81792 13.253 0.011
3573.64887 13.242 0.005
3574.68880 13.225 0.004
3575.53628 13.267 0.007
3575.77288 13.236 0.005
3576.69016 13.248 0.004
3577.59028 13.273 0.004
3578.67488 13.287 0.006
3579.62032 13.295 0.006
3580.65357 13.341 0.005
3581.67344 13.342 0.007
3582.64530 13.420 0.007
3583.63572 13.366 0.005
3583.75564 13.358 0.004
3584.64440 13.372 0.007
3584.75899 13.374 0.005
3585.63473 13.398 0.007
3586.71980 13.402 0.010
3589.67337 13.424 0.009
3590.65731 13.447 0.008
3591.68087 13.451 0.011
3593.74779 13.466 0.005
3594.71002 13.462 0.006
3601.65856 13.543 0.009
3602.61914 13.533 0.006
3603.63921 13.560 0.008
3607.63755 13.594 0.004
3608.65292 13.633 0.005
3615.58068 13.686 0.004
3618.58229 13.736 0.005
3620.54549 13.760 0.007
3622.52335 13.753 0.004
3628.59953 13.819 0.004
3630.53885 13.911 0.005
3632.58901 13.858 0.004
3639.54848 13.962 0.008
3641.54692 13.943 0.004
3641.58705 13.932 0.005
3644.50726 13.959 0.004
3648.53906 13.995 0.004
3650.58466 14.027 0.009
3654.54309 14.019 0.006
3656.52434 14.015 0.007
3658.55616 14.028 0.005
3660.52877 14.032 0.004
3664.50560 14.054 0.005
3669.53117 14.056 0.004
3675.51087 14.041 0.005
3776.86944 13.096 0.004
3782.85414 13.135 0.004
3784.87943 13.081 0.007
3786.89903 13.060 0.004
3788.84959 13.051 0.006
3790.89202 13.038 0.011
3793.85932 13.039 0.011
3795.84674 13.071 0.004
3798.80994 13.061 0.004
3799.83411 13.041 0.004
3800.82904 13.033 0.004
3801.88851 13.035 0.004
3802.85410 13.069 0.005
3803.88937 13.074 0.016
3805.80584 13.064 0.004
3806.77211 13.083 0.004
3807.79120 13.078 0.004
3808.79888 13.076 0.005
3809.88399 13.066 0.007
3810.85060 13.013 0.017
3811.84223 13.055 0.004
3812.83832 13.057 0.004
3813.83115 13.072 0.011
3814.83011 13.052 0.014
3817.86165 13.056 0.005
3818.89073 13.027 0.010
3819.80845 13.104 0.009
3820.77509 13.064 0.005
3821.77824 13.075 0.006
3822.81764 13.061 0.005
3823.77785 13.074 0.004
3824.74404 13.079 0.004
3825.80887 13.073 0.004
3826.73741 13.048 0.007
3827.80521 13.086 0.004
3828.77984 13.061 0.004
3829.76202 13.074 0.004
3830.73833 13.066 0.005
3831.90748 13.062 0.010
3832.71646 13.076 0.008
3833.76212 13.055 0.006
3834.74756 13.046 0.005
3834.91875 13.039 0.004
3835.73693 13.031 0.004
3837.73533 13.040 0.004
3838.74712 13.050 0.004
3838.91442 13.050 0.004
3839.74289 13.028 0.004
3840.70888 13.048 0.004
3840.91383 12.985 0.016
3841.74740 13.043 0.007
3841.89797 12.969 0.016
3842.85039 12.980 0.016
3845.72293 13.058 0.004
3845.91313 13.039 0.004
3846.73358 13.057 0.007
3846.92554 13.043 0.004
3847.79972 13.033 0.004
3848.75468 13.013 0.004
3849.75379 13.038 0.015
3850.69785 13.019 0.008
3850.86957 13.028 0.009
3851.71300 13.016 0.004
3851.87786 12.968 0.006
3851.92400 12.962 0.008
3852.70156 13.007 0.004
3852.87280 13.009 0.004
3853.68999 13.049 0.009
3853.85829 13.044 0.006
3853.92906 12.958 0.018
3856.68002 12.982 0.007
3856.84678 12.986 0.012
3857.91768 12.996 0.008
3858.76642 13.016 0.008
3859.80460 12.975 0.004
3860.67413 12.981 0.004
3860.91296 12.940 0.005
3861.67120 12.978 0.006
3861.77578 12.946 0.005
3862.70488 12.968 0.008
3862.86788 12.944 0.008
3863.63932 12.941 0.004
3863.85701 12.910 0.013
3863.93625 12.903 0.008
3864.67984 12.916 0.005
3864.86991 12.860 0.017
3865.69067 12.927 0.006
3865.82738 12.867 0.024
3865.90416 12.883 0.015
3866.68911 12.917 0.007
3866.82859 12.845 0.018
3867.63197 12.911 0.008
3867.81763 12.892 0.009
3868.71508 12.911 0.006
3868.86676 12.864 0.013
3869.69490 12.890 0.010
3869.87586 12.889 0.010
3872.89224 12.842 0.014
3873.64779 12.928 0.007
3873.78988 12.824 0.016
3873.86260 12.809 0.012
3873.93224 12.867 0.007
3874.74686 12.892 0.004
3875.66057 12.920 0.011
3875.80804 12.884 0.016
3875.90697 12.872 0.015
3876.63779 12.901 0.008
3877.63592 12.882 0.005
3877.78724 12.815 0.016
3877.86113 12.865 0.008
3879.66736 12.877 0.008
3880.83679 12.852 0.004
3880.91557 12.857 0.011
3881.66593 12.792 0.011
3881.87747 12.755 0.020
3882.75427 12.748 0.011
3882.82850 12.760 0.009
3882.89735 12.770 0.009
3883.64367 12.767 0.004
3883.84130 12.737 0.014
3886.60576 12.752 0.005
3886.79852 12.674 0.015
3886.87035 12.718 0.004
3887.57908 12.717 0.004
3887.88129 12.691 0.011
3889.66155 12.643 0.008
3889.93975 12.660 0.006
3890.64080 12.617 0.009
3891.67117 12.560 0.006
3891.79941 12.577 0.008
3891.88140 12.596 0.008
3892.57275 12.566 0.004
3893.62215 12.528 0.004
3893.86681 12.515 0.004
3894.67539 12.485 0.007
3896.61301 12.408 0.003
3900.53430 12.285 0.005
3900.71998 12.319 0.041
3900.86798 12.252 0.014
3901.54443 12.244 0.007
3901.72575 12.188 0.010
3901.80303 12.217 0.014
3901.87198 12.245 0.010
3902.56710 12.221 0.004
3902.86560 12.200 0.010
3903.65479 12.238 0.016
3903.90421 12.185 0.008
3904.55538 12.210 0.011
3904.78751 12.168 0.006
3904.88966 12.173 0.009
3905.55219 12.134 0.013
3905.79888 12.034 0.074
3905.86745 12.129 0.015
3906.56670 12.093 0.014
3906.70652 12.149 0.027
3906.77964 12.056 0.016
3906.85890 12.201 0.010
3907.59747 12.131 0.012
3907.63765 12.163 0.009
3907.77970 12.140 0.004
3907.86425 12.108 0.004
3908.53358 12.062 0.012
3908.71921 12.025 0.076
3908.73706 12.027 0.044
3908.87888 12.255 0.016
3909.88489 12.037 0.011
3910.56482 12.024 0.009
3912.81580 11.973 0.064
3913.73150 11.927 0.019
3913.82042 12.029 0.056
3914.54986 11.981 0.007
3915.52758 11.951 0.011
3915.72958 12.001 0.012
3915.82778 12.009 0.010
3916.56628 12.014 0.004
3916.81019 11.969 0.010
3917.61498 11.994 0.004
3917.82070 12.004 0.005
3918.60829 11.968 0.006
3918.81847 11.988 0.004
3919.54523 11.964 0.004
3919.75524 11.937 0.012
3920.51294 12.019 0.011
3920.70904 11.954 0.012
3921.70835 12.058 0.015
3921.72284 12.066 0.008
3922.71277 11.987 0.004
3930.54603 12.000 0.030
3931.50165 12.023 0.012
3932.52926 11.951 0.020
3932.80100 11.975 0.007
3933.77213 12.103 0.011
3934.48958 12.060 0.012
3934.72945 11.958 0.019
3935.53946 11.954 0.016
3935.71079 11.978 0.004
3935.80835 11.974 0.005
3936.49286 11.977 0.006
3936.65834 11.924 0.078
3937.55713 12.059 0.005
3938.50065 11.968 0.011
3938.69566 11.969 0.010
3938.80080 12.026 0.004
3940.58529 11.959 0.015
3941.70190 12.025 0.004
3944.55321 11.983 0.006
3944.75357 12.028 0.006
3945.78145 12.009 0.008
3946.51231 12.029 0.004
3946.70451 12.042 0.004
3950.52113 12.007 0.010
3950.73618 12.068 0.005
3951.51387 12.177 0.031
3956.60687 12.102 0.008
3957.50549 12.054 0.010
3959.50904 12.111 0.015
3959.68349 12.147 0.011
3960.49830 12.096 0.013
3960.67738 12.039 0.053
3961.56962 12.121 0.010
3963.70831 12.205 0.009
3964.52601 12.111 0.025
3964.73474 12.162 0.008
3965.70175 12.148 0.015
3966.48564 12.041 0.021
3966.68738 12.160 0.009
3967.52002 12.148 0.005
3967.71281 12.198 0.010
3968.49814 12.136 0.013
3968.66806 12.205 0.007
3969.47977 12.193 0.010
3969.68043 12.233 0.006
3970.50887 12.229 0.012
3970.68747 12.186 0.015
3971.55274 12.266 0.009
3973.57893 12.374 0.011
3974.50822 12.194 0.008
3974.69477 12.245 0.004
3975.51113 12.199 0.014
3975.68297 12.266 0.006
3976.50568 12.234 0.011
3976.68168 12.272 0.008
3979.50792 12.293 0.005
3982.56856 12.247 0.012
3983.52619 12.339 0.004
3986.58300 12.395 0.004
3987.50536 12.397 0.007
3988.51485 12.341 0.039
3989.52886 12.364 0.016
3990.54570 12.387 0.006
3991.50143 12.399 0.004
3993.55318 12.436 0.004
3994.56382 12.446 0.004
3995.57142 12.385 0.020
3999.58668 12.505 0.005
4002.49491 12.561 0.015
4003.49239 12.526 0.008
4004.52649 12.564 0.013
4006.51944 12.553 0.011
4012.49937 12.655 0.003
4016.51497 12.729 0.006
4018.55207 12.730 0.005
4020.53801 12.739 0.004
4023.53833 12.766 0.004
4025.55772 12.824 0.004
4028.49714 12.866 0.004
4031.49721 12.852 0.004
4040.51694 12.972 0.004
4041.49912 13.016 0.004
4043.50934 13.023 0.005
4141.87697 14.159 0.006
4150.89212 14.215 0.004
4153.88004 14.202 0.004
4156.85844 14.207 0.004
4158.87801 14.207 0.004
4161.84598 14.212 0.006
4163.82886 14.192 0.009
4168.80744 14.193 0.009
4170.79941 14.177 0.004
4175.79002 14.166 0.007
4176.90138 14.110 0.004
4178.80512 14.103 0.006
4179.84946 14.162 0.009
4181.78584 14.063 0.004
4182.83082 14.029 0.006
4183.86695 14.034 0.004
4184.90756 14.008 0.005
4189.84278 13.934 0.004
4191.80787 13.924 0.004
4193.74224 13.900 0.004
4194.78775 13.856 0.005
4196.77787 13.839 0.004
4202.75939 13.742 0.005
4203.74739 13.714 0.014
4204.73969 13.812 0.005
4204.92198 13.692 0.005
4205.73622 13.758 0.004
4207.72568 13.704 0.005
4208.74776 13.632 0.006
4211.79194 13.594 0.004
4212.86910 13.617 0.004
4212.89050 13.570 0.004
4212.91084 13.598 0.004
4213.71231 13.597 0.004
4213.77199 13.568 0.005
4213.91586 13.570 0.006
4215.74501 13.570 0.006
4216.70279 13.535 0.006
4216.92718 13.529 0.004
4217.71024 13.523 0.006
4217.91388 13.457 0.017
4218.75985 13.519 0.004
4219.75803 13.478 0.004
4219.80957 13.483 0.004
4220.65774 13.509 0.004
4220.70277 13.525 0.004
4220.92493 13.483 0.004
4220.93101 13.501 0.004
4221.65638 13.481 0.004
4222.67149 13.472 0.005
4222.91622 13.435 0.009
4224.78495 13.412 0.007
4227.88062 13.361 0.004
4228.64118 13.344 0.004
4228.68037 13.387 0.007
4228.91396 13.349 0.006
4229.67404 13.360 0.004
4229.87101 13.342 0.011
4229.93821 13.363 0.007
4230.68377 13.360 0.010
4230.87180 13.310 0.004
4230.93669 13.325 0.004
4231.62610 13.310 0.005
4231.77031 13.324 0.006
4231.89450 13.320 0.004
4231.93761 13.324 0.004
4232.62919 13.318 0.005
4232.67816 13.353 0.005
4232.83918 13.312 0.005
4233.80996 13.309 0.004
4234.71162 13.319 0.004
4235.63965 13.301 0.006
4235.80087 13.235 0.014
4235.89331 13.291 0.005
4238.87799 13.307 0.004
4239.62644 13.355 0.004
4240.67966 13.305 0.004
4240.81692 13.288 0.004
4243.64549 13.256 0.005
4243.73820 13.281 0.004
4243.83196 13.260 0.004
4244.61786 13.288 0.004
4244.71408 13.254 0.006
4244.80690 13.264 0.005
4245.61093 13.290 0.004
4245.70484 13.241 0.006
4245.80068 13.237 0.011
4246.66926 13.289 0.006
4246.76211 13.268 0.004
4246.85543 13.273 0.004
4247.68446 13.242 0.008
4247.82805 13.295 0.004
4250.73262 13.286 0.006
4251.80421 13.279 0.004
4256.62034 13.297 0.004
4256.76634 13.255 0.003
4257.65198 13.256 0.004
4258.63554 13.267 0.004
4258.75800 13.258 0.004
4258.85213 13.259 0.004
4267.59612 13.298 0.006
4268.55933 13.296 0.004
4268.84219 13.260 0.010
4269.57854 13.261 0.006
4269.69908 13.283 0.004
4269.78832 13.263 0.004
4270.57209 13.279 0.004
4272.60044 13.284 0.008
4272.74959 13.311 0.013
4272.80883 13.296 0.004
4272.88037 13.286 0.004
4273.61756 13.312 0.004
4273.79821 13.267 0.007
4273.85935 13.253 0.004
4274.55020 13.257 0.004
4274.70397 13.228 0.005
4274.76509 13.255 0.005
4274.82349 13.246 0.004
4275.60265 13.264 0.010
4275.77799 13.249 0.006
4275.83648 13.252 0.005
4276.58742 13.275 0.007
4277.53122 13.281 0.004
4277.70813 13.266 0.005
4277.76682 13.257 0.004
4277.82546 13.245 0.004
4278.57551 13.250 0.003
4278.75228 13.267 0.004
4284.50559 13.242 0.004
4284.75852 13.214 0.011
4284.82335 13.263 0.005
4285.50869 13.253 0.004
4285.69681 13.273 0.004
4285.76327 13.234 0.007
4285.82856 13.245 0.004
4286.50838 13.275 0.004
4286.80556 13.284 0.004
4289.73474 13.241 0.007
4289.79987 13.287 0.004
4291.62513 13.242 0.006
4291.78783 13.223 0.004
4292.49078 13.225 0.015
4292.66997 13.180 0.014
4292.72854 13.207 0.011
4292.78709 13.211 0.010
4293.49112 13.237 0.006
4293.71571 13.211 0.011
4294.49029 13.240 0.004
4295.49742 13.293 0.005
4295.69543 13.222 0.011
4295.75400 13.247 0.011
4296.49438 13.249 0.004
4296.69097 13.256 0.006
4296.82385 13.239 0.004
4297.51399 13.273 0.006
4297.71559 13.249 0.004
4298.54886 13.308 0.004
4298.65458 13.244 0.004
4298.75420 13.265 0.004
4299.53187 13.260 0.007
4299.62489 13.235 0.009
4299.71707 13.216 0.013
4299.81164 13.257 0.004
4300.52756 13.306 0.004
4300.74316 13.233 0.004
4301.51844 13.247 0.009
4301.61421 13.180 0.017
4301.71484 13.263 0.009
4301.80516 13.289 0.009
4302.59141 13.246 0.004
4302.69159 13.256 0.005
4303.67746 13.221 0.005
4304.55156 13.249 0.004
4304.66967 13.209 0.005
4306.63551 13.251 0.004
4306.68915 13.242 0.004
4310.61471 13.232 0.006
4311.76339 13.253 0.004
4312.54700 13.230 0.004
4312.74544 13.267 0.006
4316.71118 13.222 0.004
4317.55926 13.233 0.007
4319.77136 13.231 0.005
4320.54332 13.223 0.006
4326.51058 13.247 0.005
4326.70776 13.226 0.004
4327.58909 13.200 0.004
4327.73037 13.238 0.004
4328.51589 13.207 0.004
4328.69392 13.196 0.004
4329.52576 13.306 0.016
4329.67363 13.184 0.004
4330.49678 13.168 0.005
4330.69004 13.222 0.005
4331.47689 13.225 0.005
4331.68575 13.197 0.004
4332.50667 13.154 0.012
4333.52775 13.220 0.007
4333.68888 13.184 0.004
4334.50112 13.201 0.006
4334.62934 13.182 0.004
4338.50097 13.171 0.011
4339.69478 13.194 0.004
4340.59863 13.190 0.009
4341.50166 13.198 0.004
4342.53086 13.248 0.007
4344.53790 13.169 0.007
4345.50311 13.180 0.006
4346.51578 13.178 0.003
4347.53048 13.135 0.007
4349.49170 13.160 0.003
4350.53879 13.121 0.010
4351.50468 13.137 0.008
4352.55522 13.139 0.005
4353.50858 13.070 0.012
4354.53729 13.102 0.010
4355.53892 13.100 0.004
4356.50530 13.092 0.006
4357.53437 13.053 0.004
4358.49741 13.030 0.006
4359.53497 13.008 0.004
4360.55947 13.002 0.007
4361.56772 12.972 0.004
4362.50947 12.938 0.009
4365.56028 12.878 0.004
4367.48637 12.745 0.025
4368.53000 12.721 0.004
4370.48728 12.601 0.012
4371.53245 12.594 0.037
4373.50438 12.867 0.008
4376.56910 12.484 0.004
4378.51689 12.317 0.012
4379.53194 12.330 0.004
4380.54343 12.274 0.012
4381.52211 12.291 0.005
4382.56466 12.251 0.004
4383.55519 12.201 0.007
4384.52937 12.303 0.013
4394.54456 12.070 0.008
4396.50797 12.011 0.010
4399.52987 11.946 0.011
4400.53194 12.016 0.006
4402.54837 12.032 0.013
4403.54741 12.060 0.008
4408.53819 12.036 0.006
4507.85354 12.954 0.005
4510.85891 13.044 0.005
4513.86004 13.015 0.004
4519.88012 12.966 0.012
4522.87402 13.162 0.005
4524.80991 13.094 0.005
4530.81751 13.134 0.014
4533.85111 13.202 0.004
4535.83536 13.204 0.003
4536.89378 13.208 0.004
4537.87943 13.213 0.009
4538.81454 13.225 0.005
4540.79876 13.261 0.008
4541.79148 13.272 0.005
4542.78618 13.274 0.006
4543.78170 13.380 0.005
4544.77861 13.284 0.004
4545.78492 13.305 0.006
4546.79206 13.341 0.006
4547.78601 13.310 0.011
4548.79700 13.350 0.004
4550.74003 13.413 0.004
4551.76322 13.385 0.005
4552.75915 13.392 0.004
4556.75525 13.434 0.007
4557.77249 13.453 0.005
4558.74944 13.450 0.006
4558.91923 13.448 0.004
4559.74734 13.507 0.010
4560.74745 13.509 0.004
4561.73752 13.511 0.005
4561.92370 13.506 0.008
4564.72770 13.548 0.004
4564.92819 13.548 0.007
4565.72580 13.567 0.010
4565.91663 13.572 0.011
4566.72526 13.613 0.005
4566.92246 13.561 0.010
4567.71824 13.550 0.004
4567.92413 13.557 0.007
4568.72687 13.564 0.004
4569.73595 13.604 0.004
4570.72660 13.590 0.004
4571.72121 13.754 0.004
4571.90979 13.620 0.006
4572.74871 13.637 0.005
4573.73712 13.643 0.004
4573.90347 13.642 0.008
4574.73949 13.622 0.014
4575.74856 13.649 0.007
4576.75508 13.648 0.007
4577.83677 13.671 0.005
4578.80499 13.682 0.004
4579.86474 13.688 0.004
4583.73154 13.746 0.004
4583.91768 13.754 0.004
4585.75524 13.779 0.004
4586.78046 13.883 0.004
4587.76816 13.794 0.004
4587.92672 13.781 0.004
4588.69068 13.808 0.005
4588.92153 13.820 0.007
4589.67358 13.792 0.004
4589.82898 13.795 0.004
4589.89100 13.847 0.005
4590.69638 13.819 0.004
4590.89885 13.823 0.007
4591.70485 13.827 0.005
4591.82976 13.826 0.004
4591.89686 13.817 0.006
4592.66348 13.850 0.004
4592.85275 13.842 0.004
4592.93109 13.831 0.005
4593.65262 13.854 0.004
4593.86231 13.859 0.008
4594.67368 13.855 0.004
4594.86868 13.863 0.005
4594.93417 13.859 0.004
4595.66316 13.874 0.004
4595.85756 13.878 0.005
4595.91944 13.860 0.004
4596.65836 13.880 0.004
4597.68282 13.887 0.004
4597.87433 13.891 0.006
4598.65913 13.917 0.009
4598.92778 13.904 0.007
4599.63157 13.927 0.004
4599.92213 13.912 0.004
4600.64085 13.931 0.006
4600.84954 13.935 0.011
4601.64640 13.936 0.007
4601.86265 13.937 0.005
4601.92452 13.944 0.006
4602.63905 13.948 0.007
4602.84847 13.953 0.005
4603.76650 13.963 0.004
4606.64031 14.043 0.010
4606.89541 14.025 0.005
4610.73649 14.061 0.008
4610.94368 14.064 0.011
4611.62583 14.058 0.004
4611.81668 14.081 0.009
4612.64720 14.089 0.004
4615.78893 14.101 0.004
4616.59794 14.132 0.004
4616.81445 14.113 0.004
4616.88445 14.116 0.004
4617.66694 14.126 0.004
4618.60970 14.146 0.004
4620.63471 14.155 0.004
4621.90921 14.194 0.006
4621.93037 14.187 0.005
4622.80814 14.195 0.008
4622.91879 14.186 0.004
4623.86725 14.157 0.004
4624.58721 14.171 0.004
4624.81137 14.172 0.005
4624.87773 14.172 0.004
4625.79168 14.134 0.008
4625.90763 14.192 0.004
4626.59981 14.154 0.004
4626.85511 14.181 0.004
4627.56027 14.185 0.005
4627.83363 14.191 0.007
4627.91682 14.179 0.005
4628.54681 14.191 0.005
4628.75383 14.206 0.008
4628.81928 14.176 0.004
4628.88916 14.187 0.005
4629.62497 14.178 0.005
4629.82761 14.189 0.004
4629.90561 14.198 0.004
4630.56090 14.184 0.004
4630.76674 14.196 0.008
4630.85011 14.207 0.009
4630.91288 14.199 0.004
4631.56231 14.198 0.006
4631.77805 14.204 0.010
4631.86472 14.190 0.006
4632.56608 14.196 0.005
4632.85283 14.199 0.006
4633.56608 14.185 0.006
4633.67758 14.200 0.005
4633.79335 14.185 0.005
4638.75111 14.186 0.007
4638.86133 14.205 0.004
4639.57367 14.201 0.004
4639.67146 14.201 0.005
4640.59319 14.206 0.005
4640.72536 14.215 0.007
4640.83037 14.200 0.004
4641.66718 14.195 0.004
4641.77714 14.194 0.004
4642.59107 14.190 0.005
4642.75361 14.198 0.004
4642.82866 14.197 0.004
4643.54888 14.210 0.004
4644.59625 14.207 0.004
4644.85522 14.187 0.005
4645.51932 14.183 0.004
4645.76778 14.178 0.006
4645.84250 14.168 0.005
4646.51734 14.175 0.007
4646.84974 14.169 0.004
4647.51371 14.170 0.007
4647.73676 14.168 0.005
4647.84780 14.171 0.005
4648.49689 14.153 0.004
4648.71052 14.163 0.005
4648.81438 14.165 0.005
4649.52297 14.161 0.004
4649.73167 14.148 0.007
4649.85806 14.145 0.005
4650.50894 14.142 0.004
4650.77288 14.136 0.006
4650.86657 14.147 0.006
4651.51229 14.163 0.004
4651.80745 14.143 0.004
4652.50335 14.122 0.004
4652.71647 14.133 0.006
4652.79138 14.132 0.004
4652.84111 14.131 0.004
4653.49969 14.143 0.004
4653.71888 14.131 0.004
4653.78407 14.119 0.004
4654.53850 14.122 0.004
4654.74997 14.131 0.005
4654.81506 14.127 0.004
4655.49954 14.133 0.004
4655.72405 14.131 0.006
4655.78584 14.123 0.006
4656.50153 14.115 0.007
4656.69127 14.055 0.015
4656.81051 14.101 0.005
4657.72648 14.097 0.004
4658.65986 14.092 0.004
4659.59398 14.110 0.007
4660.61229 14.097 0.004
4661.48957 14.076 0.008
4661.69025 14.072 0.006
4661.75174 14.085 0.010
4661.81894 14.072 0.007
4665.65702 14.027 0.007
4666.56248 14.025 0.004
4666.70555 14.019 0.005
4666.74769 14.012 0.004
4670.64716 13.994 0.004
4671.58268 13.991 0.004
4672.50818 13.976 0.006
4672.70066 13.968 0.008
4672.72293 13.966 0.004
4674.51128 13.957 0.004
4674.70441 13.953 0.004
4675.67876 13.944 0.008
4677.48789 13.933 0.005
4677.63431 13.986 0.008
4677.77679 13.935 0.004
4678.69129 13.937 0.005
4679.49351 13.915 0.004
4681.52929 13.897 0.004
4681.62931 13.893 0.006
4681.76152 13.888 0.004
4682.50029 13.872 0.006
4682.65762 13.867 0.004
4682.75285 13.876 0.004
4683.51883 13.869 0.004
4683.70573 13.851 0.004
4684.51138 13.853 0.004
4684.72506 13.840 0.004
4685.49630 13.843 0.004
4685.73128 13.852 0.006
4686.50006 13.829 0.005
4687.48384 13.803 0.004
4687.73934 13.831 0.008
4688.49677 13.812 0.004
4688.68660 13.815 0.004
4688.74841 13.810 0.004
4693.54434 13.802 0.005
4694.53961 13.835 0.005
4697.50023 13.742 0.004
4698.50576 13.721 0.004
4699.50193 13.704 0.005
4700.50819 13.820 0.006
4701.50347 13.688 0.005
4702.50197 13.688 0.004
4703.57249 13.683 0.004
4704.64223 13.674 0.005
4705.50567 13.678 0.004
4707.63600 13.659 0.008
4708.53888 13.620 0.004
4709.51499 13.596 0.006
4710.54461 13.589 0.004
4715.58394 13.532 0.004
4715.60096 13.527 0.004
4716.48542 13.523 0.004
4716.58634 13.530 0.004
4720.55350 13.460 0.004
4721.48504 13.484 0.004
4722.51759 13.454 0.004
4724.50739 13.439 0.004
4724.54495 13.443 0.004
4724.58350 13.431 0.004
4724.61978 13.445 0.004
4724.65368 13.446 0.005
4725.48621 13.453 0.004
4728.59223 13.411 0.004
4729.54772 13.406 0.004
4730.56408 13.404 0.005
4731.57097 13.392 0.005
4733.52266 13.379 0.004
4734.55204 13.377 0.004
4737.54294 13.360 0.004
4740.55345 13.345 0.004
4741.56114 13.340 0.005
4743.53609 13.340 0.004
4753.54700 13.299 0.004
4756.52584 13.292 0.004
4758.50867 13.281 0.005
4868.87897 12.300 0.012
4869.86286 12.317 0.012
4873.85169 12.345 0.020
4874.84617 12.292 0.005
4877.84599 12.223 0.019
4886.90008 12.200 0.008
4890.88158 12.222 0.012
4896.86981 12.166 0.032
4899.84073 12.247 0.008
4905.90735 12.178 0.012
4911.77987 12.275 0.009
4914.79386 12.186 0.017
4927.71579 12.249 0.005
4927.87026 12.289 0.009
4928.73225 12.270 0.004
4929.78851 12.284 0.011
4930.70301 12.326 0.017
4930.82195 12.256 0.013
4931.71785 12.340 0.012
4931.86352 12.286 0.013
4932.72090 12.319 0.038
4933.76923 12.279 0.014
4934.76763 12.343 0.010
4934.87248 12.297 0.010
4938.67822 12.330 0.016
4938.88288 12.337 0.011
4939.69714 12.281 0.008
4940.69714 12.274 0.025
4941.67590 12.356 0.004
4941.77390 12.405 0.013
4943.80722 12.482 0.013
4944.66453 12.349 0.015
4944.81997 12.462 0.016
4945.71300 12.349 0.012
4946.66265 12.425 0.010
4947.85427 12.537 0.023
4948.83688 12.578 0.020
4951.64502 12.455 0.008
4952.64326 12.428 0.005
4953.81147 12.482 0.009
4954.63843 12.571 0.013
4954.83130 12.490 0.011
4955.63914 12.489 0.010
4955.77250 12.533 0.008
