wav,rprs
 0.27333,0.1189632
 0.27410,0.1189583
 0.27487,0.1189535
 0.27564,0.1189486
 0.27641,0.1189437
 0.27718,0.1189389
 0.27795,0.1189341
 0.27872,0.1189292
 0.27949,0.1189244
 0.28026,0.1189196
 0.28103,0.1189149
 0.28180,0.1189101
 0.28257,0.1189053
 0.28334,0.1189006
 0.28411,0.1188959
 0.28488,0.1188912
 0.28565,0.1188865
 0.28642,0.1188818
 0.28719,0.1188771
 0.28796,0.1188724
 0.28873,0.1188678
 0.28950,0.1188632
 0.29027,0.1188585
 0.29104,0.1188539
 0.29181,0.1188493
 0.29258,0.1188447
 0.29335,0.1188401
 0.29412,0.1188356
 0.29489,0.1188310
 0.29566,0.1188265
 0.29643,0.1188220
 0.29720,0.1188174
 0.29797,0.1188129
 0.29874,0.1188084
 0.29951,0.1188040
 0.30028,0.1187995
 0.30105,0.1187950
 0.30182,0.1187906
 0.30259,0.1187861
 0.30336,0.1187817
 0.30413,0.1187773
 0.30490,0.1187729
 0.30567,0.1187685
 0.30644,0.1187641
 0.30721,0.1187598
 0.30798,0.1187554
 0.30875,0.1187510
 0.30952,0.1187467
 0.31029,0.1187424
 0.31106,0.1187381
 0.31183,0.1187338
 0.31260,0.1187295
 0.31337,0.1187252
 0.31414,0.1187209
 0.31491,0.1187166
 0.31568,0.1187124
 0.31645,0.1187081
 0.31722,0.1187039
 0.31799,0.1186997
 0.31876,0.1186955
 0.31953,0.1186913
 0.32030,0.1186871
 0.32107,0.1186829
 0.32184,0.1186787
 0.32261,0.1186746
 0.32338,0.1186704
 0.32415,0.1186663
 0.32492,0.1186621
 0.32569,0.1186580
 0.32646,0.1186539
 0.32723,0.1186498
 0.32800,0.1186457
 0.32877,0.1186416
 0.32954,0.1186376
 0.33031,0.1186335
 0.33108,0.1186294
 0.33185,0.1186254
 0.33262,0.1186214
 0.33339,0.1186173
 0.33416,0.1186133
 0.33493,0.1186093
 0.33570,0.1186053
 0.33647,0.1186013
 0.33724,0.1185973
 0.33801,0.1185934
 0.33878,0.1185894
 0.33955,0.1185855
 0.34032,0.1185815
 0.34109,0.1185776
 0.34186,0.1185736
 0.34263,0.1185697
 0.34340,0.1185658
 0.34417,0.1185619
 0.34494,0.1185580
 0.34571,0.1185541
 0.34648,0.1185503
 0.34725,0.1185464
 0.34802,0.1185425
 0.34879,0.1185387
 0.34956,0.1185349
 0.35031,0.1185316
 0.35104,0.1185280
 0.35177,0.1185243
 0.35250,0.1185208
 0.35323,0.1185174
 0.35397,0.1185139
 0.35471,0.1185104
 0.35544,0.1185068
 0.35618,0.1185033
 0.35692,0.1184997
 0.35766,0.1184960
 0.35841,0.1184924
 0.35915,0.1184887
 0.35990,0.1184852
 0.36065,0.1184817
 0.36140,0.1184783
 0.36215,0.1184748
 0.36290,0.1184712
 0.36366,0.1184677
 0.36441,0.1184641
 0.36517,0.1184604
 0.36593,0.1184568
 0.36669,0.1184531
 0.36746,0.1184495
 0.36822,0.1184461
 0.36898,0.1184426
 0.36975,0.1184391
 0.37052,0.1184356
 0.37129,0.1184321
 0.37206,0.1184285
 0.37284,0.1184248
 0.37361,0.1184212
 0.37439,0.1184175
 0.37517,0.1184139
 0.37595,0.1184105
 0.37673,0.1184070
 0.37751,0.1184035
 0.37830,0.1184000
 0.37908,0.1183964
 0.37987,0.1183929
 0.38066,0.1183892
 0.38145,0.1183856
 0.38225,0.1183819
 0.38304,0.1183783
 0.38384,0.1183748
 0.38464,0.1183714
 0.38544,0.1183679
 0.38624,0.1183644
 0.38704,0.1183608
 0.38785,0.1183573
 0.38865,0.1183537
 0.38946,0.1183500
 0.39027,0.1183464
 0.39108,0.1183427
 0.39190,0.1183392
 0.39271,0.1183358
 0.39353,0.1183323
 0.39435,0.1183288
 0.39517,0.1183253
 0.39599,0.1183217
 0.39681,0.1183181
 0.39764,0.1183145
 0.39846,0.1183109
 0.39929,0.1183072
 0.40012,0.1183038
 0.40095,0.1183004
 0.40179,0.1182972
 0.40262,0.1182944
 0.40346,0.1182944
 0.40430,0.1185740
 0.40514,0.1183291
 0.40598,0.1182813
 0.40683,0.1182761
 0.40767,0.1182720
 0.40852,0.1182682
 0.40937,0.1182647
 0.41022,0.1182612
 0.41107,0.1182576
 0.41193,0.1182541
 0.41279,0.1182505
 0.41364,0.1182469
 0.41450,0.1182433
 0.41537,0.1182396
 0.41623,0.1182360
 0.41710,0.1182323
 0.41796,0.1182289
 0.41883,0.1182254
 0.41970,0.1182219
 0.42058,0.1182184
 0.42145,0.1182149
 0.42233,0.1182113
 0.42320,0.1182077
 0.42408,0.1182040
 0.42497,0.1182004
 0.42585,0.1181967
 0.42674,0.1181933
 0.42762,0.1181898
 0.42851,0.1181863
 0.42940,0.1181828
 0.43030,0.1181793
 0.43119,0.1181757
 0.43209,0.1181721
 0.43299,0.1181684
 0.43389,0.1181648
 0.43479,0.1181611
 0.43569,0.1181576
 0.43660,0.1181542
 0.43751,0.1181507
 0.43842,0.1181472
 0.43933,0.1181436
 0.44024,0.1181401
 0.44116,0.1181365
 0.44207,0.1181329
 0.44299,0.1181292
 0.44392,0.1181255
 0.44484,0.1181220
 0.44576,0.1181185
 0.44669,0.1181151
 0.44762,0.1181116
 0.44855,0.1181080
 0.44948,0.1181045
 0.45042,0.1181009
 0.45135,0.1180973
 0.45229,0.1180936
 0.45323,0.1180900
 0.45418,0.1180864
 0.45512,0.1180829
 0.45607,0.1180795
 0.45701,0.1180760
 0.45796,0.1180725
 0.45892,0.1180689
 0.45987,0.1180653
 0.46083,0.1180617
 0.46179,0.1180581
 0.46275,0.1180544
 0.46371,0.1180508
 0.46467,0.1180473
 0.46564,0.1180439
 0.46661,0.1180404
 0.46758,0.1180369
 0.46855,0.1180333
 0.46952,0.1180298
 0.47050,0.1180262
 0.47148,0.1180226
 0.47246,0.1180189
 0.47344,0.1180155
 0.47443,0.1180118
 0.47541,0.1180083
 0.47640,0.1180049
 0.47739,0.1180014
 0.47838,0.1179978
 0.47938,0.1179943
 0.48038,0.1179907
 0.48138,0.1179871
 0.48238,0.1179834
 0.48338,0.1179799
 0.48438,0.1179764
 0.48539,0.1179729
 0.48640,0.1179695
 0.48741,0.1179660
 0.48843,0.1179625
 0.48944,0.1179589
 0.49046,0.1179553
 0.49148,0.1179518
 0.49250,0.1179482
 0.49353,0.1179445
 0.49455,0.1179410
 0.49558,0.1179377
 0.49661,0.1179342
 0.49764,0.1179308
 0.49868,0.1179274
 0.49972,0.1179239
 0.50075,0.1179204
 0.50180,0.1179171
 0.50284,0.1179136
 0.50388,0.1179098
 0.50493,0.1179062
 0.50598,0.1179029
 0.50703,0.1178999
 0.50809,0.1178963
 0.50915,0.1178928
 0.51020,0.1178895
 0.51127,0.1178861
 0.51233,0.1178827
 0.51339,0.1178794
 0.51446,0.1178759
 0.51553,0.1178725
 0.51660,0.1178692
 0.51768,0.1178660
 0.51875,0.1178629
 0.51983,0.1178597
 0.52091,0.1178568
 0.52200,0.1178536
 0.52308,0.1178505
 0.52417,0.1178476
 0.52526,0.1178446
 0.52635,0.1178415
 0.52745,0.1178387
 0.52854,0.1178358
 0.52964,0.1178330
 0.53074,0.1178305
 0.53185,0.1178280
 0.53295,0.1178260
 0.53406,0.1178235
 0.53517,0.1178213
 0.53629,0.1178193
 0.53740,0.1178174
 0.53852,0.1178155
 0.53964,0.1178140
 0.54076,0.1178126
 0.54188,0.1178119
 0.54301,0.1178112
 0.54414,0.1178098
 0.54527,0.1178093
 0.54641,0.1178103
 0.54754,0.1178094
 0.54868,0.1178101
 0.54982,0.1178107
 0.55096,0.1178119
 0.55211,0.1178137
 0.55326,0.1178160
 0.55441,0.1178186
 0.55556,0.1178219
 0.55672,0.1178256
 0.55787,0.1178301
 0.55903,0.1178352
 0.56020,0.1178415
 0.56136,0.1178484
 0.56253,0.1178561
 0.56370,0.1178644
 0.56487,0.1178740
 0.56605,0.1178851
 0.56722,0.1178971
 0.56840,0.1179152
 0.56958,0.1179259
 0.57077,0.1179415
 0.57196,0.1179598
 0.57315,0.1179794
 0.57434,0.1180013
 0.57553,0.1180259
 0.57673,0.1180531
 0.57793,0.1180843
 0.57913,0.1181192
 0.58033,0.1181588
 0.58154,0.1182050
 0.58275,0.1182603
 0.58396,0.1183265
 0.58518,0.1184121
 0.58639,0.1185305
 0.58761,0.1187517
 0.58883,0.1195773
 0.59006,0.1192077
 0.59129,0.1186396
 0.59251,0.1184770
 0.59375,0.1183744
 0.59498,0.1182971
 0.59622,0.1182348
 0.59746,0.1181816
 0.59870,0.1181372
 0.59995,0.1180976
 0.60119,0.1180619
 0.60244,0.1180307
 0.60370,0.1180009
 0.60495,0.1179740
 0.60621,0.1179502
 0.60747,0.1179269
 0.60873,0.1179044
 0.61000,0.1178845
 0.61127,0.1178650
 0.61254,0.1178477
 0.61381,0.1178304
 0.61509,0.1178145
 0.61637,0.1177989
 0.61765,0.1177846
 0.61893,0.1177703
 0.62022,0.1177566
 0.62151,0.1177441
 0.62280,0.1177315
 0.62410,0.1177197
 0.62540,0.1177092
 0.62670,0.1176978
 0.62800,0.1176873
 0.62931,0.1176769
 0.63061,0.1176674
 0.63193,0.1176575
 0.63324,0.1176485
 0.63456,0.1176398
 0.63588,0.1176310
 0.63720,0.1176223
 0.63852,0.1176139
 0.63985,0.1176071
 0.64118,0.1175984
 0.64251,0.1175925
 0.64385,0.1175879
 0.64519,0.1175862
 0.64653,0.1175712
 0.64788,0.1175654
 0.64922,0.1175579
 0.65057,0.1175507
 0.65193,0.1175501
 0.65328,0.1175380
 0.65464,0.1175323
 0.65600,0.1175360
 0.65737,0.1175217
 0.65873,0.1175256
 0.66010,0.1175136
 0.66147,0.1175042
 0.66285,0.1175031
 0.66423,0.1174945
 0.66561,0.1174926
 0.66699,0.1174858
 0.66838,0.1174802
 0.66977,0.1174744
 0.67116,0.1174698
 0.67256,0.1174661
 0.67396,0.1174614
 0.67536,0.1174569
 0.67676,0.1174529
 0.67817,0.1174496
 0.67958,0.1174458
 0.68099,0.1174408
 0.68241,0.1174373
 0.68383,0.1174339
 0.68525,0.1174312
 0.68668,0.1174288
 0.68810,0.1174274
 0.68953,0.1174262
 0.69097,0.1174222
 0.69241,0.1174789
 0.69385,0.1174202
 0.69529,0.1174166
 0.69673,0.1174529
 0.69818,0.1174151
 0.69963,0.1174123
 0.70109,0.1174283
 0.70255,0.1174551
 0.70401,0.1174129
 0.70547,0.1174619
 0.70694,0.1174135
 0.70841,0.1174259
 0.70988,0.1174133
 0.71136,0.1174468
 0.71284,0.1174261
 0.71432,0.1174400
 0.71581,0.1174487
 0.71729,0.1175691
 0.71879,0.1174519
 0.72028,0.1174658
 0.72178,0.1175082
 0.72328,0.1175470
 0.72478,0.1174685
 0.72629,0.1175187
 0.72780,0.1175113
 0.72931,0.1174752
 0.73083,0.1175354
 0.73235,0.1175077
 0.73387,0.1175208
 0.73540,0.1175227
 0.73693,0.1175452
 0.73846,0.1175546
 0.74000,0.1175901
 0.74153,0.1175764
 0.74308,0.1175860
 0.74462,0.1176255
 0.74617,0.1176288
 0.74772,0.1176756
 0.74928,0.1176790
 0.75083,0.1177113
 0.75240,0.1177368
 0.75396,0.1177743
 0.75553,0.1178131
 0.75710,0.1178581
 0.75867,0.1179141
 0.76025,0.1179835
 0.76183,0.1180708
 0.76342,0.1181962
 0.76500,0.1184647
 0.76659,0.1190856
 0.76819,0.1185040
 0.76979,0.1189469
 0.77139,0.1183593
 0.77299,0.1181243
 0.77460,0.1180139
 0.77621,0.1179361
 0.77782,0.1178743
 0.77944,0.1178233
 0.78106,0.1177799
 0.78269,0.1177409
 0.78431,0.1177050
 0.78594,0.1176746
 0.78758,0.1176459
 0.78922,0.1176194
 0.79086,0.1176042
 0.79250,0.1175727
 0.79415,0.1175514
 0.79580,0.1175300
 0.79746,0.1175130
 0.79911,0.1174948
 0.80078,0.1174767
 0.80244,0.1174679
 0.80411,0.1174487
 0.80578,0.1174374
 0.80746,0.1174253
 0.80914,0.1174324
 0.81082,0.1174274
 0.81251,0.1175396
 0.81419,0.1174852
 0.81589,0.1173783
 0.81758,0.1174370
 0.81928,0.1173524
 0.82099,0.1173434
 0.82270,0.1173273
 0.82441,0.1173315
 0.82612,0.1175492
 0.82784,0.1172884
 0.82956,0.1173528
 0.83128,0.1172955
 0.83301,0.1172800
 0.83475,0.1172470
 0.83648,0.1172599
 0.83822,0.1172645
 0.83996,0.1172400
 0.84171,0.1172877
 0.84346,0.1172310
 0.84521,0.1173446
 0.84697,0.1172128
 0.84873,0.1171968
 0.85050,0.1172145
 0.85227,0.1171866
 0.85404,0.1171575
 0.85581,0.1172318
 0.85759,0.1171543
 0.85938,0.1172139
 0.86116,0.1171653
 0.86296,0.1171384
 0.86475,0.1171379
 0.86655,0.1171332
 0.86835,0.1171038
 0.87016,0.1171099
 0.87197,0.1171093
 0.87378,0.1170989
 0.87560,0.1170856
 0.87742,0.1170698
 0.87924,0.1170751
 0.88107,0.1170612
 0.88290,0.1170804
 0.88474,0.1170497
 0.88658,0.1170408
 0.88842,0.1170409
 0.89027,0.1170883
 0.89212,0.1173736
 0.89397,0.1170679
 0.89583,0.1170859
 0.89770,0.1170989
 0.89956,0.1170917
 0.90143,0.1173381
 0.90331,0.1171918
 0.90519,0.1170833
 0.90707,0.1170759
 0.90895,0.1173731
 0.91084,0.1170511
 0.91274,0.1170264
 0.91464,0.1172727
 0.91654,0.1171521
 0.91844,0.1173037
 0.92035,0.1170272
 0.92227,0.1172575
 0.92419,0.1174183
 0.92611,0.1171905
 0.92803,0.1179344
 0.92996,0.1174559
 0.93190,0.1177291
 0.93384,0.1176672
 0.93578,0.1176081
 0.93772,0.1175880
 0.93967,0.1174853
 0.94163,0.1174721
 0.94359,0.1172762
 0.94555,0.1176275
 0.94751,0.1176902
 0.94948,0.1172387
 0.95146,0.1172307
 0.95344,0.1173874
 0.95542,0.1178779
 0.95741,0.1178141
 0.95940,0.1174697
 0.96139,0.1174645
 0.96339,0.1174905
 0.96539,0.1176490
 0.96740,0.1173213
 0.96941,0.1175874
 0.97143,0.1176788
 0.97345,0.1174296
 0.97547,0.1173656
 0.97750,0.1176636
 0.97953,0.1173887
 0.98157,0.1174553
 0.98361,0.1174121
 0.98566,0.1173181
 0.98771,0.1173113
 0.98976,0.1174451
 0.99182,0.1174858
 0.99388,0.1172299
 0.99595,0.1173797
 0.99802,0.1173482
 1.00010,0.1172603
 1.00217,0.1172045
 1.00426,0.1171309
 1.00635,0.1172020
 1.00844,0.1173812
 1.01054,0.1171546
 1.01264,0.1171718
 1.01474,0.1170790
 1.01685,0.1170071
 1.01897,0.1169970
 1.02109,0.1170280
 1.02321,0.1169173
 1.02534,0.1168835
 1.02747,0.1169565
 1.02961,0.1169150
 1.03175,0.1168671
 1.03389,0.1168566
 1.03604,0.1168164
 1.03820,0.1168899
 1.04036,0.1168147
 1.04252,0.1168712
 1.04469,0.1168815
 1.04686,0.1168780
 1.04904,0.1168554
 1.05122,0.1168395
 1.05340,0.1168544
 1.05559,0.1168192
 1.05779,0.1168444
 1.05999,0.1168118
 1.06219,0.1168069
 1.06440,0.1167990
 1.06662,0.1168670
 1.06883,0.1168177
 1.07106,0.1168726
 1.07328,0.1168581
 1.07552,0.1167406
 1.07775,0.1168267
 1.07999,0.1167760
 1.08224,0.1167363
 1.08449,0.1167986
 1.08674,0.1168391
 1.08900,0.1170087
 1.09127,0.1170616
 1.09354,0.1174623
 1.09581,0.1170863
 1.09809,0.1174168
 1.10037,0.1177098
 1.10266,0.1177362
 1.10495,0.1173465
 1.10725,0.1174878
 1.10956,0.1174362
 1.11186,0.1175716
 1.11417,0.1174529
 1.11649,0.1178184
 1.11881,0.1172502
 1.12114,0.1176989
 1.12347,0.1175491
 1.12581,0.1178373
 1.12815,0.1177724
 1.13049,0.1177826
 1.13284,0.1176001
 1.13520,0.1177300
 1.13756,0.1173994
 1.13993,0.1176538
 1.14230,0.1177868
 1.14467,0.1176358
 1.14705,0.1176195
 1.14944,0.1173080
 1.15183,0.1176743
 1.15422,0.1173940
 1.15662,0.1174106
 1.15903,0.1174587
 1.16144,0.1178652
 1.16385,0.1174015
 1.16627,0.1174005
 1.16870,0.1174934
 1.17113,0.1172578
 1.17356,0.1178474
 1.17600,0.1171856
 1.17845,0.1171602
 1.18090,0.1175418
 1.18336,0.1172946
 1.18582,0.1172496
 1.18828,0.1175955
 1.19075,0.1174397
 1.19323,0.1172734
 1.19571,0.1172840
 1.19820,0.1175824
 1.20069,0.1173978
 1.20319,0.1171470
 1.20569,0.1171112
 1.20820,0.1171803
 1.21071,0.1171557
 1.21323,0.1171833
 1.21575,0.1171264
 1.21828,0.1171335
 1.22081,0.1169635
 1.22335,0.1171025
 1.22589,0.1172078
 1.22844,0.1173367
 1.23100,0.1169071
 1.23356,0.1169340
 1.23612,0.1170648
 1.23869,0.1170639
 1.24127,0.1168568
 1.24385,0.1169649
 1.24643,0.1168834
 1.24903,0.1168041
 1.25162,0.1169653
 1.25423,0.1170844
 1.25683,0.1167149
 1.25945,0.1169162
 1.26207,0.1170314
 1.26469,0.1168382
 1.26732,0.1167100
 1.26996,0.1168435
 1.27260,0.1168442
 1.27524,0.1170449
 1.27789,0.1167703
 1.28055,0.1168858
 1.28322,0.1169099
 1.28588,0.1172746
 1.28856,0.1170319
 1.29124,0.1168189
 1.29392,0.1167474
 1.29661,0.1169093
 1.29931,0.1169892
 1.30201,0.1170438
 1.30472,0.1170062
 1.30743,0.1171534
 1.31015,0.1170992
 1.31287,0.1173383
 1.31560,0.1172881
 1.31834,0.1171169
 1.32108,0.1172187
 1.32383,0.1170026
 1.32658,0.1171894
 1.32934,0.1177475
 1.33210,0.1181837
 1.33487,0.1181130
 1.33765,0.1183253
 1.34043,0.1179716
 1.34322,0.1184638
 1.34601,0.1184366
 1.34881,0.1182938
 1.35162,0.1187596
 1.35443,0.1184530
 1.35724,0.1182102
 1.36007,0.1183070
 1.36289,0.1183777
 1.36573,0.1181981
 1.36857,0.1180475
 1.37141,0.1184289
 1.37426,0.1181111
 1.37712,0.1188051
 1.37999,0.1184446
 1.38286,0.1183857
 1.38573,0.1188415
 1.38861,0.1183381
 1.39150,0.1188383
 1.39439,0.1185307
 1.39729,0.1188056
 1.40020,0.1188525
 1.40311,0.1183280
 1.40603,0.1188499
 1.40895,0.1186695
 1.41188,0.1183124
 1.41482,0.1184953
 1.41776,0.1188456
 1.42071,0.1184039
 1.42366,0.1188994
 1.42662,0.1187132
 1.42959,0.1183792
 1.43256,0.1184618
 1.43554,0.1185840
 1.43853,0.1184800
 1.44152,0.1186392
 1.44452,0.1186451
 1.44752,0.1185008
 1.45053,0.1179939
 1.45355,0.1185054
 1.45657,0.1191125
 1.45960,0.1181389
 1.46263,0.1185413
 1.46567,0.1187513
 1.46872,0.1181485
 1.47178,0.1182866
 1.47484,0.1187145
 1.47790,0.1187738
 1.48098,0.1184426
 1.48406,0.1184125
 1.48714,0.1181446
 1.49023,0.1183342
 1.49333,0.1182398
 1.49644,0.1182212
 1.49955,0.1182921
 1.50267,0.1182464
 1.50579,0.1180694
 1.50892,0.1181286
 1.51206,0.1181572
 1.51521,0.1180160
 1.51836,0.1178720
 1.52151,0.1178657
 1.52468,0.1179018
 1.52785,0.1179187
 1.53103,0.1179813
 1.53421,0.1180301
 1.53740,0.1178899
 1.54060,0.1179779
 1.54380,0.1181159
 1.54701,0.1180339
 1.55023,0.1178252
 1.55345,0.1177172
 1.55668,0.1175697
 1.55992,0.1175050
 1.56316,0.1175111
 1.56641,0.1174004
 1.56967,0.1173617
 1.57293,0.1178009
 1.57620,0.1175569
 1.57948,0.1174592
 1.58277,0.1174533
 1.58606,0.1176125
 1.58936,0.1174992
 1.59266,0.1170143
 1.59597,0.1171841
 1.59929,0.1172732
 1.60262,0.1171808
 1.60595,0.1171786
 1.60929,0.1175158
 1.61264,0.1173899
 1.61599,0.1173929
 1.61935,0.1170911
 1.62272,0.1170484
 1.62609,0.1172189
 1.62947,0.1171919
 1.63286,0.1170675
 1.63626,0.1173057
 1.63966,0.1168326
 1.64307,0.1170217
 1.64648,0.1168379
 1.64991,0.1173366
 1.65334,0.1171631
 1.65678,0.1169208
 1.66022,0.1171758
 1.66367,0.1170724
 1.66713,0.1169644
 1.67060,0.1173086
 1.67408,0.1169472
 1.67756,0.1169233
 1.68104,0.1169980
 1.68454,0.1171108
 1.68804,0.1168044
 1.69155,0.1170624
 1.69507,0.1170695
 1.69860,0.1169971
 1.70213,0.1170362
 1.70567,0.1171046
 1.70921,0.1172886
 1.71277,0.1172894
 1.71633,0.1173397
 1.71990,0.1173932
 1.72348,0.1174745
 1.72706,0.1179831
 1.73065,0.1175662
 1.73425,0.1174144
 1.73786,0.1174545
 1.74147,0.1175493
 1.74509,0.1179021
 1.74872,0.1176044
 1.75236,0.1180999
 1.75600,0.1178132
 1.75965,0.1181019
 1.76331,0.1184371
 1.76698,0.1182395
 1.77065,0.1176068
 1.77433,0.1185237
 1.77802,0.1179020
 1.78172,0.1185770
 1.78543,0.1184250
 1.78914,0.1182053
 1.79286,0.1182271
 1.79659,0.1177656
 1.80032,0.1185756
 1.80407,0.1183846
 1.80782,0.1177342
 1.81158,0.1179849
 1.81534,0.1180255
 1.81912,0.1182119
 1.82290,0.1183155
 1.82669,0.1185136
 1.83049,0.1181568
 1.83430,0.1185962
 1.83811,0.1183370
 1.84193,0.1191487
 1.84576,0.1180641
 1.84960,0.1178493
 1.85345,0.1186104
 1.85730,0.1188099
 1.86116,0.1183253
 1.86503,0.1184181
 1.86891,0.1187888
 1.87280,0.1186895
 1.87669,0.1181054
 1.88060,0.1187064
 1.88451,0.1186417
 1.88842,0.1181012
 1.89235,0.1183664
 1.89629,0.1178219
 1.90023,0.1178918
 1.90418,0.1183209
 1.90814,0.1183456
 1.91211,0.1186740
 1.91608,0.1182252
 1.92007,0.1185055
 1.92406,0.1181483
 1.92806,0.1183468
 1.93207,0.1180742
 1.93609,0.1184335
 1.94012,0.1183610
 1.94415,0.1185303
 1.94819,0.1179738
 1.95224,0.1185396
 1.95630,0.1178391
 1.96037,0.1186293
 1.96445,0.1182307
 1.96853,0.1186530
 1.97263,0.1186360
 1.97673,0.1187735
 1.98084,0.1180568
 1.98496,0.1182809
 1.98909,0.1184306
 1.99322,0.1186027
 1.99737,0.1182820
 2.00152,0.1183152
 2.00568,0.1184636
 2.00985,0.1186364
 2.01403,0.1184073
 2.01822,0.1183113
 2.02242,0.1181509
 2.02662,0.1185064
 2.03084,0.1182501
 2.03506,0.1177969
 2.03929,0.1181843
 2.04353,0.1178432
 2.04778,0.1185323
 2.05204,0.1176868
 2.05631,0.1183339
 2.06058,0.1178550
 2.06487,0.1178097
 2.06916,0.1174415
 2.07346,0.1181048
 2.07778,0.1173707
 2.08210,0.1173614
 2.08643,0.1178402
 2.09076,0.1175634
 2.09511,0.1178732
 2.09947,0.1174399
 2.10383,0.1173855
 2.10821,0.1177033
 2.11259,0.1172634
 2.11699,0.1175875
 2.12139,0.1171824
 2.12580,0.1172060
 2.13022,0.1172433
 2.13465,0.1173035
 2.13909,0.1176503
 2.14354,0.1172362
 2.14799,0.1173057
 2.15246,0.1174877
 2.15694,0.1174129
 2.16142,0.1174866
 2.16592,0.1171583
 2.17042,0.1171779
 2.17493,0.1177549
 2.17946,0.1173968
 2.18399,0.1170442
 2.18853,0.1170387
 2.19308,0.1171780
 2.19764,0.1173780
 2.20221,0.1175003
 2.20679,0.1174916
 2.21138,0.1176177
 2.21598,0.1175191
 2.22059,0.1172456
 2.22520,0.1176232
 2.22983,0.1174315
 2.23447,0.1171733
 2.23911,0.1172490
 2.24377,0.1173793
 2.24844,0.1175497
 2.25311,0.1173368
 2.25780,0.1176055
 2.26249,0.1171775
 2.26720,0.1171259
 2.27191,0.1172879
 2.27663,0.1172097
 2.28137,0.1173447
 2.28611,0.1170916
 2.29087,0.1173702
 2.29563,0.1178074
 2.30040,0.1174554
 2.30519,0.1173774
 2.30998,0.1173721
 2.31478,0.1173876
 2.31960,0.1180975
 2.32442,0.1181003
 2.32925,0.1175513
 2.33410,0.1178837
 2.33895,0.1176205
 2.34382,0.1175507
 2.34869,0.1176548
 2.35357,0.1178391
 2.35847,0.1182250
 2.36337,0.1176845
 2.36829,0.1173697
 2.37321,0.1177903
 2.37815,0.1175598
 2.38309,0.1180749
 2.38805,0.1176867
 2.39301,0.1177131
 2.39799,0.1178242
 2.40298,0.1179423
 2.40797,0.1181236
 2.41298,0.1184349
 2.41800,0.1177063
 2.42302,0.1176291
 2.42806,0.1179920
 2.43311,0.1180082
 2.43817,0.1176832
 2.44324,0.1184295
 2.44832,0.1180816
 2.45341,0.1186822
 2.45852,0.1184266
 2.46363,0.1190844
 2.46875,0.1183530
 2.47388,0.1179922
 2.47903,0.1183826
 2.48418,0.1180738
 2.48935,0.1198721
 2.49453,0.1185448
 2.49971,0.1189165
 2.50491,0.1186932
 2.51012,0.1191118
 2.51534,0.1184452
 2.52057,0.1193212
 2.52581,0.1187726
 2.53106,0.1187086
 2.53633,0.1196584
 2.54160,0.1192807
 2.54689,0.1193622
 2.55218,0.1184356
 2.55749,0.1187075
 2.56281,0.1191853
 2.56814,0.1186636
 2.57348,0.1186979
 2.57883,0.1191837
 2.58419,0.1187698
 2.58956,0.1194388
 2.59495,0.1189737
 2.60035,0.1188342
 2.60575,0.1193480
 2.61117,0.1187354
 2.61660,0.1189391
 2.62204,0.1193095
 2.62749,0.1187579
 2.63296,0.1186404
 2.63843,0.1181156
 2.64392,0.1185053
 2.64942,0.1192851
 2.65493,0.1189567
 2.66045,0.1193487
 2.66598,0.1188909
 2.67152,0.1192806
 2.67708,0.1194243
 2.68265,0.1191115
 2.68822,0.1186232
 2.69381,0.1192460
 2.69942,0.1184260
 2.70503,0.1186337
 2.71065,0.1189744
 2.71629,0.1187360
 2.72194,0.1188533
 2.72760,0.1190711
 2.73327,0.1189834
 2.73895,0.1191631
 2.74465,0.1190353
 2.75036,0.1190142
 2.75608,0.1192248
 2.76181,0.1184269
 2.76755,0.1186943
 2.77331,0.1188715
 2.77907,0.1192675
 2.78485,0.1193148
 2.79064,0.1190752
 2.79645,0.1184191
 2.80226,0.1191853
 2.80809,0.1190097
 2.81393,0.1189126
 2.81978,0.1189344
 2.82564,0.1188050
 2.83152,0.1185507
 2.83741,0.1194216
 2.84331,0.1187709
 2.84922,0.1186034
 2.85514,0.1195373
 2.86108,0.1185000
 2.86703,0.1190878
 2.87299,0.1193155
 2.87897,0.1189956
 2.88495,0.1188536
 2.89095,0.1189469
 2.89696,0.1191826
 2.90299,0.1187406
 2.90902,0.1189340
 2.91507,0.1186690
 2.92113,0.1189889
 2.92721,0.1194201
 2.93330,0.1191283
 2.93940,0.1188970
 2.94551,0.1184468
 2.95163,0.1187383
 2.95777,0.1185456
 2.96392,0.1193281
 2.97008,0.1190422
 2.97626,0.1188031
 2.98245,0.1188509
 2.98865,0.1192439
 2.99487,0.1187875
 3.00109,0.1188100
 3.00733,0.1193782
 3.01359,0.1187251
 3.01985,0.1187158
 3.02613,0.1185748
 3.03243,0.1186783
 3.03873,0.1189350
 3.04505,0.1191655
 3.05138,0.1188022
 3.05773,0.1185382
 3.06409,0.1184202
 3.07046,0.1192410
 3.07684,0.1187684
 3.08324,0.1185981
 3.08965,0.1185298
 3.09608,0.1187301
 3.10252,0.1188582
 3.10897,0.1190251
 3.11543,0.1186109
 3.12191,0.1187185
 3.12840,0.1187549
 3.13491,0.1180784
 3.14143,0.1185125
 3.14796,0.1182005
 3.15450,0.1184419
 3.16106,0.1186959
 3.16764,0.1182627
 3.17422,0.1183683
 3.18082,0.1184540
 3.18744,0.1186045
 3.19407,0.1182382
 3.20071,0.1189695
 3.20736,0.1184970
 3.21403,0.1183132
 3.22072,0.1180995
 3.22741,0.1181206
 3.23413,0.1181645
 3.24085,0.1188012
 3.24759,0.1183243
 3.25434,0.1181012
 3.26111,0.1181330
 3.26789,0.1182090
 3.27469,0.1181687
 3.28150,0.1181094
 3.28832,0.1180825
 3.29516,0.1180192
 3.30201,0.1181434
 3.30888,0.1181401
 3.31576,0.1182133
 3.32265,0.1182594
 3.32956,0.1180527
 3.33649,0.1193762
 3.34342,0.1188117
 3.35038,0.1179713
 3.35734,0.1181292
 3.36432,0.1181446
 3.37132,0.1179717
 3.37833,0.1178893
 3.38536,0.1185952
 3.39240,0.1184322
 3.39945,0.1184181
 3.40652,0.1177823
 3.41360,0.1174783
 3.42070,0.1180482
 3.42781,0.1186034
 3.43494,0.1177147
 3.44208,0.1180088
 3.44924,0.1182593
 3.45641,0.1181279
 3.46360,0.1176660
 3.47080,0.1178123
 3.47802,0.1179440
 3.48525,0.1177274
 3.49250,0.1179520
 3.49976,0.1180305
 3.50704,0.1179251
 3.51433,0.1178274
 3.52164,0.1182251
 3.52896,0.1178290
 3.53630,0.1178884
 3.54366,0.1180890
 3.55103,0.1178901
 3.55841,0.1176640
 3.56581,0.1179123
 3.57322,0.1174394
 3.58065,0.1180926
 3.58810,0.1174299
 3.59556,0.1173723
 3.60304,0.1174137
 3.61053,0.1182096
 3.61804,0.1177883
 3.62556,0.1178869
 3.63310,0.1174631
 3.64066,0.1177879
 3.64823,0.1174303
 3.65581,0.1174970
 3.66341,0.1173918
 3.67103,0.1173838
 3.67867,0.1177635
 3.68632,0.1176955
 3.69398,0.1174678
 3.70166,0.1173021
 3.70936,0.1174072
 3.71707,0.1177444
 3.72480,0.1174530
 3.73255,0.1173689
 3.74031,0.1173819
 3.74809,0.1175222
 3.75588,0.1177916
 3.76369,0.1174549
 3.77152,0.1173309
 3.77936,0.1175761
 3.78722,0.1174664
 3.79509,0.1173973
 3.80299,0.1173415
 3.81089,0.1172317
 3.81882,0.1172370
 3.82676,0.1174097
 3.83472,0.1172029
 3.84269,0.1174485
 3.85068,0.1170893
 3.85869,0.1172526
 3.86671,0.1174107
 3.87475,0.1173379
 3.88281,0.1174105
 3.89089,0.1175369
 3.89898,0.1171537
 3.90708,0.1173148
 3.91521,0.1171702
 3.92335,0.1170117
 3.93151,0.1169735
 3.93968,0.1171067
 3.94788,0.1173750
 3.95609,0.1171577
 3.96431,0.1172185
 3.97256,0.1171540
 3.98082,0.1172871
 3.98909,0.1173375
 3.99739,0.1174068
 4.00570,0.1172586
 4.01403,0.1170061
 4.02238,0.1172927
 4.03074,0.1174440
 4.03912,0.1173919
 4.04752,0.1173554
 4.05594,0.1172074
 4.06437,0.1176077
 4.07283,0.1173774
 4.08129,0.1174489
 4.08978,0.1174331
 4.09829,0.1173766
 4.10681,0.1174643
 4.11535,0.1176295
 4.12391,0.1179447
 4.13248,0.1175710
 4.14107,0.1175904
 4.14968,0.1175895
 4.15831,0.1178143
 4.16696,0.1177388
 4.17563,0.1180469
 4.18431,0.1176554
 4.19301,0.1180052
 4.20173,0.1181896
 4.21047,0.1175970
 4.21922,0.1180054
 4.22800,0.1179510
 4.23679,0.1179372
 4.24560,0.1181567
 4.25443,0.1181137
 4.26327,0.1184346
 4.27214,0.1184060
 4.28102,0.1183231
 4.28992,0.1179333
 4.29884,0.1187003
 4.30778,0.1184905
 4.31674,0.1185174
 4.32572,0.1187323
 4.33471,0.1182756
 4.34373,0.1184087
 4.35276,0.1182870
 4.36181,0.1184696
 4.37088,0.1189268
 4.37997,0.1186241
 4.38908,0.1183224
 4.39820,0.1186808
 4.40735,0.1188169
 4.41651,0.1184187
 4.42570,0.1186007
 4.43490,0.1185632
 4.44412,0.1186527
 4.45336,0.1187271
 4.46263,0.1188117
 4.47191,0.1188677
 4.48120,0.1185337
 4.49052,0.1188625
 4.49986,0.1184100
 4.50922,0.1193483
 4.51859,0.1188283
 4.52799,0.1183601
 4.53741,0.1185511
 4.54684,0.1185060
 4.55630,0.1187063
 4.56577,0.1190399
 4.57527,0.1184299
 4.58478,0.1186093
 4.59431,0.1183407
 4.60387,0.1187220
 4.61344,0.1187320
 4.62303,0.1191326
 4.63265,0.1187008
 4.64228,0.1191567
 4.65193,0.1183394
 4.66161,0.1183895
 4.67130,0.1188423
 4.68101,0.1186048
 4.69075,0.1185823
 4.70050,0.1184776
 4.71028,0.1187737
 4.72007,0.1184954
 4.72989,0.1185143
 4.73972,0.1187078
 4.74958,0.1183764
 4.75945,0.1186707
 4.76935,0.1192424
 4.77927,0.1186809
 4.78921,0.1187711
 4.79917,0.1184936
 4.80915,0.1182983
 4.81915,0.1186500
 4.82917,0.1184663
 4.83921,0.1189908
 4.84927,0.1191892
 4.85936,0.1191978
 4.86946,0.1183990
 4.87959,0.1183085
 4.88973,0.1185303
 4.89990,0.1185148
 4.91009,0.1180811
 4.92030,0.1183666
 4.93053,0.1183286
 4.94078,0.1183477
 4.95106,0.1190560
 4.96135,0.1184816
 4.97167,0.1184407
 4.98201,0.1188168
 4.99237,0.1190847
 5.00275,0.1193585
 5.01315,0.1183561
 5.02358,0.1189967
 5.03402,0.1184478
 5.04449,0.1180498
 5.05498,0.1184238
 5.06549,0.1186372
 5.07603,0.1188822
 5.08658,0.1186252
 5.09716,0.1181502
 5.10776,0.1194752
 5.11838,0.1192168
 5.12902,0.1185960
 5.13969,0.1189134
 5.15038,0.1185340
 5.16109,0.1184216
 5.17182,0.1191233
 5.18257,0.1182427
 5.19335,0.1188720
 5.20415,0.1182886
 5.21497,0.1183739
 5.22581,0.1187872
 5.23668,0.1187019
 5.24757,0.1191066
 5.25848,0.1181410
 5.26942,0.1179969
 5.28038,0.1189527
 5.29136,0.1191192
 5.30236,0.1185511
 5.31339,0.1183631
 5.32443,0.1184088
 5.33551,0.1180264
 5.34660,0.1185704
 5.35772,0.1189989
 5.36886,0.1185480
 5.38002,0.1189255
 5.39121,0.1183161
 5.40242,0.1187970
 5.41366,0.1196263
 5.42491,0.1188640
 5.43619,0.1188061
 5.44750,0.1183725
 5.45883,0.1184392
 5.47018,0.1184920
 5.48155,0.1192288
 5.49295,0.1182624
 5.50437,0.1181919
 5.51582,0.1181524
 5.52729,0.1188193
 5.53878,0.1189132
 5.55030,0.1188241
 5.56184,0.1181748
 5.57341,0.1186884
 5.58500,0.1183932
 5.59661,0.1185206
 5.60825,0.1180913
 5.61991,0.1192429
 5.63160,0.1186411
 5.64331,0.1191557
 5.65504,0.1195058
 5.66680,0.1182311
 5.67858,0.1187508
 5.69039,0.1184027
 5.70222,0.1179580
 5.71408,0.1188299
 5.72596,0.1182740
 5.73787,0.1185200
 5.74980,0.1187287
 5.76176,0.1187733
 5.77374,0.1182135
 5.78575,0.1181893
 5.79778,0.1188985
 5.80983,0.1183471
 5.82191,0.1180631
 5.83402,0.1191181
 5.84615,0.1186243
 5.85831,0.1184285
 5.87049,0.1188658
 5.88270,0.1183606
 5.89493,0.1182641
 5.90719,0.1186407
 5.91948,0.1189943
 5.93178,0.1182544
 5.94412,0.1185860
 5.95648,0.1187371
 5.96886,0.1183006
 5.98128,0.1179709
 5.99371,0.1182372
 6.00618,0.1179514
 6.01867,0.1180215
 6.03118,0.1183158
 6.04373,0.1185637
 6.05629,0.1182603
 6.06888,0.1181894
 6.08151,0.1181926
 6.09415,0.1179241
 6.10682,0.1183815
 6.11952,0.1182323
 6.13225,0.1183299
 6.14500,0.1182244
 6.15778,0.1178784
 6.17058,0.1186144
 6.18341,0.1188392
 6.19627,0.1182620
 6.20916,0.1179103
 6.22207,0.1180143
 6.23501,0.1186148
 6.24797,0.1183130
 6.26096,0.1183775
 6.27398,0.1179061
 6.28703,0.1178906
 6.30010,0.1180807
 6.31321,0.1185215
 6.32633,0.1179895
 6.33949,0.1183379
 6.35267,0.1184523
 6.36588,0.1180743
 6.37912,0.1180037
 6.39238,0.1179862
 6.40567,0.1189075
 6.41900,0.1185443
 6.43234,0.1186514
 6.44572,0.1183832
 6.45912,0.1182313
 6.47255,0.1186041
 6.48601,0.1185161
 6.49950,0.1191887
 6.51302,0.1187055
 6.52656,0.1183241
 6.54013,0.1189508
 6.55373,0.1189978
 6.56736,0.1188088
 6.58102,0.1182306
 6.59470,0.1198973
 6.60841,0.1193919
 6.62215,0.1193338
 6.63592,0.1199853
 6.64973,0.1187606
 6.66355,0.1188493
 6.67741,0.1190013
 6.69129,0.1187607
 6.70521,0.1189560
 6.71915,0.1185828
 6.73312,0.1186690
 6.74712,0.1190059
 6.76115,0.1183546
 6.77521,0.1193165
 6.78930,0.1189127
 6.80342,0.1191226
 6.81757,0.1187773
 6.83174,0.1193403
 6.84595,0.1190521
 6.86019,0.1189016
 6.87445,0.1185473
 6.88875,0.1188823
 6.90307,0.1190565
 6.91743,0.1194353
 6.93181,0.1187894
 6.94622,0.1182997
 6.96067,0.1185504
 6.97514,0.1187589
 6.98965,0.1184641
 7.00418,0.1185603
 7.01875,0.1183237
 7.03334,0.1191523
 7.04797,0.1186206
 7.06262,0.1180866
 7.07731,0.1190946
 7.09203,0.1193784
 7.10677,0.1198030
 7.12155,0.1197158
 7.13636,0.1193486
 7.15120,0.1191745
 7.16607,0.1190315
 7.18097,0.1183789
 7.19590,0.1188065
 7.21087,0.1184094
 7.22586,0.1182476
 7.24089,0.1186883
 7.25595,0.1185146
 7.27103,0.1184540
 7.28615,0.1185655
 7.30131,0.1190543
 7.31649,0.1182198
 7.33170,0.1186448
 7.34695,0.1184031
 7.36222,0.1192624
 7.37753,0.1187599
 7.39288,0.1184591
 7.40825,0.1187684
 7.42365,0.1186171
 7.43909,0.1188911
 7.45456,0.1181498
 7.47006,0.1187296
 7.48559,0.1193628
 7.50116,0.1196031
 7.51676,0.1182753
 7.53239,0.1191245
 7.54805,0.1185535
 7.56375,0.1182653
 7.57948,0.1193806
 7.59524,0.1190023
 7.61103,0.1189711
 7.62686,0.1183510
 7.64272,0.1185564
 7.65861,0.1185794
 7.67453,0.1183538
 7.69049,0.1183258
 7.70649,0.1186582
 7.72251,0.1185622
 7.73857,0.1183737
 7.75466,0.1187721
 7.77079,0.1185803
 7.78695,0.1186289
 7.80314,0.1183766
 7.81936,0.1186960
 7.83562,0.1182836
 7.85192,0.1185617
 7.86825,0.1184770
 7.88461,0.1182132
 7.90100,0.1191275
 7.91743,0.1190308
 7.93390,0.1181949
 7.95039,0.1187526
 7.96693,0.1191346
 7.98349,0.1181224
 8.00009,0.1182112
 8.01673,0.1184487
 8.03340,0.1187946
 8.05010,0.1183412
 8.06685,0.1181872
 8.08362,0.1189098
 8.10043,0.1182040
 8.11727,0.1183526
 8.13415,0.1184725
 8.15107,0.1189534
 8.16802,0.1182129
 8.18500,0.1188496
 8.20202,0.1193015
 8.21908,0.1189756
 8.23617,0.1189087
 8.25330,0.1187826
 8.27046,0.1188185
 8.28766,0.1181451
 8.30489,0.1183917
 8.32216,0.1187627
 8.33946,0.1186109
 8.35681,0.1184656
 8.37418,0.1189157
 8.39160,0.1187718
 8.40905,0.1184094
 8.42653,0.1184596
 8.44405,0.1183573
 8.46161,0.1178924
 8.47921,0.1186377
 8.49684,0.1185143
 8.51451,0.1184882
 8.53221,0.1187240
 8.54996,0.1191082
 8.56774,0.1182404
 8.58555,0.1185437
 8.60341,0.1179131
 8.62130,0.1186151
 8.63922,0.1183439
 8.65719,0.1181963
 8.67519,0.1185511
 8.69323,0.1181537
 8.71131,0.1188475
 8.72942,0.1182817
 8.74757,0.1181354
 8.76576,0.1185901
 8.78399,0.1180693
 8.80226,0.1186802
 8.82056,0.1183869
 8.83890,0.1188600
 8.85728,0.1182859
 8.87570,0.1180874
 8.89416,0.1178110
 8.91265,0.1181248
 8.93119,0.1180260
 8.94976,0.1187721
 8.96837,0.1184709
 8.98702,0.1185457
 9.00571,0.1179584
 9.02443,0.1179464
 9.04320,0.1182079
 9.06200,0.1186013
 9.08085,0.1184852
 9.09973,0.1186841
 9.11865,0.1183621
 9.13761,0.1175900
 9.15662,0.1178693
 9.17566,0.1183719
 9.19473,0.1185719
 9.21386,0.1183736
 9.23302,0.1178559
 9.25221,0.1180178
 9.27145,0.1181537
 9.29074,0.1179007
 9.31005,0.1187164
 9.32941,0.1181210
 9.34881,0.1179465
 9.36825,0.1180390
 9.38773,0.1181267
 9.40725,0.1186326
 9.42682,0.1183152
 9.44642,0.1181217
 9.46606,0.1178972
 9.48575,0.1178246
 9.50547,0.1183218
 9.52524,0.1177848
 9.54505,0.1175212
 9.56489,0.1175666
 9.58478,0.1179766
 9.60471,0.1178107
 9.62469,0.1177078
 9.64470,0.1181579
 9.66475,0.1179348
 9.68485,0.1176382
 9.70499,0.1180343
 9.72517,0.1180086
 9.74540,0.1176689
 9.76566,0.1176915
 9.78597,0.1175074
 9.80632,0.1175332
 9.82671,0.1182836
 9.84714,0.1177002
 9.86762,0.1179001
 9.88814,0.1189508
 9.90870,0.1180325
 9.92931,0.1175160
 9.94995,0.1177660
 9.97064,0.1178181
 9.99138,0.1176669
10.01215,0.1187150
10.03297,0.1180478
10.05384,0.1177897
10.07474,0.1180198
10.09569,0.1183691
10.11669,0.1176821
10.13772,0.1179285
10.15880,0.1177872
10.17993,0.1177995
10.20110,0.1175128
10.22231,0.1180964
10.24357,0.1177184
10.26487,0.1178337
10.28621,0.1181541
10.30760,0.1177521
10.32904,0.1178551
10.35051,0.1177130
10.37204,0.1186477
10.39360,0.1176835
10.41522,0.1182690
10.43688,0.1177770
10.45858,0.1179807
10.48033,0.1176603
10.50212,0.1178937
10.52396,0.1177975
10.54584,0.1177591
10.56777,0.1186071
10.58975,0.1183785
10.61177,0.1177668
10.63383,0.1179211
10.65595,0.1178588
10.67810,0.1179145
10.70031,0.1178292
10.72256,0.1176787
10.74486,0.1179555
10.76720,0.1178077
10.78959,0.1179752
10.81203,0.1175944
10.83451,0.1176981
10.85704,0.1177537
10.87961,0.1179744
10.90224,0.1180860
10.92491,0.1181080
10.94763,0.1178511
10.97039,0.1179915
10.99320,0.1179943
11.01606,0.1183117
11.03897,0.1180887
11.06193,0.1178472
11.08493,0.1176826
11.10798,0.1179153
11.13108,0.1176578
11.15423,0.1179491
11.17742,0.1181139
11.20066,0.1181215
11.22395,0.1176620
11.24729,0.1176131
11.27068,0.1177342
11.29412,0.1181092
11.31760,0.1180704
11.34114,0.1174293
11.36472,0.1179424
11.38835,0.1178493
11.41204,0.1182512
11.43577,0.1181648
11.45954,0.1186413
11.48337,0.1177751
11.50725,0.1178663
11.53118,0.1182640
11.55516,0.1185974
11.57919,0.1177622
11.60327,0.1187842
11.62739,0.1182289
11.65157,0.1181155
11.67580,0.1179122
11.70008,0.1177598
11.72441,0.1183566
11.74879,0.1180807
11.77322,0.1192323
11.79770,0.1186400
11.82223,0.1181330
11.84682,0.1179631
11.87146,0.1184041
11.89614,0.1179511
11.92088,0.1178528
11.94567,0.1177593
11.97051,0.1181065
11.99540,0.1185131
12.02034,0.1183412
12.04534,0.1180715
12.07038,0.1185084
12.09548,0.1181857
12.12064,0.1178213
12.14584,0.1179307
12.17110,0.1175356
12.19641,0.1184307
12.22177,0.1178329
12.24718,0.1179502
12.27265,0.1184803
12.29817,0.1179227
12.32375,0.1184800
12.34937,0.1176287
12.37505,0.1180598
12.40078,0.1183377
12.42657,0.1185418
12.45241,0.1183344
12.47831,0.1177533
12.50425,0.1181911
12.53025,0.1185622
12.55631,0.1181163
12.58242,0.1180286
12.60858,0.1182637
12.63480,0.1183204
12.66108,0.1183634
12.68740,0.1181977
12.71379,0.1184035
12.74022,0.1186921
12.76672,0.1188059
12.79327,0.1181793
12.81987,0.1181294
12.84653,0.1188668
12.87324,0.1179842
12.90001,0.1188807
12.92683,0.1183843
12.95372,0.1182104
12.98065,0.1180143
13.00764,0.1179039
13.03469,0.1194001
13.06180,0.1178546
13.08896,0.1182868
13.11618,0.1181523
13.14345,0.1182563
13.17078,0.1182682
13.19817,0.1184827
13.22561,0.1188990
13.25312,0.1182823
13.28067,0.1182359
13.30829,0.1184381
13.33596,0.1189830
13.36370,0.1180902
13.39149,0.1182878
13.41933,0.1183585
13.44724,0.1184789
13.47520,0.1184846
13.50322,0.1189851
13.53130,0.1179595
13.55944,0.1183679
13.58763,0.1184366
13.61589,0.1183432
13.64420,0.1182368
13.67257,0.1180080
13.70101,0.1185790
13.72950,0.1185552
13.75804,0.1187014
13.78665,0.1183815
13.81532,0.1182894
13.84405,0.1187656
13.87284,0.1185543
13.90169,0.1181641
13.93060,0.1179726
13.95956,0.1184736
13.98859,0.1186388
14.01768,0.1196240
14.04683,0.1183570
14.07604,0.1179178
14.10531,0.1183960
14.13464,0.1189615
14.16403,0.1186692
14.19348,0.1182678
14.22300,0.1185946
14.25257,0.1181763
14.28221,0.1179867
14.31191,0.1182528
14.34167,0.1184606
14.37149,0.1185365
14.40138,0.1186760
14.43132,0.1182568
14.46133,0.1184304
14.49140,0.1186405
14.52154,0.1188605
14.55173,0.1186798
14.58200,0.1187696
14.61232,0.1182355
14.64270,0.1189402
14.67315,0.1184072
14.70366,0.1191478
14.73424,0.1180014
14.76488,0.1182611
14.79558,0.1192072
14.82635,0.1185133
14.85718,0.1184119
14.88807,0.1185249
14.91903,0.1184160
14.95006,0.1187388
14.98114,0.1193573
15.01229,0.1180044
15.04351,0.1186843
15.07479,0.1181746
15.10614,0.1185095
15.13755,0.1184822
15.16903,0.1195234
15.20057,0.1184310
15.23218,0.1182776
15.26386,0.1181964
15.29560,0.1181821
15.32740,0.1186987
15.35928,0.1184322
15.39121,0.1186581
15.42322,0.1193479
15.45529,0.1190967
15.48743,0.1187407
15.51964,0.1189304
15.55191,0.1187308
15.58425,0.1185547
15.61665,0.1189863
15.64913,0.1188487
15.68167,0.1185025
15.71428,0.1188372
15.74696,0.1186003
15.77970,0.1190234
15.81251,0.1182777
15.84539,0.1183484
15.87834,0.1183731
15.91136,0.1185652
15.94445,0.1187665
15.97760,0.1185513
16.01083,0.1185775
16.04412,0.1185362
16.07748,0.1183292
16.11091,0.1191592
16.14442,0.1183389
16.17799,0.1182117
16.21163,0.1190994
16.24534,0.1184370
16.27912,0.1185180
16.31297,0.1186966
16.34690,0.1180188
16.38089,0.1190611
16.41495,0.1185990
16.44908,0.1194854
16.48329,0.1186348
16.51756,0.1188348
16.55191,0.1188373
16.58633,0.1186401
16.62082,0.1185084
16.65539,0.1188000
16.69002,0.1185922
16.72472,0.1186686
16.75950,0.1182093
16.79435,0.1185441
16.82928,0.1184167
16.86427,0.1181068
16.89934,0.1185288
16.93448,0.1182515
16.96970,0.1183148
17.00498,0.1187033
17.04034,0.1181295
17.07578,0.1187258
17.11128,0.1190025
17.14687,0.1183439
17.18252,0.1185702
17.21825,0.1192550
17.25406,0.1186083
17.28994,0.1182270
17.32589,0.1186899
17.36192,0.1185510
17.39802,0.1187352
17.43420,0.1184002
17.47045,0.1189811
17.50678,0.1182454
17.54319,0.1185561
17.57967,0.1187889
17.61622,0.1186471
17.65285,0.1182544
17.68956,0.1185060
17.72634,0.1190670
17.76320,0.1183283
17.80014,0.1185776
17.83716,0.1185205
17.87425,0.1184352
17.91142,0.1186689
17.94867,0.1190393
17.98599,0.1181130
18.02339,0.1187485
18.06086,0.1185624
18.09842,0.1184425
18.13606,0.1188531
18.17377,0.1187835
18.21156,0.1184783
18.24943,0.1183107
18.28738,0.1188067
18.32541,0.1188753
18.36351,0.1187092
18.40170,0.1183866
18.43996,0.1187938
18.47831,0.1185153
18.51673,0.1197420
18.55524,0.1185579
18.59382,0.1191890
18.63249,0.1186669
18.67123,0.1182645
18.71006,0.1186827
18.74897,0.1191552
18.78795,0.1182959
18.82702,0.1185391
18.86617,0.1180989
18.90540,0.1185830
18.94471,0.1191136
18.98411,0.1193871
19.02358,0.1187577
19.06314,0.1187072
19.10278,0.1182664
19.14251,0.1188270
19.18231,0.1189949
19.22220,0.1184644
19.26217,0.1187709
19.30223,0.1191135
19.34236,0.1186295
19.38259,0.1184127
19.42289,0.1194589
19.46328,0.1187506
19.50375,0.1185050
19.54431,0.1182180
19.58495,0.1189156
19.62568,0.1183655
19.66649,0.1185846
19.70738,0.1183681
19.74836,0.1184490
19.78943,0.1183799
19.83058,0.1190066
19.87182,0.1188003
19.91314,0.1186775
19.95454,0.1190488
19.99604,0.1180244
20.03762,0.1182729
20.07929,0.1188105
20.12104,0.1183568
20.16288,0.1196985
20.20481,0.1192771
20.24682,0.1188211
20.28893,0.1188431
20.33112,0.1190599
20.37339,0.1191587
20.41576,0.1188680
20.45821,0.1192647
20.50075,0.1186056
20.54338,0.1189310
20.58610,0.1188113
20.62891,0.1189115
20.67181,0.1185744
20.71479,0.1188420
20.75787,0.1188452
20.80103,0.1194149
20.84429,0.1188223
20.88763,0.1182754
20.93106,0.1194073
20.97459,0.1189002
21.01821,0.1189081
21.06191,0.1187841
21.10571,0.1193056
21.14960,0.1184918
21.19357,0.1187515
21.23765,0.1189447
21.28181,0.1183216
21.32606,0.1186868
21.37041,0.1195607
21.41485,0.1187675
21.45938,0.1183110
21.50400,0.1186704
21.54872,0.1186834
21.59353,0.1187440
21.63843,0.1184608
21.68343,0.1194187
21.72852,0.1186630
21.77370,0.1185784
21.81898,0.1185286
21.86435,0.1187503
21.90981,0.1184175
21.95537,0.1186775
22.00103,0.1186175
22.04678,0.1189143
22.09262,0.1185663
22.13856,0.1185339
22.18460,0.1189279
22.23073,0.1190930
22.27696,0.1189172
22.32328,0.1182632
22.36970,0.1192661
22.41622,0.1187635
22.46283,0.1188960
22.50954,0.1184992
22.55635,0.1188167
22.60325,0.1190904
22.65026,0.1193739
22.69736,0.1184305
22.74455,0.1186223
22.79185,0.1181607
22.83924,0.1184037
22.88674,0.1188384
22.93433,0.1188502
22.98202,0.1187495
23.02981,0.1182687
23.07770,0.1190877
23.12569,0.1198054
23.17377,0.1183085
23.22196,0.1187166
23.27025,0.1184607
23.31864,0.1183569
23.36713,0.1194517
23.41572,0.1185573
23.46441,0.1188802
23.51320,0.1194022
23.56210,0.1187883
23.61110,0.1196171
23.66019,0.1187515
23.70939,0.1183098
23.75869,0.1188949
23.80810,0.1184414
23.85761,0.1187574
23.90722,0.1189265
23.95693,0.1187917
24.00675,0.1182992
24.05667,0.1182333
24.10669,0.1186653
24.15682,0.1183030
24.20705,0.1183840
24.25739,0.1184653
24.30783,0.1184458
24.35838,0.1188711
24.40903,0.1187299
24.45979,0.1186335
24.51065,0.1194451
24.56162,0.1185938
24.61269,0.1190915
24.66387,0.1185916
24.71516,0.1186919
24.76656,0.1193554
24.81806,0.1186348
24.86966,0.1186319
24.92138,0.1186560
24.97320,0.1191395
25.02513,0.1186571
25.07717,0.1187767
25.12932,0.1188702
25.18157,0.1186752
25.23394,0.1183525
25.28641,0.1182084
25.33899,0.1186660
25.39168,0.1186386
25.44448,0.1186455
25.49739,0.1187097
25.55041,0.1186010
25.60354,0.1188434
25.65678,0.1188538
25.71013,0.1194488
25.76360,0.1183218
25.81717,0.1183300
25.87086,0.1187109
25.92465,0.1195353
25.97856,0.1188445
26.03258,0.1188788
26.08672,0.1184326
26.14096,0.1186678
26.19532,0.1186325
26.24979,0.1183645
26.30438,0.1185414
26.35907,0.1187350
26.41389,0.1188753
26.46881,0.1185860
26.52385,0.1186094
26.57901,0.1194966
26.63428,0.1190997
26.68966,0.1189541
26.74516,0.1187046
26.80078,0.1188738
26.85651,0.1183509
26.91235,0.1184906
26.96832,0.1181657
27.02439,0.1183272
27.08059,0.1186292
27.13690,0.1189670
27.19333,0.1185392
27.24988,0.1188134
27.30654,0.1188655
27.36333,0.1181062
27.42023,0.1180977
27.47725,0.1183233
27.53438,0.1183024
27.59164,0.1187344
27.64902,0.1184909
27.70651,0.1182692
27.76412,0.1180590
27.82186,0.1185510
27.87971,0.1189828
27.93768,0.1185138
27.99578,0.1187328
28.05400,0.1188008
28.11233,0.1188626
28.17079,0.1193332
28.22937,0.1189779
28.28807,0.1185952
28.34689,0.1189028
28.40584,0.1193086
28.46491,0.1187476
28.52410,0.1189207
28.58341,0.1189003
28.64285,0.1185526
28.70241,0.1185229
28.76210,0.1184877
28.82191,0.1184280
28.88184,0.1181845
28.94190,0.1184236
29.00208,0.1185562
29.06239,0.1183452
29.12282,0.1185285
29.18338,0.1185279
29.24407,0.1189425
29.30488,0.1182582
29.36581,0.1185250
29.42688,0.1183639
29.48807,0.1196874
29.54939,0.1188977
29.61083,0.1185393
29.67241,0.1183363
29.73411,0.1188861
29.79594,0.1183997
29.85790,0.1191258
29.91999,0.1189016
29.97776,0.1196475
