wav,rprs
 0.27311,0.1583182
 0.27344,0.1583153
 0.27377,0.1583124
 0.27410,0.1583095
 0.27443,0.1583066
 0.27476,0.1583037
 0.27509,0.1583009
 0.27542,0.1582980
 0.27575,0.1582951
 0.27608,0.1582922
 0.27641,0.1582894
 0.27674,0.1582865
 0.27707,0.1582837
 0.27740,0.1582808
 0.27773,0.1582780
 0.27806,0.1582751
 0.27839,0.1582723
 0.27872,0.1582694
 0.27905,0.1582666
 0.27938,0.1582638
 0.27971,0.1582609
 0.28004,0.1582581
 0.28037,0.1582553
 0.28070,0.1582525
 0.28103,0.1582497
 0.28136,0.1582469
 0.28169,0.1582440
 0.28202,0.1582412
 0.28235,0.1582384
 0.28268,0.1582356
 0.28301,0.1582328
 0.28334,0.1582300
 0.28367,0.1582273
 0.28400,0.1582245
 0.28433,0.1582217
 0.28466,0.1582189
 0.28499,0.1582161
 0.28532,0.1582134
 0.28565,0.1582106
 0.28598,0.1582078
 0.28631,0.1582051
 0.28664,0.1582023
 0.28697,0.1581995
 0.28730,0.1581968
 0.28763,0.1581940
 0.28796,0.1581913
 0.28829,0.1581885
 0.28862,0.1581858
 0.28895,0.1581831
 0.28928,0.1581803
 0.28961,0.1581776
 0.28994,0.1581749
 0.29027,0.1581722
 0.29060,0.1581694
 0.29093,0.1581667
 0.29126,0.1581640
 0.29159,0.1581613
 0.29192,0.1581586
 0.29225,0.1581559
 0.29258,0.1581532
 0.29291,0.1581505
 0.29324,0.1581478
 0.29357,0.1581451
 0.29390,0.1581424
 0.29423,0.1581397
 0.29456,0.1581370
 0.29489,0.1581343
 0.29522,0.1581316
 0.29555,0.1581290
 0.29588,0.1581263
 0.29621,0.1581236
 0.29654,0.1581210
 0.29687,0.1581183
 0.29720,0.1581156
 0.29753,0.1581130
 0.29786,0.1581103
 0.29819,0.1581076
 0.29852,0.1581050
 0.29885,0.1581024
 0.29918,0.1580997
 0.29951,0.1580971
 0.29984,0.1580944
 0.30017,0.1580918
 0.30050,0.1580892
 0.30083,0.1580865
 0.30116,0.1580839
 0.30149,0.1580813
 0.30182,0.1580787
 0.30215,0.1580760
 0.30248,0.1580734
 0.30281,0.1580708
 0.30314,0.1580682
 0.30347,0.1580656
 0.30380,0.1580630
 0.30413,0.1580604
 0.30446,0.1580578
 0.30479,0.1580552
 0.30512,0.1580526
 0.30545,0.1580500
 0.30578,0.1580474
 0.30611,0.1580449
 0.30644,0.1580423
 0.30677,0.1580397
 0.30710,0.1580371
 0.30743,0.1580345
 0.30776,0.1580320
 0.30809,0.1580294
 0.30842,0.1580268
 0.30875,0.1580243
 0.30908,0.1580217
 0.30941,0.1580191
 0.30974,0.1580166
 0.31007,0.1580141
 0.31040,0.1580115
 0.31073,0.1580090
 0.31106,0.1580064
 0.31139,0.1580039
 0.31172,0.1580013
 0.31205,0.1579988
 0.31238,0.1579963
 0.31271,0.1579937
 0.31304,0.1579912
 0.31337,0.1579887
 0.31370,0.1579862
 0.31403,0.1579836
 0.31436,0.1579811
 0.31469,0.1579786
 0.31502,0.1579761
 0.31535,0.1579736
 0.31568,0.1579711
 0.31601,0.1579686
 0.31634,0.1579661
 0.31667,0.1579636
 0.31700,0.1579611
 0.31733,0.1579586
 0.31766,0.1579561
 0.31799,0.1579536
 0.31832,0.1579511
 0.31865,0.1579487
 0.31898,0.1579462
 0.31931,0.1579437
 0.31964,0.1579412
 0.31997,0.1579387
 0.32030,0.1579363
 0.32063,0.1579338
 0.32096,0.1579313
 0.32129,0.1579289
 0.32162,0.1579264
 0.32195,0.1579240
 0.32228,0.1579215
 0.32261,0.1579191
 0.32294,0.1579166
 0.32327,0.1579142
 0.32360,0.1579117
 0.32393,0.1579093
 0.32426,0.1579068
 0.32459,0.1579044
 0.32492,0.1579020
 0.32525,0.1578995
 0.32558,0.1578971
 0.32591,0.1578947
 0.32624,0.1578922
 0.32657,0.1578898
 0.32690,0.1578874
 0.32723,0.1578850
 0.32756,0.1578826
 0.32789,0.1578802
 0.32822,0.1578778
 0.32855,0.1578753
 0.32888,0.1578729
 0.32921,0.1578705
 0.32954,0.1578681
 0.32987,0.1578657
 0.33020,0.1578633
 0.33053,0.1578609
 0.33086,0.1578586
 0.33119,0.1578562
 0.33152,0.1578538
 0.33185,0.1578514
 0.33218,0.1578490
 0.33251,0.1578466
 0.33284,0.1578443
 0.33317,0.1578419
 0.33350,0.1578395
 0.33383,0.1578371
 0.33416,0.1578348
 0.33449,0.1578324
 0.33482,0.1578301
 0.33515,0.1578277
 0.33548,0.1578253
 0.33581,0.1578230
 0.33614,0.1578206
 0.33647,0.1578183
 0.33680,0.1578159
 0.33713,0.1578136
 0.33746,0.1578112
 0.33779,0.1578089
 0.33812,0.1578066
 0.33845,0.1578042
 0.33878,0.1578019
 0.33911,0.1577995
 0.33944,0.1577972
 0.33977,0.1577949
 0.34010,0.1577926
 0.34043,0.1577902
 0.34076,0.1577879
 0.34109,0.1577856
 0.34142,0.1577833
 0.34175,0.1577810
 0.34208,0.1577787
 0.34241,0.1577763
 0.34274,0.1577740
 0.34307,0.1577717
 0.34340,0.1577694
 0.34373,0.1577671
 0.34406,0.1577648
 0.34439,0.1577625
 0.34472,0.1577602
 0.34505,0.1577579
 0.34538,0.1577557
 0.34571,0.1577534
 0.34604,0.1577511
 0.34637,0.1577488
 0.34670,0.1577465
 0.34703,0.1577442
 0.34736,0.1577420
 0.34769,0.1577397
 0.34802,0.1577374
 0.34835,0.1577351
 0.34868,0.1577329
 0.34901,0.1577306
 0.34934,0.1577283
 0.34967,0.1577261
 0.35000,0.1577243
 0.35031,0.1577224
 0.35062,0.1577203
 0.35094,0.1577181
 0.35125,0.1577160
 0.35156,0.1577138
 0.35187,0.1577116
 0.35219,0.1577094
 0.35250,0.1577072
 0.35282,0.1577050
 0.35313,0.1577028
 0.35344,0.1577007
 0.35376,0.1576987
 0.35407,0.1576967
 0.35439,0.1576947
 0.35471,0.1576926
 0.35502,0.1576906
 0.35534,0.1576886
 0.35565,0.1576866
 0.35597,0.1576845
 0.35629,0.1576824
 0.35660,0.1576804
 0.35692,0.1576783
 0.35724,0.1576762
 0.35756,0.1576741
 0.35788,0.1576721
 0.35820,0.1576700
 0.35851,0.1576678
 0.35883,0.1576657
 0.35915,0.1576636
 0.35947,0.1576615
 0.35979,0.1576593
 0.36011,0.1576572
 0.36044,0.1576550
 0.36076,0.1576529
 0.36108,0.1576507
 0.36140,0.1576485
 0.36172,0.1576464
 0.36204,0.1576442
 0.36237,0.1576420
 0.36269,0.1576397
 0.36301,0.1576376
 0.36333,0.1576357
 0.36366,0.1576336
 0.36398,0.1576316
 0.36431,0.1576296
 0.36463,0.1576276
 0.36496,0.1576255
 0.36528,0.1576235
 0.36561,0.1576215
 0.36593,0.1576194
 0.36626,0.1576173
 0.36658,0.1576153
 0.36691,0.1576132
 0.36724,0.1576111
 0.36756,0.1576090
 0.36789,0.1576069
 0.36822,0.1576048
 0.36855,0.1576027
 0.36888,0.1576005
 0.36920,0.1575984
 0.36953,0.1575963
 0.36986,0.1575941
 0.37019,0.1575920
 0.37052,0.1575898
 0.37085,0.1575876
 0.37118,0.1575854
 0.37151,0.1575833
 0.37184,0.1575811
 0.37217,0.1575789
 0.37251,0.1575767
 0.37284,0.1575746
 0.37317,0.1575726
 0.37350,0.1575706
 0.37383,0.1575686
 0.37417,0.1575666
 0.37450,0.1575645
 0.37483,0.1575625
 0.37517,0.1575604
 0.37550,0.1575584
 0.37584,0.1575563
 0.37617,0.1575543
 0.37651,0.1575522
 0.37684,0.1575501
 0.37718,0.1575480
 0.37751,0.1575459
 0.37785,0.1575438
 0.37819,0.1575417
 0.37852,0.1575396
 0.37886,0.1575375
 0.37920,0.1575353
 0.37954,0.1575332
 0.37987,0.1575310
 0.38021,0.1575289
 0.38055,0.1575267
 0.38089,0.1575245
 0.38123,0.1575224
 0.38157,0.1575202
 0.38191,0.1575180
 0.38225,0.1575158
 0.38259,0.1575136
 0.38293,0.1575116
 0.38327,0.1575096
 0.38361,0.1575075
 0.38395,0.1575055
 0.38430,0.1575035
 0.38464,0.1575015
 0.38498,0.1574994
 0.38532,0.1574974
 0.38567,0.1574953
 0.38601,0.1574933
 0.38635,0.1574912
 0.38670,0.1574891
 0.38704,0.1574870
 0.38739,0.1574850
 0.38773,0.1574829
 0.38808,0.1574808
 0.38842,0.1574786
 0.38877,0.1574765
 0.38911,0.1574744
 0.38946,0.1574723
 0.38981,0.1574701
 0.39016,0.1574680
 0.39050,0.1574658
 0.39085,0.1574636
 0.39120,0.1574615
 0.39155,0.1574593
 0.39190,0.1574571
 0.39225,0.1574549
 0.39259,0.1574527
 0.39294,0.1574505
 0.39329,0.1574485
 0.39364,0.1574465
 0.39399,0.1574445
 0.39435,0.1574425
 0.39470,0.1574404
 0.39505,0.1574384
 0.39540,0.1574364
 0.39575,0.1574344
 0.39611,0.1574323
 0.39646,0.1574302
 0.39681,0.1574282
 0.39716,0.1574261
 0.39752,0.1574240
 0.39787,0.1574219
 0.39823,0.1574198
 0.39858,0.1574177
 0.39894,0.1574156
 0.39929,0.1574134
 0.39965,0.1574113
 0.40000,0.1574092
 0.40036,0.1574070
 0.40072,0.1574049
 0.40107,0.1574027
 0.40143,0.1574006
 0.40179,0.1573984
 0.40215,0.1573962
 0.40250,0.1573940
 0.40286,0.1573918
 0.40322,0.1573896
 0.40358,0.1573875
 0.40394,0.1573855
 0.40430,0.1573941
 0.40466,0.1573815
 0.40502,0.1573794
 0.40538,0.1573774
 0.40574,0.1573754
 0.40610,0.1573733
 0.40646,0.1573713
 0.40683,0.1573692
 0.40719,0.1573672
 0.40755,0.1573651
 0.40791,0.1573630
 0.40828,0.1573609
 0.40864,0.1573588
 0.40901,0.1573567
 0.40937,0.1573546
 0.40973,0.1573525
 0.41010,0.1573504
 0.41046,0.1573483
 0.41083,0.1573461
 0.41120,0.1573439
 0.41156,0.1573418
 0.41193,0.1573397
 0.41230,0.1573375
 0.41266,0.1573353
 0.41303,0.1573331
 0.41340,0.1573309
 0.41377,0.1573287
 0.41414,0.1573265
 0.41450,0.1573244
 0.41487,0.1573224
 0.41524,0.1573204
 0.41561,0.1573184
 0.41598,0.1573164
 0.41635,0.1573144
 0.41672,0.1573123
 0.41710,0.1573103
 0.41747,0.1573082
 0.41784,0.1573062
 0.41821,0.1573041
 0.41858,0.1573020
 0.41896,0.1572999
 0.41933,0.1572979
 0.41970,0.1572958
 0.42008,0.1572937
 0.42045,0.1572915
 0.42083,0.1572894
 0.42120,0.1572873
 0.42158,0.1572852
 0.42195,0.1572830
 0.42233,0.1572809
 0.42270,0.1572787
 0.42308,0.1572766
 0.42346,0.1572744
 0.42383,0.1572722
 0.42421,0.1572700
 0.42459,0.1572678
 0.42497,0.1572656
 0.42535,0.1572634
 0.42572,0.1572614
 0.42610,0.1572594
 0.42648,0.1572574
 0.42686,0.1572554
 0.42724,0.1572533
 0.42762,0.1572513
 0.42800,0.1572493
 0.42839,0.1572472
 0.42877,0.1572452
 0.42915,0.1572431
 0.42953,0.1572410
 0.42991,0.1572390
 0.43030,0.1572369
 0.43068,0.1572348
 0.43106,0.1572327
 0.43145,0.1572306
 0.43183,0.1572285
 0.43222,0.1572264
 0.43260,0.1572242
 0.43299,0.1572221
 0.43337,0.1572200
 0.43376,0.1572178
 0.43414,0.1572156
 0.43453,0.1572135
 0.43492,0.1572113
 0.43531,0.1572091
 0.43569,0.1572069
 0.43608,0.1572048
 0.43647,0.1572025
 0.43686,0.1572004
 0.43725,0.1571983
 0.43764,0.1571963
 0.43803,0.1571943
 0.43842,0.1571923
 0.43881,0.1571903
 0.43920,0.1571883
 0.43959,0.1571862
 0.43998,0.1571842
 0.44037,0.1571821
 0.44076,0.1571800
 0.44116,0.1571780
 0.44155,0.1571759
 0.44194,0.1571738
 0.44234,0.1571717
 0.44273,0.1571696
 0.44313,0.1571675
 0.44352,0.1571654
 0.44392,0.1571633
 0.44431,0.1571612
 0.44471,0.1571590
 0.44510,0.1571569
 0.44550,0.1571547
 0.44590,0.1571526
 0.44629,0.1571504
 0.44669,0.1571482
 0.44709,0.1571460
 0.44749,0.1571439
 0.44788,0.1571417
 0.44828,0.1571395
 0.44868,0.1571373
 0.44908,0.1571353
 0.44948,0.1571333
 0.44988,0.1571313
 0.45028,0.1571293
 0.45068,0.1571272
 0.45109,0.1571252
 0.45149,0.1571232
 0.45189,0.1571211
 0.45229,0.1571191
 0.45270,0.1571170
 0.45310,0.1571149
 0.45350,0.1571128
 0.45391,0.1571108
 0.45431,0.1571087
 0.45471,0.1571066
 0.45512,0.1571045
 0.45553,0.1571024
 0.45593,0.1571002
 0.45634,0.1570981
 0.45674,0.1570959
 0.45715,0.1570938
 0.45756,0.1570916
 0.45796,0.1570895
 0.45837,0.1570873
 0.45878,0.1570851
 0.45919,0.1570830
 0.45960,0.1570808
 0.46001,0.1570786
 0.46042,0.1570764
 0.46083,0.1570743
 0.46124,0.1570723
 0.46165,0.1570703
 0.46206,0.1570682
 0.46247,0.1570662
 0.46288,0.1570642
 0.46330,0.1570622
 0.46371,0.1570601
 0.46412,0.1570581
 0.46453,0.1570560
 0.46495,0.1570539
 0.46536,0.1570519
 0.46578,0.1570498
 0.46619,0.1570477
 0.46661,0.1570456
 0.46702,0.1570435
 0.46744,0.1570414
 0.46786,0.1570393
 0.46827,0.1570371
 0.46869,0.1570350
 0.46911,0.1570329
 0.46952,0.1570307
 0.46994,0.1570286
 0.47036,0.1570264
 0.47078,0.1570242
 0.47120,0.1570221
 0.47162,0.1570199
 0.47204,0.1570177
 0.47246,0.1570155
 0.47288,0.1570133
 0.47330,0.1570112
 0.47372,0.1570092
 0.47414,0.1570072
 0.47457,0.1570052
 0.47499,0.1570032
 0.47541,0.1570011
 0.47584,0.1569991
 0.47626,0.1569970
 0.47668,0.1569950
 0.47711,0.1569929
 0.47753,0.1569909
 0.47796,0.1569888
 0.47838,0.1569867
 0.47881,0.1569846
 0.47924,0.1569825
 0.47966,0.1569804
 0.48009,0.1569783
 0.48052,0.1569762
 0.48095,0.1569741
 0.48138,0.1569719
 0.48180,0.1569698
 0.48223,0.1569676
 0.48266,0.1569655
 0.48309,0.1569633
 0.48352,0.1569612
 0.48395,0.1569590
 0.48438,0.1569568
 0.48482,0.1569546
 0.48525,0.1569524
 0.48568,0.1569502
 0.48611,0.1569482
 0.48655,0.1569462
 0.48698,0.1569442
 0.48741,0.1569422
 0.48785,0.1569401
 0.48828,0.1569381
 0.48872,0.1569361
 0.48915,0.1569340
 0.48959,0.1569319
 0.49002,0.1569299
 0.49046,0.1569278
 0.49090,0.1569257
 0.49133,0.1569237
 0.49177,0.1569216
 0.49221,0.1569195
 0.49265,0.1569174
 0.49309,0.1569153
 0.49353,0.1569131
 0.49397,0.1569110
 0.49441,0.1569089
 0.49485,0.1569067
 0.49529,0.1569046
 0.49573,0.1569024
 0.49617,0.1569002
 0.49661,0.1568981
 0.49705,0.1568959
 0.49750,0.1568937
 0.49794,0.1568915
 0.49838,0.1568893
 0.49883,0.1568872
 0.49927,0.1568851
 0.49972,0.1568831
 0.50016,0.1568811
 0.50061,0.1568791
 0.50105,0.1568771
 0.50150,0.1568750
 0.50194,0.1568730
 0.50239,0.1568710
 0.50284,0.1568689
 0.50329,0.1568668
 0.50374,0.1568648
 0.50418,0.1568627
 0.50463,0.1568606
 0.50508,0.1568585
 0.50553,0.1568564
 0.50598,0.1568543
 0.50643,0.1568522
 0.50688,0.1568501
 0.50734,0.1568479
 0.50779,0.1568458
 0.50824,0.1568437
 0.50869,0.1568415
 0.50915,0.1568393
 0.50960,0.1568372
 0.51005,0.1568350
 0.51051,0.1568328
 0.51096,0.1568306
 0.51142,0.1568284
 0.51187,0.1568262
 0.51233,0.1568241
 0.51278,0.1568221
 0.51324,0.1568201
 0.51370,0.1568181
 0.51416,0.1568161
 0.51461,0.1568140
 0.51507,0.1568120
 0.51553,0.1568099
 0.51599,0.1568079
 0.51645,0.1568058
 0.51691,0.1568038
 0.51737,0.1568017
 0.51783,0.1567996
 0.51829,0.1567975
 0.51875,0.1567954
 0.51922,0.1567933
 0.51968,0.1567912
 0.52014,0.1567891
 0.52060,0.1567870
 0.52107,0.1567849
 0.52153,0.1567827
 0.52200,0.1567806
 0.52246,0.1567784
 0.52293,0.1567763
 0.52339,0.1567741
 0.52386,0.1567719
 0.52433,0.1567697
 0.52479,0.1567675
 0.52526,0.1567653
 0.52573,0.1567631
 0.52620,0.1567610
 0.52666,0.1567591
 0.52713,0.1567570
 0.52760,0.1567550
 0.52807,0.1567530
 0.52854,0.1567510
 0.52901,0.1567489
 0.52949,0.1567469
 0.52996,0.1567448
 0.53043,0.1567428
 0.53090,0.1567407
 0.53137,0.1567386
 0.53185,0.1567366
 0.53232,0.1567345
 0.53280,0.1567324
 0.53327,0.1567303
 0.53374,0.1567282
 0.53422,0.1567261
 0.53470,0.1567239
 0.53517,0.1567218
 0.53565,0.1567196
 0.53613,0.1567175
 0.53660,0.1567153
 0.53708,0.1567132
 0.53756,0.1567110
 0.53804,0.1567088
 0.53852,0.1567066
 0.53900,0.1567044
 0.53948,0.1567022
 0.53996,0.1567001
 0.54044,0.1566980
 0.54092,0.1566960
 0.54140,0.1566940
 0.54188,0.1566920
 0.54237,0.1566900
 0.54285,0.1566879
 0.54333,0.1566859
 0.54382,0.1566838
 0.54430,0.1566818
 0.54479,0.1566797
 0.54527,0.1566777
 0.54576,0.1566756
 0.54624,0.1566736
 0.54673,0.1566714
 0.54722,0.1566693
 0.54770,0.1566672
 0.54819,0.1566651
 0.54868,0.1566630
 0.54917,0.1566609
 0.54966,0.1566587
 0.55015,0.1566566
 0.55064,0.1566544
 0.55113,0.1566523
 0.55162,0.1566501
 0.55211,0.1566479
 0.55260,0.1566458
 0.55309,0.1566436
 0.55359,0.1566414
 0.55408,0.1566392
 0.55457,0.1566370
 0.55507,0.1566350
 0.55556,0.1566330
 0.55606,0.1566310
 0.55655,0.1566289
 0.55705,0.1566269
 0.55754,0.1566249
 0.55804,0.1566228
 0.55854,0.1566208
 0.55903,0.1566188
 0.55953,0.1566167
 0.56003,0.1566146
 0.56053,0.1566125
 0.56103,0.1566105
 0.56153,0.1566084
 0.56203,0.1566063
 0.56253,0.1566042
 0.56303,0.1566021
 0.56353,0.1565999
 0.56403,0.1565978
 0.56454,0.1565957
 0.56504,0.1565935
 0.56554,0.1565914
 0.56605,0.1565892
 0.56655,0.1565871
 0.56705,0.1565849
 0.56756,0.1565827
 0.56807,0.1565809
 0.56857,0.1565784
 0.56908,0.1565762
 0.56958,0.1565740
 0.57009,0.1565720
 0.57060,0.1565700
 0.57111,0.1565680
 0.57162,0.1565660
 0.57213,0.1565639
 0.57264,0.1565619
 0.57315,0.1565599
 0.57366,0.1565579
 0.57417,0.1565558
 0.57468,0.1565538
 0.57519,0.1565517
 0.57570,0.1565496
 0.57621,0.1565476
 0.57673,0.1565455
 0.57724,0.1565434
 0.57776,0.1565413
 0.57827,0.1565392
 0.57879,0.1565371
 0.57930,0.1565350
 0.57982,0.1565329
 0.58033,0.1565308
 0.58085,0.1565287
 0.58137,0.1565266
 0.58189,0.1565245
 0.58240,0.1565225
 0.58292,0.1565204
 0.58344,0.1565183
 0.58396,0.1565163
 0.58448,0.1565144
 0.58500,0.1565125
 0.58552,0.1565108
 0.58604,0.1565094
 0.58657,0.1565084
 0.58709,0.1565079
 0.58761,0.1565095
 0.58814,0.1565206
 0.58866,0.1566380
 0.58918,0.1572802
 0.58971,0.1567937
 0.59023,0.1565178
 0.59076,0.1564983
 0.59129,0.1564922
 0.59181,0.1564883
 0.59234,0.1564852
 0.59287,0.1564824
 0.59339,0.1564799
 0.59392,0.1564775
 0.59445,0.1564751
 0.59498,0.1564728
 0.59551,0.1564706
 0.59604,0.1564682
 0.59657,0.1564660
 0.59710,0.1564637
 0.59764,0.1564615
 0.59817,0.1564592
 0.59870,0.1564571
 0.59923,0.1564548
 0.59977,0.1564526
 0.60030,0.1564503
 0.60084,0.1564482
 0.60137,0.1564462
 0.60191,0.1564442
 0.60244,0.1564421
 0.60298,0.1564402
 0.60352,0.1564380
 0.60405,0.1564360
 0.60459,0.1564339
 0.60513,0.1564318
 0.60567,0.1564298
 0.60621,0.1564277
 0.60675,0.1564256
 0.60729,0.1564235
 0.60783,0.1564214
 0.60837,0.1564193
 0.60891,0.1564172
 0.60946,0.1564151
 0.61000,0.1564130
 0.61054,0.1564108
 0.61109,0.1564087
 0.61163,0.1564065
 0.61218,0.1564044
 0.61272,0.1564022
 0.61327,0.1564000
 0.61381,0.1563979
 0.61436,0.1563957
 0.61491,0.1563935
 0.61545,0.1563913
 0.61600,0.1563891
 0.61655,0.1563869
 0.61710,0.1563849
 0.61765,0.1563829
 0.61820,0.1563808
 0.61875,0.1563788
 0.61930,0.1563768
 0.61985,0.1563748
 0.62040,0.1563727
 0.62096,0.1563707
 0.62151,0.1563686
 0.62206,0.1563665
 0.62262,0.1563645
 0.62317,0.1563624
 0.62373,0.1563603
 0.62428,0.1563582
 0.62484,0.1563562
 0.62540,0.1563540
 0.62595,0.1563519
 0.62651,0.1563498
 0.62707,0.1563477
 0.62763,0.1563455
 0.62819,0.1563434
 0.62875,0.1563412
 0.62931,0.1563391
 0.62987,0.1563369
 0.63043,0.1563347
 0.63099,0.1563325
 0.63155,0.1563303
 0.63211,0.1563281
 0.63268,0.1563259
 0.63324,0.1563238
 0.63380,0.1563218
 0.63437,0.1563198
 0.63493,0.1563178
 0.63550,0.1563158
 0.63606,0.1563137
 0.63663,0.1563117
 0.63720,0.1563096
 0.63777,0.1563076
 0.63833,0.1563055
 0.63890,0.1563035
 0.63947,0.1563014
 0.64004,0.1562993
 0.64061,0.1562972
 0.64118,0.1562952
 0.64175,0.1562930
 0.64232,0.1562910
 0.64290,0.1562888
 0.64347,0.1562867
 0.64404,0.1562847
 0.64462,0.1562825
 0.64519,0.1562803
 0.64576,0.1562786
 0.64634,0.1562760
 0.64691,0.1562738
 0.64749,0.1562717
 0.64807,0.1562695
 0.64865,0.1562674
 0.64922,0.1562651
 0.64980,0.1562628
 0.65038,0.1562607
 0.65096,0.1562588
 0.65154,0.1562568
 0.65212,0.1562549
 0.65270,0.1562527
 0.65328,0.1562507
 0.65386,0.1562487
 0.65445,0.1562466
 0.65503,0.1562445
 0.65561,0.1562425
 0.65620,0.1562408
 0.65678,0.1562386
 0.65737,0.1562363
 0.65795,0.1562342
 0.65854,0.1562326
 0.65912,0.1562301
 0.65971,0.1562279
 0.66030,0.1562259
 0.66089,0.1562236
 0.66147,0.1562215
 0.66206,0.1562194
 0.66265,0.1562172
 0.66324,0.1562152
 0.66383,0.1562129
 0.66443,0.1562107
 0.66502,0.1562086
 0.66561,0.1562064
 0.66620,0.1562041
 0.66680,0.1562021
 0.66739,0.1561998
 0.66798,0.1561977
 0.66858,0.1561957
 0.66917,0.1561937
 0.66977,0.1561917
 0.67037,0.1561896
 0.67096,0.1561876
 0.67156,0.1561856
 0.67216,0.1561835
 0.67276,0.1561815
 0.67336,0.1561794
 0.67396,0.1561774
 0.67456,0.1561753
 0.67516,0.1561732
 0.67576,0.1561711
 0.67636,0.1561690
 0.67696,0.1561669
 0.67757,0.1561648
 0.67817,0.1561627
 0.67877,0.1561606
 0.67938,0.1561584
 0.67998,0.1561563
 0.68059,0.1561541
 0.68120,0.1561520
 0.68180,0.1561498
 0.68241,0.1561476
 0.68302,0.1561455
 0.68363,0.1561433
 0.68423,0.1561411
 0.68484,0.1561389
 0.68545,0.1561367
 0.68606,0.1561346
 0.68668,0.1561326
 0.68729,0.1561307
 0.68790,0.1561287
 0.68851,0.1561267
 0.68913,0.1561247
 0.68974,0.1561225
 0.69035,0.1561205
 0.69097,0.1561184
 0.69158,0.1561166
 0.69220,0.1561163
 0.69282,0.1561126
 0.69343,0.1561102
 0.69405,0.1561082
 0.69467,0.1561060
 0.69529,0.1561039
 0.69591,0.1561018
 0.69653,0.1561030
 0.69715,0.1560976
 0.69777,0.1560954
 0.69839,0.1560932
 0.69901,0.1560911
 0.69963,0.1560890
 0.70026,0.1560868
 0.70088,0.1560856
 0.70151,0.1560825
 0.70213,0.1560808
 0.70276,0.1560816
 0.70338,0.1560759
 0.70401,0.1560738
 0.70464,0.1560717
 0.70526,0.1560750
 0.70589,0.1560676
 0.70652,0.1560656
 0.70715,0.1560639
 0.70778,0.1560617
 0.70841,0.1560597
 0.70904,0.1560581
 0.70967,0.1560555
 0.71030,0.1560534
 0.71094,0.1560513
 0.71157,0.1560511
 0.71220,0.1560474
 0.71284,0.1560451
 0.71347,0.1560432
 0.71411,0.1560413
 0.71474,0.1560395
 0.71538,0.1560368
 0.71602,0.1560358
 0.71666,0.1560353
 0.71729,0.1560303
 0.71793,0.1560455
 0.71857,0.1560268
 0.71921,0.1560238
 0.71985,0.1560219
 0.72049,0.1560196
 0.72114,0.1560207
 0.72178,0.1560161
 0.72242,0.1560153
 0.72306,0.1560108
 0.72371,0.1560202
 0.72435,0.1560073
 0.72500,0.1560048
 0.72564,0.1560029
 0.72629,0.1560053
 0.72694,0.1560003
 0.72758,0.1559994
 0.72823,0.1559956
 0.72888,0.1559925
 0.72953,0.1559906
 0.73018,0.1559887
 0.73083,0.1559923
 0.73148,0.1559843
 0.73213,0.1559824
 0.73278,0.1559807
 0.73344,0.1559792
 0.73409,0.1559759
 0.73474,0.1559744
 0.73540,0.1559715
 0.73605,0.1559696
 0.73671,0.1559674
 0.73737,0.1559674
 0.73802,0.1559630
 0.73868,0.1559627
 0.73934,0.1559586
 0.74000,0.1559591
 0.74065,0.1559550
 0.74131,0.1559530
 0.74197,0.1559497
 0.74264,0.1559478
 0.74330,0.1559457
 0.74396,0.1559437
 0.74462,0.1559440
 0.74528,0.1559398
 0.74595,0.1559377
 0.74661,0.1559359
 0.74728,0.1559335
 0.74794,0.1559346
 0.74861,0.1559295
 0.74928,0.1559282
 0.74994,0.1559256
 0.75061,0.1559238
 0.75128,0.1559216
 0.75195,0.1559193
 0.75262,0.1559174
 0.75329,0.1559151
 0.75396,0.1559134
 0.75463,0.1559111
 0.75530,0.1559089
 0.75598,0.1559069
 0.75665,0.1559048
 0.75732,0.1559027
 0.75800,0.1559008
 0.75867,0.1558986
 0.75935,0.1558967
 0.76003,0.1558948
 0.76070,0.1558929
 0.76138,0.1558909
 0.76206,0.1558895
 0.76274,0.1558878
 0.76342,0.1558868
 0.76410,0.1558867
 0.76478,0.1558891
 0.76546,0.1559058
 0.76614,0.1561295
 0.76682,0.1561617
 0.76751,0.1559028
 0.76819,0.1558836
 0.76887,0.1558870
 0.76956,0.1560634
 0.77024,0.1560498
 0.77093,0.1558775
 0.77162,0.1558654
 0.77230,0.1558605
 0.77299,0.1558572
 0.77368,0.1558543
 0.77437,0.1558517
 0.77506,0.1558492
 0.77575,0.1558468
 0.77644,0.1558445
 0.77713,0.1558421
 0.77782,0.1558398
 0.77852,0.1558376
 0.77921,0.1558354
 0.77990,0.1558330
 0.78060,0.1558308
 0.78129,0.1558287
 0.78199,0.1558264
 0.78269,0.1558240
 0.78338,0.1558221
 0.78408,0.1558199
 0.78478,0.1558179
 0.78548,0.1558159
 0.78618,0.1558138
 0.78688,0.1558117
 0.78758,0.1558097
 0.78828,0.1558079
 0.78898,0.1558056
 0.78968,0.1558034
 0.79039,0.1558014
 0.79109,0.1558015
 0.79180,0.1557975
 0.79250,0.1557951
 0.79321,0.1557930
 0.79391,0.1557911
 0.79462,0.1557888
 0.79533,0.1557867
 0.79604,0.1557846
 0.79675,0.1557823
 0.79746,0.1557804
 0.79817,0.1557783
 0.79888,0.1557761
 0.79959,0.1557737
 0.80030,0.1557715
 0.80101,0.1557697
 0.80173,0.1557684
 0.80244,0.1557652
 0.80316,0.1557628
 0.80387,0.1557614
 0.80459,0.1557586
 0.80530,0.1557568
 0.80602,0.1557548
 0.80674,0.1557532
 0.80746,0.1557507
 0.80818,0.1557491
 0.80890,0.1557468
 0.80962,0.1557450
 0.81034,0.1557431
 0.81106,0.1557426
 0.81178,0.1557397
 0.81251,0.1557610
 0.81323,0.1557377
 0.81395,0.1557488
 0.81468,0.1557312
 0.81540,0.1557280
 0.81613,0.1557272
 0.81686,0.1557280
 0.81758,0.1557213
 0.81831,0.1557277
 0.81904,0.1557172
 0.81977,0.1557164
 0.82050,0.1557138
 0.82123,0.1557111
 0.82196,0.1557092
 0.82270,0.1557064
 0.82343,0.1557043
 0.82416,0.1557035
 0.82490,0.1556997
 0.82563,0.1557283
 0.82637,0.1557150
 0.82710,0.1556938
 0.82784,0.1556916
 0.82858,0.1556902
 0.82931,0.1556927
 0.83005,0.1556854
 0.83079,0.1556850
 0.83153,0.1556817
 0.83227,0.1556802
 0.83301,0.1556778
 0.83376,0.1556754
 0.83450,0.1556730
 0.83524,0.1556713
 0.83598,0.1556698
 0.83673,0.1556672
 0.83747,0.1556646
 0.83822,0.1556650
 0.83897,0.1556607
 0.83971,0.1556583
 0.84046,0.1556568
 0.84121,0.1556548
 0.84196,0.1556524
 0.84271,0.1556534
 0.84346,0.1556482
 0.84421,0.1556454
 0.84496,0.1556453
 0.84572,0.1556515
 0.84647,0.1556393
 0.84722,0.1556368
 0.84798,0.1556346
 0.84873,0.1556330
 0.84949,0.1556304
 0.85025,0.1556296
 0.85100,0.1556268
 0.85176,0.1556246
 0.85252,0.1556228
 0.85328,0.1556204
 0.85404,0.1556182
 0.85480,0.1556163
 0.85556,0.1556149
 0.85632,0.1556150
 0.85709,0.1556101
 0.85785,0.1556078
 0.85861,0.1556059
 0.85938,0.1556062
 0.86014,0.1556023
 0.86091,0.1555999
 0.86168,0.1555975
 0.86244,0.1555954
 0.86321,0.1555932
 0.86398,0.1555909
 0.86475,0.1555890
 0.86552,0.1555871
 0.86629,0.1555851
 0.86706,0.1555823
 0.86784,0.1555800
 0.86861,0.1555778
 0.86938,0.1555756
 0.87016,0.1555734
 0.87093,0.1555717
 0.87171,0.1555695
 0.87248,0.1555675
 0.87326,0.1555653
 0.87404,0.1555640
 0.87482,0.1555614
 0.87560,0.1555592
 0.87638,0.1555573
 0.87716,0.1555551
 0.87794,0.1555531
 0.87872,0.1555519
 0.87950,0.1555489
 0.88029,0.1555468
 0.88107,0.1555448
 0.88185,0.1555428
 0.88264,0.1555417
 0.88343,0.1555386
 0.88421,0.1555364
 0.88500,0.1555341
 0.88579,0.1555321
 0.88658,0.1555299
 0.88737,0.1555277
 0.88816,0.1555255
 0.88895,0.1555235
 0.88974,0.1555212
 0.89053,0.1555193
 0.89133,0.1555238
 0.89212,0.1555165
 0.89291,0.1555530
 0.89371,0.1555111
 0.89451,0.1555083
 0.89530,0.1555065
 0.89610,0.1555054
 0.89690,0.1555032
 0.89770,0.1555035
 0.89850,0.1554984
 0.89930,0.1554988
 0.90010,0.1554950
 0.90090,0.1555208
 0.90170,0.1555250
 0.90250,0.1555145
 0.90331,0.1554877
 0.90411,0.1554838
 0.90492,0.1554819
 0.90572,0.1554845
 0.90653,0.1554777
 0.90734,0.1554779
 0.90815,0.1554865
 0.90895,0.1554949
 0.90976,0.1554810
 0.91057,0.1554673
 0.91139,0.1554653
 0.91220,0.1554630
 0.91301,0.1554613
 0.91382,0.1554587
 0.91464,0.1554702
 0.91545,0.1554778
 0.91627,0.1554532
 0.91708,0.1554605
 0.91790,0.1554671
 0.91872,0.1554505
 0.91954,0.1554437
 0.92035,0.1554423
 0.92117,0.1554399
 0.92199,0.1554667
 0.92282,0.1554383
 0.92364,0.1554551
 0.92446,0.1554525
 0.92528,0.1554435
 0.92611,0.1554287
 0.92693,0.1554437
 0.92776,0.1555370
 0.92858,0.1554563
 0.92941,0.1554294
 0.93024,0.1554232
 0.93107,0.1558123
 0.93190,0.1554516
 0.93273,0.1554168
 0.93356,0.1554183
 0.93439,0.1556854
 0.93522,0.1554194
 0.93605,0.1554337
 0.93689,0.1554678
 0.93772,0.1555078
 0.93856,0.1554372
 0.93939,0.1554131
 0.94023,0.1553978
 0.94107,0.1554306
 0.94191,0.1554094
 0.94275,0.1553900
 0.94358,0.1553884
 0.94443,0.1553824
 0.94527,0.1554067
 0.94611,0.1554602
 0.94695,0.1553880
 0.94779,0.1554839
 0.94864,0.1553763
 0.94948,0.1553712
 0.95033,0.1553739
 0.95118,0.1553673
 0.95202,0.1553719
 0.95287,0.1553690
 0.95372,0.1553924
 0.95457,0.1554133
 0.95542,0.1555075
 0.95627,0.1554303
 0.95712,0.1555982
 0.95797,0.1555544
 0.95883,0.1553513
 0.95968,0.1553972
 0.96054,0.1553565
 0.96139,0.1553625
 0.96225,0.1555530
 0.96311,0.1553477
 0.96396,0.1553336
 0.96482,0.1554725
 0.96568,0.1553771
 0.96654,0.1553398
 0.96740,0.1553323
 0.96826,0.1553243
 0.96913,0.1553736
 0.96999,0.1553646
 0.97085,0.1553416
 0.97172,0.1553516
 0.97258,0.1553432
 0.97345,0.1553114
 0.97432,0.1553229
 0.97518,0.1554654
 0.97605,0.1553052
 0.97692,0.1553106
 0.97779,0.1553225
 0.97866,0.1554606
 0.97953,0.1553039
 0.98041,0.1553065
 0.98128,0.1553055
 0.98215,0.1553045
 0.98303,0.1552985
 0.98390,0.1553074
 0.98478,0.1552855
 0.98566,0.1552958
 0.98654,0.1553295
 0.98741,0.1552798
 0.98829,0.1552794
 0.98917,0.1552871
 0.99006,0.1553786
 0.99094,0.1552790
 0.99182,0.1552850
 0.99270,0.1552927
 0.99359,0.1552746
 0.99447,0.1552645
 0.99536,0.1552635
 0.99624,0.1552871
 0.99713,0.1552707
 0.99802,0.1552523
 0.99891,0.1552726
 0.99980,0.1552521
 1.00069,0.1552695
 1.00158,0.1552502
 1.00247,0.1552447
 1.00337,0.1552435
 1.00426,0.1552383
 1.00515,0.1552460
 1.00605,0.1552330
 1.00694,0.1552330
 1.00784,0.1552455
 1.00874,0.1552371
 1.00964,0.1552257
 1.01054,0.1552408
 1.01144,0.1552198
 1.01234,0.1552209
 1.01324,0.1552276
 1.01414,0.1552143
 1.01504,0.1552133
 1.01595,0.1552088
 1.01685,0.1552084
 1.01776,0.1552111
 1.01867,0.1552035
 1.01957,0.1552022
 1.02048,0.1552017
 1.02139,0.1551970
 1.02230,0.1551948
 1.02321,0.1551918
 1.02412,0.1551916
 1.02503,0.1551885
 1.02595,0.1551856
 1.02686,0.1551833
 1.02778,0.1551849
 1.02869,0.1551795
 1.02961,0.1551773
 1.03052,0.1551763
 1.03144,0.1551729
 1.03236,0.1551717
 1.03328,0.1551700
 1.03420,0.1551666
 1.03512,0.1551648
 1.03604,0.1551627
 1.03697,0.1551609
 1.03789,0.1551593
 1.03881,0.1551560
 1.03974,0.1551542
 1.04067,0.1551518
 1.04159,0.1551532
 1.04252,0.1551474
 1.04345,0.1551506
 1.04438,0.1551435
 1.04531,0.1551419
 1.04624,0.1551403
 1.04717,0.1551371
 1.04810,0.1551350
 1.04904,0.1551336
 1.04997,0.1551309
 1.05091,0.1551289
 1.05184,0.1551275
 1.05278,0.1551256
 1.05372,0.1551230
 1.05466,0.1551216
 1.05559,0.1551192
 1.05653,0.1551177
 1.05748,0.1551141
 1.05842,0.1551133
 1.05936,0.1551097
 1.06030,0.1551082
 1.06125,0.1551090
 1.06219,0.1551040
 1.06314,0.1551014
 1.06409,0.1550998
 1.06503,0.1550983
 1.06598,0.1551018
 1.06693,0.1550945
 1.06788,0.1550911
 1.06883,0.1550886
 1.06979,0.1550914
 1.07074,0.1550849
 1.07169,0.1550863
 1.07265,0.1550811
 1.07360,0.1550781
 1.07456,0.1550806
 1.07552,0.1550735
 1.07647,0.1550713
 1.07743,0.1550723
 1.07839,0.1550677
 1.07935,0.1550650
 1.08031,0.1550661
 1.08128,0.1550618
 1.08224,0.1550612
 1.08320,0.1550571
 1.08417,0.1550570
 1.08513,0.1550538
 1.08610,0.1550534
 1.08707,0.1550518
 1.08803,0.1550471
 1.08900,0.1550463
 1.08997,0.1550997
 1.09094,0.1550753
 1.09192,0.1550451
 1.09289,0.1550635
 1.09386,0.1550656
 1.09484,0.1550327
 1.09581,0.1550327
 1.09679,0.1550389
 1.09776,0.1550896
 1.09874,0.1550435
 1.09972,0.1551062
 1.10070,0.1554244
 1.10168,0.1555048
 1.10266,0.1550437
 1.10364,0.1550224
 1.10463,0.1550315
 1.10561,0.1550238
 1.10660,0.1550344
 1.10758,0.1550288
 1.10857,0.1550066
 1.10956,0.1550419
 1.11054,0.1550342
 1.11153,0.1552322
 1.11252,0.1550068
 1.11351,0.1550294
 1.11451,0.1549918
 1.11550,0.1561672
 1.11649,0.1549888
 1.11749,0.1550241
 1.11848,0.1550044
 1.11948,0.1550188
 1.12047,0.1549979
 1.12147,0.1551775
 1.12247,0.1551956
 1.12347,0.1549905
 1.12447,0.1550315
 1.12547,0.1550399
 1.12648,0.1553237
 1.12748,0.1550350
 1.12848,0.1551733
 1.12949,0.1550191
 1.13049,0.1549820
 1.13150,0.1551767
 1.13251,0.1549837
 1.13352,0.1550397
 1.13453,0.1550499
 1.13554,0.1550999
 1.13655,0.1549724
 1.13756,0.1549811
 1.13857,0.1549440
 1.13959,0.1552133
 1.14060,0.1549720
 1.14162,0.1550018
 1.14264,0.1550040
 1.14365,0.1549648
 1.14467,0.1550528
 1.14569,0.1549591
 1.14671,0.1551585
 1.14773,0.1549314
 1.14876,0.1549404
 1.14978,0.1549392
 1.15080,0.1549271
 1.15183,0.1551071
 1.15285,0.1549691
 1.15388,0.1549538
 1.15491,0.1549361
 1.15594,0.1549185
 1.15697,0.1550292
 1.15800,0.1549032
 1.15903,0.1549028
 1.16006,0.1558603
 1.16109,0.1549528
 1.16213,0.1549031
 1.16316,0.1549151
 1.16420,0.1548925
 1.16524,0.1549157
 1.16627,0.1550612
 1.16731,0.1549576
 1.16835,0.1549225
 1.16939,0.1548983
 1.17043,0.1548808
 1.17148,0.1549009
 1.17252,0.1548849
 1.17356,0.1554568
 1.17461,0.1548841
 1.17566,0.1548778
 1.17670,0.1548654
 1.17775,0.1548835
 1.17880,0.1548627
 1.17985,0.1548852
 1.18090,0.1549331
 1.18195,0.1548705
 1.18301,0.1548702
 1.18406,0.1548553
 1.18511,0.1548545
 1.18617,0.1548904
 1.18723,0.1548795
 1.18828,0.1549781
 1.18934,0.1548455
 1.19040,0.1548473
 1.19146,0.1549114
 1.19252,0.1548929
 1.19358,0.1548393
 1.19465,0.1548283
 1.19571,0.1548710
 1.19678,0.1548314
 1.19784,0.1548634
 1.19891,0.1549455
 1.19998,0.1548486
 1.20105,0.1548347
 1.20212,0.1548230
 1.20319,0.1548157
 1.20426,0.1548213
 1.20533,0.1548087
 1.20640,0.1548159
 1.20748,0.1548087
 1.20855,0.1548195
 1.20963,0.1548158
 1.21071,0.1548023
 1.21179,0.1547996
 1.21287,0.1548129
 1.21395,0.1547995
 1.21503,0.1548269
 1.21611,0.1547930
 1.21719,0.1547946
 1.21828,0.1547899
 1.21936,0.1547892
 1.22045,0.1547838
 1.22153,0.1547742
 1.22262,0.1548391
 1.22371,0.1547713
 1.22480,0.1547723
 1.22589,0.1547898
 1.22698,0.1547899
 1.22808,0.1547915
 1.22917,0.1548133
 1.23026,0.1547607
 1.23136,0.1547581
 1.23246,0.1547741
 1.23356,0.1547517
 1.23465,0.1547596
 1.23575,0.1547584
 1.23685,0.1547463
 1.23796,0.1547573
 1.23906,0.1547621
 1.24016,0.1547438
 1.24127,0.1547391
 1.24237,0.1547374
 1.24348,0.1547364
 1.24459,0.1547472
 1.24569,0.1547298
 1.24680,0.1547337
 1.24791,0.1547271
 1.24903,0.1547232
 1.25014,0.1547209
 1.25125,0.1547218
 1.25237,0.1547392
 1.25348,0.1547291
 1.25460,0.1547611
 1.25572,0.1547087
 1.25683,0.1547060
 1.25795,0.1547167
 1.25907,0.1547090
 1.26020,0.1547053
 1.26132,0.1547036
 1.26244,0.1547190
 1.26357,0.1546978
 1.26469,0.1546943
 1.26582,0.1546932
 1.26694,0.1546924
 1.26807,0.1546854
 1.26920,0.1546869
 1.27033,0.1546840
 1.27146,0.1546817
 1.27260,0.1546999
 1.27373,0.1546831
 1.27486,0.1547206
 1.27600,0.1546714
 1.27714,0.1546769
 1.27827,0.1546680
 1.27941,0.1546724
 1.28055,0.1546703
 1.28169,0.1546655
 1.28283,0.1546698
 1.28398,0.1546564
 1.28512,0.1547005
 1.28627,0.1546568
 1.28741,0.1547084
 1.28856,0.1546598
 1.28971,0.1547434
 1.29085,0.1546441
 1.29200,0.1546479
 1.29315,0.1546407
 1.29431,0.1546409
 1.29546,0.1546364
 1.29661,0.1546511
 1.29777,0.1546310
 1.29892,0.1546374
 1.30008,0.1546529
 1.30124,0.1546586
 1.30240,0.1546386
 1.30356,0.1546243
 1.30472,0.1546189
 1.30588,0.1547171
 1.30704,0.1549712
 1.30821,0.1546167
 1.30937,0.1546728
 1.31054,0.1546366
 1.31171,0.1546070
 1.31287,0.1547653
 1.31404,0.1547164
 1.31521,0.1546540
 1.31639,0.1546111
 1.31756,0.1546316
 1.31873,0.1546239
 1.31991,0.1546639
 1.32108,0.1546276
 1.32226,0.1545879
 1.32344,0.1546025
 1.32461,0.1545887
 1.32579,0.1547337
 1.32698,0.1545805
 1.32816,0.1545834
 1.32934,0.1551780
 1.33052,0.1546443
 1.33171,0.1554823
 1.33289,0.1549003
 1.33408,0.1546108
 1.33527,0.1552707
 1.33646,0.1552840
 1.33765,0.1546466
 1.33884,0.1552217
 1.34003,0.1550965
 1.34123,0.1546561
 1.34242,0.1554116
 1.34362,0.1548348
 1.34481,0.1557084
 1.34601,0.1549357
 1.34721,0.1549323
 1.34841,0.1551702
 1.34961,0.1552338
 1.35081,0.1562052
 1.35202,0.1551846
 1.35322,0.1550068
 1.35443,0.1554820
 1.35563,0.1546349
 1.35684,0.1550805
 1.35805,0.1551082
 1.35926,0.1548413
 1.36047,0.1551929
 1.36168,0.1563914
 1.36289,0.1546381
 1.36411,0.1546555
 1.36532,0.1546532
 1.36654,0.1552680
 1.36776,0.1545659
 1.36897,0.1551269
 1.37019,0.1547694
 1.37141,0.1556109
 1.37263,0.1549948
 1.37386,0.1547637
 1.37508,0.1549379
 1.37631,0.1553037
 1.37753,0.1564563
 1.37876,0.1556184
 1.37999,0.1546885
 1.38122,0.1546994
 1.38245,0.1552155
 1.38368,0.1550940
 1.38491,0.1552153
 1.38614,0.1560443
 1.38738,0.1547986
 1.38861,0.1553525
 1.38985,0.1549655
 1.39109,0.1554321
 1.39233,0.1558861
 1.39357,0.1549842
 1.39481,0.1551251
 1.39605,0.1552188
 1.39729,0.1552009
 1.39854,0.1557781
 1.39978,0.1555355
 1.40103,0.1552080
 1.40228,0.1546570
 1.40353,0.1555821
 1.40478,0.1550437
 1.40603,0.1547840
 1.40728,0.1564260
 1.40853,0.1549738
 1.40979,0.1555781
 1.41104,0.1549384
 1.41230,0.1549563
 1.41356,0.1545102
 1.41482,0.1550012
 1.41608,0.1553425
 1.41734,0.1549880
 1.41860,0.1561061
 1.41987,0.1547119
 1.42113,0.1548005
 1.42240,0.1561591
 1.42366,0.1554759
 1.42493,0.1552768
 1.42620,0.1548492
 1.42747,0.1553430
 1.42874,0.1548027
 1.43001,0.1550013
 1.43129,0.1546787
 1.43256,0.1552334
 1.43384,0.1551764
 1.43512,0.1546687
 1.43639,0.1554232
 1.43767,0.1546886
 1.43895,0.1557643
 1.44023,0.1547103
 1.44152,0.1556400
 1.44280,0.1550917
 1.44409,0.1559047
 1.44537,0.1548456
 1.44666,0.1550709
 1.44795,0.1549610
 1.44924,0.1547714
 1.45053,0.1544202
 1.45182,0.1547979
 1.45311,0.1545652
 1.45441,0.1554589
 1.45570,0.1557399
 1.45700,0.1561119
 1.45830,0.1551691
 1.45960,0.1546188
 1.46090,0.1545324
 1.46220,0.1548618
 1.46350,0.1555504
 1.46480,0.1562301
 1.46611,0.1547450
 1.46741,0.1546156
 1.46872,0.1546337
 1.47003,0.1543857
 1.47134,0.1548961
 1.47265,0.1548427
 1.47396,0.1555722
 1.47527,0.1553439
 1.47659,0.1555108
 1.47790,0.1545373
 1.47922,0.1553041
 1.48054,0.1550694
 1.48185,0.1545596
 1.48317,0.1546340
 1.48450,0.1548899
 1.48582,0.1549854
 1.48714,0.1545641
 1.48847,0.1546686
 1.48979,0.1546670
 1.49112,0.1546719
 1.49245,0.1546471
 1.49378,0.1548333
 1.49511,0.1548573
 1.49644,0.1550098
 1.49777,0.1545362
 1.49910,0.1549967
 1.50044,0.1548354
 1.50178,0.1551448
 1.50311,0.1544851
 1.50445,0.1545420
 1.50579,0.1548746
 1.50713,0.1545630
 1.50848,0.1545346
 1.50982,0.1544810
 1.51116,0.1545576
 1.51251,0.1546010
 1.51386,0.1551767
 1.51521,0.1543034
 1.51656,0.1543998
 1.51791,0.1544646
 1.51926,0.1543193
 1.52061,0.1543344
 1.52197,0.1544985
 1.52332,0.1545003
 1.52468,0.1545626
 1.52604,0.1544079
 1.52739,0.1545422
 1.52876,0.1546588
 1.53012,0.1545721
 1.53148,0.1543993
 1.53284,0.1544085
 1.53421,0.1543562
 1.53558,0.1548958
 1.53694,0.1544084
 1.53831,0.1545073
 1.53968,0.1546753
 1.54105,0.1542613
 1.54243,0.1544097
 1.54380,0.1547999
 1.54517,0.1544111
 1.54655,0.1545131
 1.54793,0.1543849
 1.54931,0.1543213
 1.55069,0.1546384
 1.55207,0.1542475
 1.55345,0.1544956
 1.55483,0.1542671
 1.55622,0.1542616
 1.55760,0.1542754
 1.55899,0.1546365
 1.56038,0.1542101
 1.56177,0.1542763
 1.56316,0.1542547
 1.56455,0.1543427
 1.56595,0.1542007
 1.56734,0.1542284
 1.56874,0.1542281
 1.57014,0.1541969
 1.57153,0.1546047
 1.57293,0.1542940
 1.57433,0.1542783
 1.57574,0.1542423
 1.57714,0.1542074
 1.57854,0.1542693
 1.57995,0.1542006
 1.58136,0.1542329
 1.58277,0.1542032
 1.58418,0.1542231
 1.58559,0.1545158
 1.58700,0.1541738
 1.58841,0.1541959
 1.58983,0.1543657
 1.59124,0.1542035
 1.59266,0.1541646
 1.59408,0.1541641
 1.59550,0.1541720
 1.59692,0.1541781
 1.59834,0.1541665
 1.59977,0.1542095
 1.60119,0.1541452
 1.60262,0.1541603
 1.60404,0.1542430
 1.60547,0.1541420
 1.60690,0.1542791
 1.60833,0.1542018
 1.60977,0.1544560
 1.61120,0.1543498
 1.61264,0.1541453
 1.61407,0.1541517
 1.61551,0.1543142
 1.61695,0.1541864
 1.61839,0.1541870
 1.61983,0.1541172
 1.62127,0.1541518
 1.62272,0.1541311
 1.62416,0.1541554
 1.62561,0.1541711
 1.62706,0.1541563
 1.62851,0.1541371
 1.62996,0.1541325
 1.63141,0.1541361
 1.63286,0.1541505
 1.63431,0.1541935
 1.63577,0.1542254
 1.63723,0.1540890
 1.63869,0.1540969
 1.64014,0.1540883
 1.64161,0.1540954
 1.64307,0.1541089
 1.64453,0.1540862
 1.64600,0.1541129
 1.64746,0.1540833
 1.64893,0.1540873
 1.65040,0.1546241
 1.65187,0.1541420
 1.65334,0.1540865
 1.65481,0.1541658
 1.65629,0.1541051
 1.65776,0.1540771
 1.65924,0.1540718
 1.66072,0.1542401
 1.66219,0.1540947
 1.66367,0.1540594
 1.66516,0.1540735
 1.66664,0.1540687
 1.66812,0.1541657
 1.66961,0.1541468
 1.67110,0.1542925
 1.67259,0.1540714
 1.67407,0.1540864
 1.67557,0.1540463
 1.67706,0.1541433
 1.67855,0.1540408
 1.68005,0.1541932
 1.68154,0.1540561
 1.68304,0.1540545
 1.68454,0.1546120
 1.68604,0.1540217
 1.68754,0.1540477
 1.68904,0.1540244
 1.69055,0.1540370
 1.69206,0.1542419
 1.69356,0.1541058
 1.69507,0.1540515
 1.69658,0.1542145
 1.69809,0.1540255
 1.69960,0.1540797
 1.70112,0.1540405
 1.70263,0.1540371
 1.70415,0.1541203
 1.70567,0.1540875
 1.70719,0.1543323
 1.70871,0.1540230
 1.71023,0.1540267
 1.71175,0.1540712
 1.71328,0.1541783
 1.71480,0.1540257
 1.71633,0.1543797
 1.71786,0.1540402
 1.71939,0.1540170
 1.72092,0.1541208
 1.72245,0.1541867
 1.72399,0.1541763
 1.72552,0.1541449
 1.72706,0.1543983
 1.72860,0.1545442
 1.73014,0.1541017
 1.73168,0.1542359
 1.73322,0.1540019
 1.73476,0.1541385
 1.73631,0.1540461
 1.73786,0.1540304
 1.73940,0.1541292
 1.74095,0.1541477
 1.74250,0.1543924
 1.74405,0.1548984
 1.74561,0.1542577
 1.74716,0.1543790
 1.74872,0.1540191
 1.75028,0.1548194
 1.75184,0.1546945
 1.75340,0.1539739
 1.75496,0.1548611
 1.75652,0.1540559
 1.75808,0.1551273
 1.75965,0.1545615
 1.76122,0.1540656
 1.76279,0.1555689
 1.76436,0.1542736
 1.76593,0.1541971
 1.76750,0.1551413
 1.76908,0.1540053
 1.77065,0.1542789
 1.77223,0.1545359
 1.77381,0.1546101
 1.77539,0.1547459
 1.77697,0.1544145
 1.77855,0.1542232
 1.78013,0.1541028
 1.78172,0.1556596
 1.78331,0.1550194
 1.78490,0.1552455
 1.78648,0.1544838
 1.78808,0.1549339
 1.78967,0.1541531
 1.79126,0.1543046
 1.79286,0.1546166
 1.79445,0.1550796
 1.79605,0.1541342
 1.79765,0.1543021
 1.79925,0.1550150
 1.80086,0.1546093
 1.80246,0.1546423
 1.80407,0.1543266
 1.80567,0.1558642
 1.80728,0.1539459
 1.80889,0.1540488
 1.81050,0.1545705
 1.81211,0.1541289
 1.81373,0.1544614
 1.81534,0.1541260
 1.81696,0.1541168
 1.81858,0.1541937
 1.82020,0.1550066
 1.82182,0.1545238
 1.82344,0.1549638
 1.82507,0.1544945
 1.82669,0.1542026
 1.82832,0.1555614
 1.82995,0.1543665
 1.83158,0.1545295
 1.83321,0.1554523
 1.83484,0.1547649
 1.83648,0.1546261
 1.83811,0.1542190
 1.83975,0.1551582
 1.84139,0.1558273
 1.84303,0.1553629
 1.84467,0.1539496
 1.84631,0.1546618
 1.84796,0.1545471
 1.84960,0.1543180
 1.85125,0.1539977
 1.85290,0.1545679
 1.85455,0.1557461
 1.85620,0.1557962
 1.85785,0.1550180
 1.85951,0.1549672
 1.86116,0.1544717
 1.86282,0.1541105
 1.86448,0.1553363
 1.86614,0.1543939
 1.86780,0.1559370
 1.86947,0.1541953
 1.87113,0.1551451
 1.87280,0.1553771
 1.87447,0.1547234
 1.87614,0.1545673
 1.87781,0.1541677
 1.87948,0.1551439
 1.88115,0.1552542
 1.88283,0.1549225
 1.88451,0.1556617
 1.88618,0.1539984
 1.88786,0.1543658
 1.88955,0.1542039
 1.89123,0.1543557
 1.89291,0.1546778
 1.89460,0.1545178
 1.89629,0.1540336
 1.89798,0.1542774
 1.89967,0.1541349
 1.90136,0.1540655
 1.90305,0.1546011
 1.90475,0.1545539
 1.90644,0.1547738
 1.90814,0.1544441
 1.90984,0.1540135
 1.91154,0.1547087
 1.91324,0.1553673
 1.91495,0.1540224
 1.91665,0.1546915
 1.91836,0.1541126
 1.92007,0.1558184
 1.92178,0.1546197
 1.92349,0.1548779
 1.92520,0.1538971
 1.92692,0.1545358
 1.92864,0.1547975
 1.93035,0.1545420
 1.93207,0.1540268
 1.93379,0.1542624
 1.93552,0.1542974
 1.93724,0.1555494
 1.93896,0.1547654
 1.94069,0.1542870
 1.94242,0.1546449
 1.94415,0.1554441
 1.94588,0.1539094
 1.94761,0.1541824
 1.94935,0.1546527
 1.95109,0.1550542
 1.95282,0.1549966
 1.95456,0.1539360
 1.95630,0.1541731
 1.95805,0.1539952
 1.95979,0.1549552
 1.96154,0.1556913
 1.96328,0.1538895
 1.96503,0.1556786
 1.96678,0.1546727
 1.96853,0.1551826
 1.97029,0.1550350
 1.97204,0.1541928
 1.97380,0.1551642
 1.97556,0.1549442
 1.97732,0.1556381
 1.97908,0.1541715
 1.98084,0.1544402
 1.98260,0.1539037
 1.98437,0.1548698
 1.98614,0.1543110
 1.98791,0.1541093
 1.98968,0.1552153
 1.99145,0.1548219
 1.99322,0.1540972
 1.99500,0.1552970
 1.99677,0.1544472
 1.99855,0.1542061
 2.00033,0.1537948
 2.00211,0.1546501
 2.00390,0.1554509
 2.00568,0.1539861
 2.00747,0.1550745
 2.00926,0.1556093
 2.01105,0.1541450
 2.01284,0.1544180
 2.01463,0.1552706
 2.01642,0.1540665
 2.01822,0.1544330
 2.02002,0.1545068
 2.02182,0.1544557
 2.02362,0.1540295
 2.02542,0.1543181
 2.02722,0.1549943
 2.02903,0.1541674
 2.03084,0.1544980
 2.03265,0.1541472
 2.03446,0.1539024
 2.03627,0.1538090
 2.03808,0.1538191
 2.03990,0.1547474
 2.04171,0.1538368
 2.04353,0.1545190
 2.04535,0.1540651
 2.04717,0.1541608
 2.04900,0.1546951
 2.05082,0.1537853
 2.05265,0.1536748
 2.05448,0.1543408
 2.05631,0.1541754
 2.05814,0.1541073
 2.05997,0.1538716
 2.06181,0.1540205
 2.06364,0.1538962
 2.06548,0.1539714
 2.06732,0.1538244
 2.06916,0.1536350
 2.07100,0.1537474
 2.07285,0.1543303
 2.07469,0.1542306
 2.07654,0.1537003
 2.07839,0.1536371
 2.08024,0.1536603
 2.08210,0.1536316
 2.08395,0.1536010
 2.08581,0.1540301
 2.08766,0.1542028
 2.08952,0.1537559
 2.09138,0.1536370
 2.09325,0.1544012
 2.09511,0.1537442
 2.09698,0.1537470
 2.09885,0.1537027
 2.10072,0.1536475
 2.10259,0.1537747
 2.10446,0.1536273
 2.10633,0.1539707
 2.10821,0.1538011
 2.11009,0.1537349
 2.11197,0.1536705
 2.11385,0.1536843
 2.11573,0.1538571
 2.11761,0.1536188
 2.11950,0.1536496
 2.12139,0.1536259
 2.12328,0.1536077
 2.12517,0.1536301
 2.12706,0.1535931
 2.12896,0.1536402
 2.13085,0.1536549
 2.13275,0.1536512
 2.13465,0.1536594
 2.13655,0.1539474
 2.13845,0.1537703
 2.14036,0.1537551
 2.14226,0.1536419
 2.14417,0.1538373
 2.14608,0.1536820
 2.14799,0.1536382
 2.14991,0.1537594
 2.15182,0.1538390
 2.15374,0.1538923
 2.15566,0.1537334
 2.15758,0.1536798
 2.15950,0.1540325
 2.16142,0.1539373
 2.16335,0.1537218
 2.16527,0.1537579
 2.16720,0.1537682
 2.16913,0.1536874
 2.17106,0.1537899
 2.17300,0.1538376
 2.17493,0.1541348
 2.17687,0.1539922
 2.17881,0.1538799
 2.18075,0.1537710
 2.18269,0.1536504
 2.18464,0.1537546
 2.18658,0.1537275
 2.18853,0.1537621
 2.19048,0.1538139
 2.19243,0.1537826
 2.19438,0.1538481
 2.19634,0.1538913
 2.19829,0.1539049
 2.20025,0.1539525
 2.20221,0.1540977
 2.20417,0.1541458
 2.20614,0.1542250
 2.20810,0.1539722
 2.21007,0.1541141
 2.21204,0.1542025
 2.21401,0.1538998
 2.21598,0.1539978
 2.21795,0.1541070
 2.21993,0.1538844
 2.22190,0.1538706
 2.22388,0.1543161
 2.22586,0.1545310
 2.22785,0.1542563
 2.22983,0.1538146
 2.23182,0.1540382
 2.23380,0.1538654
 2.23579,0.1539243
 2.23778,0.1538349
 2.23978,0.1541009
 2.24177,0.1537650
 2.24377,0.1541374
 2.24577,0.1540794
 2.24777,0.1542036
 2.24977,0.1541817
 2.25177,0.1539132
 2.25378,0.1542291
 2.25579,0.1540587
 2.25780,0.1544571
 2.25981,0.1539311
 2.26182,0.1538107
 2.26383,0.1537936
 2.26585,0.1539354
 2.26787,0.1539402
 2.26989,0.1538149
 2.27191,0.1539880
 2.27393,0.1542445
 2.27596,0.1540285
 2.27799,0.1540981
 2.28002,0.1539612
 2.28205,0.1539112
 2.28408,0.1542623
 2.28611,0.1539918
 2.28815,0.1538882
 2.29019,0.1539955
 2.29223,0.1544828
 2.29427,0.1543484
 2.29631,0.1541804
 2.29836,0.1540406
 2.30040,0.1539402
 2.30245,0.1540303
 2.30450,0.1540085
 2.30656,0.1538914
 2.30861,0.1538587
 2.31067,0.1540304
 2.31272,0.1538041
 2.31478,0.1538782
 2.31685,0.1546268
 2.31891,0.1543521
 2.32097,0.1541328
 2.32304,0.1546276
 2.32511,0.1542507
 2.32718,0.1540539
 2.32925,0.1540888
 2.33133,0.1540707
 2.33341,0.1540780
 2.33548,0.1547716
 2.33756,0.1540897
 2.33965,0.1540369
 2.34173,0.1540981
 2.34382,0.1539750
 2.34590,0.1540125
 2.34799,0.1542515
 2.35008,0.1543300
 2.35218,0.1547152
 2.35427,0.1539797
 2.35637,0.1546099
 2.35847,0.1541475
 2.36057,0.1538864
 2.36267,0.1540228
 2.36477,0.1542263
 2.36688,0.1539256
 2.36899,0.1540094
 2.37110,0.1540492
 2.37321,0.1541324
 2.37532,0.1542146
 2.37744,0.1543091
 2.37956,0.1539353
 2.38168,0.1549640
 2.38380,0.1546180
 2.38592,0.1540767
 2.38805,0.1539752
 2.39017,0.1540366
 2.39230,0.1540414
 2.39443,0.1543651
 2.39657,0.1538656
 2.39870,0.1545096
 2.40084,0.1540858
 2.40298,0.1539642
 2.40512,0.1541681
 2.40726,0.1540545
 2.40940,0.1547098
 2.41155,0.1544819
 2.41370,0.1551400
 2.41585,0.1540179
 2.41800,0.1539607
 2.42015,0.1541386
 2.42231,0.1540528
 2.42446,0.1539602
 2.42662,0.1541604
 2.42878,0.1543767
 2.43095,0.1538599
 2.43311,0.1545470
 2.43528,0.1538860
 2.43745,0.1540645
 2.43962,0.1539493
 2.44179,0.1549548
 2.44397,0.1544069
 2.44614,0.1541267
 2.44832,0.1548912
 2.45050,0.1539477
 2.45269,0.1551243
 2.45487,0.1555296
 2.45706,0.1547604
 2.45925,0.1541276
 2.46144,0.1550862
 2.46363,0.1549946
 2.46582,0.1552582
 2.46802,0.1546138
 2.47022,0.1541946
 2.47242,0.1538733
 2.47462,0.1541571
 2.47682,0.1540074
 2.47903,0.1543989
 2.48124,0.1546653
 2.48345,0.1541423
 2.48566,0.1540610
 2.48787,0.1559656
 2.49009,0.1572135
 2.49231,0.1548228
 2.49453,0.1551552
 2.49675,0.1543125
 2.49897,0.1562883
 2.50120,0.1540483
 2.50342,0.1540684
 2.50565,0.1554713
 2.50789,0.1552537
 2.51012,0.1560824
 2.51236,0.1543116
 2.51459,0.1541186
 2.51683,0.1552105
 2.51907,0.1559675
 2.52132,0.1556014
 2.52356,0.1548961
 2.52581,0.1554052
 2.52806,0.1554144
 2.53031,0.1547296
 2.53257,0.1545443
 2.53482,0.1555695
 2.53708,0.1576069
 2.53934,0.1554168
 2.54160,0.1547602
 2.54386,0.1562118
 2.54613,0.1542774
 2.54840,0.1572575
 2.55067,0.1546158
 2.55294,0.1548374
 2.55521,0.1541817
 2.55749,0.1548128
 2.55977,0.1552147
 2.56205,0.1555324
 2.56433,0.1556484
 2.56661,0.1553297
 2.56890,0.1543453
 2.57119,0.1543219
 2.57348,0.1555503
 2.57577,0.1551691
 2.57806,0.1556147
 2.58036,0.1553240
 2.58266,0.1553586
 2.58496,0.1546384
 2.58726,0.1562637
 2.58956,0.1544885
 2.59187,0.1572633
 2.59418,0.1553673
 2.59649,0.1547604
 2.59880,0.1556479
 2.60112,0.1544145
 2.60343,0.1574252
 2.60575,0.1547989
 2.60807,0.1550912
 2.61040,0.1540937
 2.61272,0.1553870
 2.61505,0.1544124
 2.61738,0.1550628
 2.61971,0.1569154
 2.62204,0.1555469
 2.62438,0.1545608
 2.62671,0.1561406
 2.62905,0.1543415
 2.63140,0.1545424
 2.63374,0.1556685
 2.63609,0.1541202
 2.63843,0.1536519
 2.64078,0.1544942
 2.64314,0.1553119
 2.64549,0.1541452
 2.64785,0.1550319
 2.65020,0.1564545
 2.65256,0.1560335
 2.65493,0.1544981
 2.65729,0.1547878
 2.65966,0.1562709
 2.66203,0.1556787
 2.66440,0.1549159
 2.66677,0.1557864
 2.66915,0.1552566
 2.67152,0.1553391
 2.67390,0.1559262
 2.67628,0.1565449
 2.67867,0.1562267
 2.68105,0.1562330
 2.68344,0.1552859
 2.68583,0.1556089
 2.68822,0.1545454
 2.69062,0.1551016
 2.69301,0.1553568
 2.69541,0.1564377
 2.69781,0.1543980
 2.70022,0.1549407
 2.70262,0.1556174
 2.70503,0.1545238
 2.70744,0.1543230
 2.70985,0.1569199
 2.71226,0.1544123
 2.71468,0.1540568
 2.71710,0.1559076
 2.71952,0.1564007
 2.72194,0.1548116
 2.72436,0.1544648
 2.72679,0.1557831
 2.72922,0.1553127
 2.73165,0.1551596
 2.73408,0.1552358
 2.73652,0.1553344
 2.73895,0.1549991
 2.74139,0.1560515
 2.74384,0.1551347
 2.74628,0.1551738
 2.74873,0.1556450
 2.75117,0.1549221
 2.75362,0.1547140
 2.75608,0.1552523
 2.75853,0.1559823
 2.76099,0.1541999
 2.76345,0.1552573
 2.76591,0.1547220
 2.76837,0.1550331
 2.77084,0.1549569
 2.77331,0.1551807
 2.77578,0.1556305
 2.77825,0.1549378
 2.78072,0.1557387
 2.78320,0.1546547
 2.78568,0.1574959
 2.78816,0.1562379
 2.79064,0.1545701
 2.79313,0.1545563
 2.79562,0.1543404
 2.79811,0.1547375
 2.80060,0.1554157
 2.80309,0.1558502
 2.80559,0.1544597
 2.80809,0.1558805
 2.81059,0.1551426
 2.81309,0.1560256
 2.81560,0.1546477
 2.81811,0.1558692
 2.82062,0.1548289
 2.82313,0.1545633
 2.82564,0.1544723
 2.82816,0.1552390
 2.83068,0.1549672
 2.83320,0.1544937
 2.83572,0.1569425
 2.83825,0.1552949
 2.84078,0.1551036
 2.84331,0.1543492
 2.84584,0.1549287
 2.84837,0.1548669
 2.85091,0.1544648
 2.85345,0.1549981
 2.85599,0.1566112
 2.85853,0.1547476
 2.86108,0.1549002
 2.86363,0.1551959
 2.86618,0.1552321
 2.86873,0.1552653
 2.87129,0.1559798
 2.87384,0.1560156
 2.87640,0.1547125
 2.87897,0.1555616
 2.88153,0.1546919
 2.88410,0.1553655
 2.88666,0.1542026
 2.88924,0.1553179
 2.89181,0.1547810
 2.89438,0.1557079
 2.89696,0.1555979
 2.89954,0.1547976
 2.90213,0.1548195
 2.90471,0.1545723
 2.90730,0.1547132
 2.90989,0.1554283
 2.91248,0.1557179
 2.91507,0.1543142
 2.91767,0.1541285
 2.92027,0.1550326
 2.92287,0.1557667
 2.92547,0.1548351
 2.92808,0.1562062
 2.93069,0.1565101
 2.93330,0.1551065
 2.93591,0.1545042
 2.93852,0.1550949
 2.94114,0.1556380
 2.94376,0.1546229
 2.94638,0.1544148
 2.94901,0.1544135
 2.95163,0.1548209
 2.95426,0.1547738
 2.95689,0.1541397
 2.95953,0.1550087
 2.96216,0.1544559
 2.96480,0.1559941
 2.96744,0.1555819
 2.97008,0.1547448
 2.97273,0.1554218
 2.97538,0.1544057
 2.97803,0.1553036
 2.98068,0.1547174
 2.98333,0.1554947
 2.98599,0.1547074
 2.98865,0.1561852
 2.99131,0.1543940
 2.99398,0.1546161
 2.99664,0.1549041
 2.99931,0.1548091
 3.00198,0.1548349
 3.00466,0.1546847
 3.00733,0.1564950
 3.01001,0.1554200
 3.01269,0.1552724
 3.01538,0.1538569
 3.01806,0.1551129
 3.02075,0.1548033
 3.02344,0.1537730
 3.02613,0.1549861
 3.02883,0.1547519
 3.03153,0.1548802
 3.03423,0.1544024
 3.03693,0.1557065
 3.03963,0.1551918
 3.04234,0.1545779
 3.04505,0.1564419
 3.04776,0.1551477
 3.05048,0.1545393
 3.05319,0.1549203
 3.05591,0.1540875
 3.05864,0.1554377
 3.06136,0.1540206
 3.06409,0.1543934
 3.06682,0.1544080
 3.06955,0.1550042
 3.07228,0.1561016
 3.07502,0.1548171
 3.07776,0.1552363
 3.08050,0.1543426
 3.08324,0.1541427
 3.08599,0.1552513
 3.08874,0.1544524
 3.09149,0.1545897
 3.09424,0.1544406
 3.09700,0.1560769
 3.09975,0.1549604
 3.10252,0.1546775
 3.10528,0.1564756
 3.10804,0.1556886
 3.11081,0.1547401
 3.11358,0.1556551
 3.11636,0.1546299
 3.11913,0.1551590
 3.12191,0.1542080
 3.12469,0.1551326
 3.12747,0.1551149
 3.13026,0.1549957
 3.13305,0.1542591
 3.13584,0.1540003
 3.13863,0.1545875
 3.14143,0.1545387
 3.14422,0.1551713
 3.14702,0.1545863
 3.14983,0.1542168
 3.15263,0.1541579
 3.15544,0.1551866
 3.15825,0.1545412
 3.16106,0.1556690
 3.16388,0.1544332
 3.16670,0.1552432
 3.16952,0.1542147
 3.17234,0.1547438
 3.17517,0.1547073
 3.17799,0.1545210
 3.18082,0.1546170
 3.18366,0.1548832
 3.18649,0.1546830
 3.18933,0.1549180
 3.19217,0.1545751
 3.19502,0.1552778
 3.19786,0.1544887
 3.20071,0.1559586
 3.20356,0.1551067
 3.20641,0.1553397
 3.20927,0.1543783
 3.21213,0.1550318
 3.21499,0.1544980
 3.21785,0.1544345
 3.22072,0.1544916
 3.22359,0.1544190
 3.22646,0.1545205
 3.22933,0.1543080
 3.23221,0.1542130
 3.23509,0.1545479
 3.23797,0.1552218
 3.24085,0.1546045
 3.24374,0.1549052
 3.24663,0.1544262
 3.24952,0.1546276
 3.25241,0.1541960
 3.25531,0.1544827
 3.25821,0.1541430
 3.26111,0.1542142
 3.26402,0.1549373
 3.26692,0.1542876
 3.26983,0.1541777
 3.27274,0.1546566
 3.27566,0.1544845
 3.27858,0.1544302
 3.28150,0.1544036
 3.28442,0.1541140
 3.28734,0.1541816
 3.29027,0.1543568
 3.29320,0.1540243
 3.29614,0.1540896
 3.29907,0.1541748
 3.30201,0.1540816
 3.30495,0.1551760
 3.30790,0.1544317
 3.31084,0.1546653
 3.31379,0.1545242
 3.31674,0.1548448
 3.31970,0.1557979
 3.32265,0.1548696
 3.32561,0.1545970
 3.32857,0.1546716
 3.33154,0.1549049
 3.33451,0.1559970
 3.33748,0.1560560
 3.34045,0.1547280
 3.34342,0.1551490
 3.34640,0.1556176
 3.34938,0.1545898
 3.35236,0.1545666
 3.35535,0.1551057
 3.35834,0.1544311
 3.36133,0.1544471
 3.36432,0.1553743
 3.36732,0.1544987
 3.37032,0.1550548
 3.37332,0.1542225
 3.37633,0.1541538
 3.37933,0.1545881
 3.38234,0.1552857
 3.38536,0.1548579
 3.38837,0.1540863
 3.39139,0.1544543
 3.39441,0.1558526
 3.39743,0.1542359
 3.40046,0.1552434
 3.40349,0.1547101
 3.40652,0.1541265
 3.40955,0.1539719
 3.41259,0.1540438
 3.41563,0.1542650
 3.41867,0.1552725
 3.42172,0.1540822
 3.42476,0.1544952
 3.42781,0.1551078
 3.43087,0.1549600
 3.43392,0.1541219
 3.43698,0.1547084
 3.44004,0.1542171
 3.44311,0.1546784
 3.44617,0.1549049
 3.44924,0.1545111
 3.45231,0.1543710
 3.45539,0.1544011
 3.45847,0.1542406
 3.46155,0.1541249
 3.46463,0.1548620
 3.46772,0.1542887
 3.47080,0.1544892
 3.47390,0.1539904
 3.47699,0.1548843
 3.48009,0.1541582
 3.48319,0.1546438
 3.48629,0.1538887
 3.48939,0.1545686
 3.49250,0.1544104
 3.49561,0.1542854
 3.49873,0.1550659
 3.50184,0.1541934
 3.50496,0.1544863
 3.50808,0.1549873
 3.51121,0.1542517
 3.51433,0.1541938
 3.51746,0.1547803
 3.52060,0.1543663
 3.52373,0.1549106
 3.52687,0.1548476
 3.53001,0.1541355
 3.53316,0.1541161
 3.53630,0.1543954
 3.53945,0.1547006
 3.54261,0.1543103
 3.54576,0.1550936
 3.54892,0.1543145
 3.55208,0.1540099
 3.55524,0.1542689
 3.55841,0.1544386
 3.56158,0.1541754
 3.56475,0.1544787
 3.56793,0.1541683
 3.57110,0.1542892
 3.57428,0.1540082
 3.57747,0.1545396
 3.58065,0.1542024
 3.58384,0.1541801
 3.58704,0.1540365
 3.59023,0.1541284
 3.59343,0.1539717
 3.59663,0.1543305
 3.59983,0.1541410
 3.60304,0.1540707
 3.60625,0.1540259
 3.60946,0.1543403
 3.61267,0.1546566
 3.61589,0.1539771
 3.61911,0.1540627
 3.62234,0.1541265
 3.62556,0.1541047
 3.62879,0.1540418
 3.63202,0.1539529
 3.63526,0.1543417
 3.63850,0.1542580
 3.64174,0.1541040
 3.64498,0.1541294
 3.64823,0.1541445
 3.65148,0.1540133
 3.65473,0.1538885
 3.65798,0.1539006
 3.66124,0.1539425
 3.66450,0.1540000
 3.66777,0.1540875
 3.67103,0.1538602
 3.67430,0.1539008
 3.67757,0.1544932
 3.68085,0.1539384
 3.68413,0.1537902
 3.68741,0.1543958
 3.69069,0.1539475
 3.69398,0.1537894
 3.69727,0.1537951
 3.70056,0.1538308
 3.70386,0.1538202
 3.70716,0.1541375
 3.71046,0.1538182
 3.71377,0.1539060
 3.71707,0.1542831
 3.72038,0.1537881
 3.72370,0.1539992
 3.72701,0.1537760
 3.73033,0.1537835
 3.73366,0.1537653
 3.73698,0.1538618
 3.74031,0.1538309
 3.74364,0.1537268
 3.74698,0.1540124
 3.75031,0.1537072
 3.75365,0.1544714
 3.75700,0.1538929
 3.76034,0.1537750
 3.76369,0.1539635
 3.76704,0.1537047
 3.77040,0.1537378
 3.77376,0.1537518
 3.77712,0.1539765
 3.78048,0.1538016
 3.78385,0.1537472
 3.78722,0.1537502
 3.79059,0.1541662
 3.79397,0.1536511
 3.79735,0.1538115
 3.80073,0.1538057
 3.80411,0.1536497
 3.80750,0.1538527
 3.81089,0.1537365
 3.81429,0.1536885
 3.81769,0.1537610
 3.82109,0.1535549
 3.82449,0.1537767
 3.82790,0.1535790
 3.83131,0.1538093
 3.83472,0.1537378
 3.83813,0.1536493
 3.84155,0.1539740
 3.84497,0.1535768
 3.84840,0.1536820
 3.85182,0.1536519
 3.85526,0.1537553
 3.85869,0.1536418
 3.86213,0.1537520
 3.86557,0.1537986
 3.86901,0.1536484
 3.87245,0.1536266
 3.87590,0.1535223
 3.87936,0.1540776
 3.88281,0.1535708
 3.88627,0.1536074
 3.88973,0.1535465
 3.89320,0.1539572
 3.89666,0.1535683
 3.90013,0.1537255
 3.90361,0.1535740
 3.90708,0.1540236
 3.91056,0.1535504
 3.91405,0.1534936
 3.91753,0.1537259
 3.92102,0.1536768
 3.92451,0.1534842
 3.92801,0.1536299
 3.93151,0.1535983
 3.93501,0.1533961
 3.93851,0.1536087
 3.94202,0.1535226
 3.94553,0.1535963
 3.94905,0.1541931
 3.95256,0.1535530
 3.95609,0.1535602
 3.95961,0.1534144
 3.96314,0.1535930
 3.96667,0.1535604
 3.97020,0.1535719
 3.97373,0.1535526
 3.97727,0.1535339
 3.98082,0.1534839
 3.98436,0.1536641
 3.98791,0.1537668
 3.99146,0.1537014
 3.99502,0.1536817
 3.99858,0.1533810
 4.00214,0.1534997
 4.00570,0.1537160
 4.00927,0.1534762
 4.01284,0.1534074
 4.01641,0.1534603
 4.01999,0.1534220
 4.02357,0.1536281
 4.02716,0.1537873
 4.03074,0.1534603
 4.03433,0.1535297
 4.03793,0.1535954
 4.04152,0.1537868
 4.04512,0.1534592
 4.04872,0.1535575
 4.05233,0.1534047
 4.05594,0.1537628
 4.05955,0.1540930
 4.06317,0.1535765
 4.06679,0.1534353
 4.07041,0.1535231
 4.07403,0.1536266
 4.07766,0.1536475
 4.08129,0.1534253
 4.08493,0.1535703
 4.08857,0.1533987
 4.09221,0.1534378
 4.09585,0.1538218
 4.09950,0.1536434
 4.10315,0.1534435
 4.10681,0.1534167
 4.11047,0.1540693
 4.11413,0.1535834
 4.11779,0.1536801
 4.12146,0.1541827
 4.12513,0.1534787
 4.12880,0.1534506
 4.13248,0.1535262
 4.13616,0.1539593
 4.13985,0.1534696
 4.14353,0.1536346
 4.14722,0.1539711
 4.15092,0.1536240
 4.15461,0.1537742
 4.15831,0.1534107
 4.16202,0.1544893
 4.16572,0.1534326
 4.16943,0.1539660
 4.17315,0.1543059
 4.17687,0.1543093
 4.18059,0.1535080
 4.18431,0.1538104
 4.18804,0.1535083
 4.19177,0.1536996
 4.19550,0.1546147
 4.19924,0.1538979
 4.20298,0.1546093
 4.20672,0.1544143
 4.21047,0.1536698
 4.21422,0.1538955
 4.21797,0.1542863
 4.22173,0.1539510
 4.22549,0.1542173
 4.22925,0.1539500
 4.23302,0.1538303
 4.23679,0.1539022
 4.24056,0.1543343
 4.24434,0.1553218
 4.24812,0.1536866
 4.25190,0.1546292
 4.25569,0.1541489
 4.25948,0.1547503
 4.26327,0.1545014
 4.26707,0.1546112
 4.27087,0.1550289
 4.27467,0.1547705
 4.27848,0.1544367
 4.28229,0.1553572
 4.28611,0.1539177
 4.28992,0.1545220
 4.29374,0.1546762
 4.29757,0.1545933
 4.30140,0.1549266
 4.30523,0.1542275
 4.30906,0.1557159
 4.31290,0.1543841
 4.31674,0.1542732
 4.32059,0.1562924
 4.32443,0.1558309
 4.32829,0.1544817
 4.33214,0.1548576
 4.33600,0.1547132
 4.33986,0.1548937
 4.34373,0.1546286
 4.34760,0.1549223
 4.35147,0.1545701
 4.35534,0.1541381
 4.35922,0.1547698
 4.36310,0.1544753
 4.36699,0.1558667
 4.37088,0.1551391
 4.37477,0.1542174
 4.37867,0.1555167
 4.38257,0.1544282
 4.38647,0.1545392
 4.39038,0.1547651
 4.39429,0.1551535
 4.39820,0.1551852
 4.40212,0.1544334
 4.40604,0.1552156
 4.40997,0.1550625
 4.41389,0.1542799
 4.41783,0.1547209
 4.42176,0.1544924
 4.42570,0.1552652
 4.42964,0.1544254
 4.43359,0.1551280
 4.43753,0.1547505
 4.44149,0.1548340
 4.44544,0.1553492
 4.44940,0.1548620
 4.45336,0.1551763
 4.45733,0.1544852
 4.46130,0.1547833
 4.46527,0.1561066
 4.46925,0.1541882
 4.47323,0.1567136
 4.47722,0.1548766
 4.48120,0.1546508
 4.48520,0.1548752
 4.48919,0.1550446
 4.49319,0.1554713
 4.49719,0.1544869
 4.50120,0.1548219
 4.50521,0.1546204
 4.50922,0.1550116
 4.51323,0.1575597
 4.51725,0.1545179
 4.52128,0.1554826
 4.52530,0.1546158
 4.52933,0.1544678
 4.53337,0.1556279
 4.53741,0.1546586
 4.54145,0.1542879
 4.54549,0.1549010
 4.54954,0.1550873
 4.55359,0.1550865
 4.55765,0.1549903
 4.56171,0.1551112
 4.56577,0.1548741
 4.56984,0.1552074
 4.57391,0.1547320
 4.57798,0.1546077
 4.58206,0.1547810
 4.58614,0.1550289
 4.59022,0.1546068
 4.59431,0.1545979
 4.59840,0.1542583
 4.60250,0.1558111
 4.60660,0.1544838
 4.61070,0.1545266
 4.61481,0.1552340
 4.61892,0.1553935
 4.62303,0.1564721
 4.62715,0.1543876
 4.63127,0.1545837
 4.63540,0.1555601
 4.63953,0.1549148
 4.64366,0.1552871
 4.64779,0.1562308
 4.65193,0.1544764
 4.65608,0.1553374
 4.66022,0.1541719
 4.66437,0.1537999
 4.66853,0.1542475
 4.67269,0.1560206
 4.67685,0.1551560
 4.68101,0.1544910
 4.68518,0.1548055
 4.68936,0.1553780
 4.69353,0.1542313
 4.69771,0.1542977
 4.70190,0.1556034
 4.70608,0.1559898
 4.71028,0.1547676
 4.71447,0.1542294
 4.71867,0.1551610
 4.72287,0.1542021
 4.72708,0.1545776
 4.73129,0.1553042
 4.73550,0.1554501
 4.73972,0.1548262
 4.74394,0.1546261
 4.74817,0.1543675
 4.75240,0.1544115
 4.75663,0.1543646
 4.76087,0.1556766
 4.76511,0.1546067
 4.76935,0.1554964
 4.77360,0.1566958
 4.77785,0.1555793
 4.78211,0.1546576
 4.78637,0.1544385
 4.79063,0.1559119
 4.79490,0.1555218
 4.79917,0.1540436
 4.80344,0.1549747
 4.80772,0.1540788
 4.81200,0.1546236
 4.81629,0.1544051
 4.82058,0.1549228
 4.82487,0.1547615
 4.82917,0.1540486
 4.83347,0.1553595
 4.83777,0.1546035
 4.84208,0.1559776
 4.84639,0.1542702
 4.85071,0.1550923
 4.85503,0.1572041
 4.85936,0.1551864
 4.86368,0.1565067
 4.86802,0.1541125
 4.87235,0.1548424
 4.87669,0.1545103
 4.88103,0.1541471
 4.88538,0.1551895
 4.88973,0.1540227
 4.89409,0.1550320
 4.89845,0.1550074
 4.90281,0.1543942
 4.90718,0.1544416
 4.91155,0.1542275
 4.91592,0.1547958
 4.92030,0.1546697
 4.92468,0.1539816
 4.92907,0.1547086
 4.93346,0.1545313
 4.93785,0.1544292
 4.94225,0.1548965
 4.94665,0.1553478
 4.95106,0.1542698
 4.95547,0.1558944
 4.95988,0.1546307
 4.96430,0.1540496
 4.96872,0.1549596
 4.97315,0.1544593
 4.97758,0.1552608
 4.98201,0.1545542
 4.98645,0.1544965
 4.99089,0.1554539
 4.99533,0.1552220
 4.99978,0.1565618
 5.00423,0.1544877
 5.00869,0.1545331
 5.01315,0.1542764
 5.01762,0.1551117
 5.02209,0.1548388
 5.02656,0.1552571
 5.03104,0.1541246
 5.03552,0.1546200
 5.04000,0.1541440
 5.04449,0.1540846
 5.04898,0.1538475
 5.05348,0.1546555
 5.05798,0.1547085
 5.06249,0.1546156
 5.06700,0.1551060
 5.07151,0.1545357
 5.07603,0.1549132
 5.08055,0.1544176
 5.08507,0.1545830
 5.08960,0.1551034
 5.09413,0.1541929
 5.09867,0.1540592
 5.10321,0.1539592
 5.10776,0.1561946
 5.11231,0.1564022
 5.11686,0.1567600
 5.12142,0.1540068
 5.12598,0.1546123
 5.13054,0.1545547
 5.13511,0.1545490
 5.13969,0.1561315
 5.14427,0.1543937
 5.14885,0.1550088
 5.15343,0.1543084
 5.15802,0.1545911
 5.16262,0.1541684
 5.16722,0.1542088
 5.17182,0.1564001
 5.17642,0.1545757
 5.18103,0.1544667
 5.18565,0.1542329
 5.19027,0.1552850
 5.19489,0.1541389
 5.19952,0.1546388
 5.20415,0.1546343
 5.20878,0.1540515
 5.21342,0.1550361
 5.21807,0.1539417
 5.22271,0.1549552
 5.22737,0.1546663
 5.23202,0.1546753
 5.23668,0.1539916
 5.24135,0.1556590
 5.24601,0.1552823
 5.25069,0.1553027
 5.25536,0.1544911
 5.26004,0.1539339
 5.26473,0.1538108
 5.26942,0.1540393
 5.27411,0.1546162
 5.27881,0.1549049
 5.28351,0.1550330
 5.28822,0.1550558
 5.29293,0.1549196
 5.29764,0.1549300
 5.30236,0.1540288
 5.30708,0.1559390
 5.31181,0.1548096
 5.31654,0.1537015
 5.32127,0.1555070
 5.32601,0.1537937
 5.33076,0.1537950
 5.33550,0.1540483
 5.34026,0.1537097
 5.34501,0.1546245
 5.34977,0.1549703
 5.35454,0.1541291
 5.35931,0.1559143
 5.36408,0.1548711
 5.36886,0.1538784
 5.37364,0.1557384
 5.37843,0.1550476
 5.38322,0.1554751
 5.38801,0.1548912
 5.39281,0.1538849
 5.39761,0.1544290
 5.40242,0.1541079
 5.40723,0.1569980
 5.41205,0.1552494
 5.41687,0.1554986
 5.42169,0.1548251
 5.42652,0.1558187
 5.43136,0.1545685
 5.43619,0.1554077
 5.44103,0.1555804
 5.44588,0.1538327
 5.45073,0.1539254
 5.45559,0.1541657
 5.46044,0.1547174
 5.46531,0.1548020
 5.47018,0.1543081
 5.47505,0.1546812
 5.47992,0.1557362
 5.48481,0.1553004
 5.48969,0.1540836
 5.49458,0.1543294
 5.49947,0.1539811
 5.50437,0.1540908
 5.50927,0.1547920
 5.51418,0.1540946
 5.51909,0.1544293
 5.52401,0.1553880
 5.52893,0.1546043
 5.53385,0.1550989
 5.53878,0.1550958
 5.54371,0.1543101
 5.54865,0.1558376
 5.55359,0.1548499
 5.55854,0.1543208
 5.56349,0.1543952
 5.56845,0.1546953
 5.57341,0.1544109
 5.57837,0.1551947
 5.58334,0.1543852
 5.58831,0.1549381
 5.59329,0.1547278
 5.59827,0.1541593
 5.60326,0.1548270
 5.60825,0.1540777
 5.61324,0.1545057
 5.61824,0.1549515
 5.62325,0.1559878
 5.62825,0.1546478
 5.63327,0.1544948
 5.63828,0.1550080
 5.64331,0.1548320
 5.64833,0.1563844
 5.65336,0.1566154
 5.65840,0.1554059
 5.66344,0.1541589
 5.66848,0.1544828
 5.67353,0.1546990
 5.67858,0.1545206
 5.68364,0.1545240
 5.68870,0.1541532
 5.69377,0.1551579
 5.69884,0.1539692
 5.70392,0.1540545
 5.70900,0.1547888
 5.71408,0.1552399
 5.71917,0.1542925
 5.72427,0.1545196
 5.72936,0.1542870
 5.73447,0.1545307
 5.73957,0.1542535
 5.74469,0.1548476
 5.74980,0.1544853
 5.75492,0.1559245
 5.76005,0.1545987
 5.76518,0.1553444
 5.77031,0.1544065
 5.77545,0.1545741
 5.78060,0.1546140
 5.78575,0.1544422
 5.79090,0.1544214
 5.79606,0.1556543
 5.80122,0.1547003
 5.80639,0.1547818
 5.81156,0.1541012
 5.81673,0.1544380
 5.82191,0.1544093
 5.82710,0.1559966
 5.83229,0.1554822
 5.83748,0.1544015
 5.84268,0.1558915
 5.84789,0.1543171
 5.85310,0.1544947
 5.85831,0.1551907
 5.86353,0.1541660
 5.86875,0.1554350
 5.87398,0.1550283
 5.87921,0.1544329
 5.88444,0.1546125
 5.88969,0.1542395
 5.89493,0.1548189
 5.90018,0.1545534
 5.90544,0.1547213
 5.91070,0.1542062
 5.91596,0.1553310
 5.92123,0.1545551
 5.92650,0.1548705
 5.93178,0.1540721
 5.93707,0.1547555
 5.94235,0.1548301
 5.94765,0.1547630
 5.95294,0.1563621
 5.95825,0.1541657
 5.96355,0.1540018
 5.96886,0.1552663
 5.97418,0.1539482
 5.97950,0.1539035
 5.98483,0.1541800
 5.99016,0.1545873
 5.99549,0.1545984
 6.00083,0.1537547
 6.00618,0.1541130
 6.01153,0.1543977
 6.01688,0.1540628
 6.02224,0.1540795
 6.02760,0.1538629
 6.03297,0.1548517
 6.03835,0.1543837
 6.04372,0.1550528
 6.04911,0.1547568
 6.05449,0.1543406
 6.05989,0.1545864
 6.06528,0.1540182
 6.07069,0.1541782
 6.07609,0.1546325
 6.08150,0.1542354
 6.08692,0.1542699
 6.09234,0.1539726
 6.09777,0.1539698
 6.10320,0.1542327
 6.10864,0.1544853
 6.11408,0.1547489
 6.11952,0.1543187
 6.12497,0.1541542
 6.13043,0.1540359
 6.13589,0.1544490
 6.14135,0.1544914
 6.14682,0.1542994
 6.15230,0.1541381
 6.15778,0.1543335
 6.16326,0.1542475
 6.16875,0.1551495
 6.17424,0.1548212
 6.17974,0.1540271
 6.18525,0.1564893
 6.19076,0.1551190
 6.19627,0.1542333
 6.20179,0.1542588
 6.20731,0.1541388
 6.21284,0.1539301
 6.21838,0.1540378
 6.22391,0.1541699
 6.22946,0.1540740
 6.23501,0.1546688
 6.24056,0.1555528
 6.24612,0.1554909
 6.25168,0.1537967
 6.25725,0.1540336
 6.26282,0.1543880
 6.26840,0.1544233
 6.27398,0.1539759
 6.27957,0.1543358
 6.28516,0.1536754
 6.29076,0.1540364
 6.29636,0.1542614
 6.30197,0.1539531
 6.30759,0.1542669
 6.31320,0.1548584
 6.31883,0.1544450
 6.32445,0.1542287
 6.33009,0.1540001
 6.33573,0.1550274
 6.34137,0.1543748
 6.34702,0.1544546
 6.35267,0.1545010
 6.35833,0.1541715
 6.36399,0.1538381
 6.36966,0.1547860
 6.37533,0.1541521
 6.38101,0.1541299
 6.38669,0.1541560
 6.39238,0.1541979
 6.39807,0.1537689
 6.40377,0.1548113
 6.40948,0.1563608
 6.41519,0.1558583
 6.42090,0.1542973
 6.42662,0.1544341
 6.43234,0.1546058
 6.43807,0.1555566
 6.44381,0.1549511
 6.44954,0.1543809
 6.45529,0.1548577
 6.46104,0.1544537
 6.46679,0.1542617
 6.47255,0.1554408
 6.47832,0.1546221
 6.48409,0.1548707
 6.48986,0.1545333
 6.49564,0.1569332
 6.50143,0.1546925
 6.50722,0.1542228
 6.51301,0.1549261
 6.51882,0.1551247
 6.52462,0.1546045
 6.53043,0.1544415
 6.53625,0.1548156
 6.54207,0.1552244
 6.54790,0.1548333
 6.55373,0.1558521
 6.55957,0.1543526
 6.56541,0.1547203
 6.57126,0.1557857
 6.57711,0.1546408
 6.58297,0.1544141
 6.58883,0.1552866
 6.59470,0.1567256
 6.60057,0.1557265
 6.60645,0.1556755
 6.61234,0.1569534
 6.61822,0.1558071
 6.62412,0.1564901
 6.63002,0.1566058
 6.63592,0.1560284
 6.64183,0.1551535
 6.64775,0.1547324
 6.65367,0.1549992
 6.65960,0.1559499
 6.66553,0.1545562
 6.67147,0.1548867
 6.67741,0.1552780
 6.68335,0.1554428
 6.68931,0.1551590
 6.69526,0.1540932
 6.70123,0.1555542
 6.70720,0.1549617
 6.71317,0.1546003
 6.71915,0.1551364
 6.72513,0.1546413
 6.73112,0.1550901
 6.73712,0.1547933
 6.74312,0.1556777
 6.74913,0.1544930
 6.75514,0.1549746
 6.76115,0.1543826
 6.76717,0.1545728
 6.77320,0.1559652
 6.77923,0.1556281
 6.78527,0.1548408
 6.79132,0.1556694
 6.79736,0.1546502
 6.80342,0.1555310
 6.80948,0.1552879
 6.81554,0.1552303
 6.82161,0.1546795
 6.82769,0.1559740
 6.83377,0.1559750
 6.83986,0.1545660
 6.84595,0.1544846
 6.85205,0.1566841
 6.85815,0.1552869
 6.86426,0.1547594
 6.87037,0.1549783
 6.87649,0.1545049
 6.88262,0.1552407
 6.88875,0.1548404
 6.89488,0.1546462
 6.90102,0.1553278
 6.90717,0.1552338
 6.91332,0.1550795
 6.91948,0.1562645
 6.92564,0.1552971
 6.93181,0.1548949
 6.93798,0.1545890
 6.94416,0.1542226
 6.95035,0.1548789
 6.95654,0.1546903
 6.96273,0.1549807
 6.96893,0.1541991
 6.97514,0.1547087
 6.98135,0.1554276
 6.98757,0.1553195
 6.99380,0.1542128
 7.00002,0.1543076
 7.00626,0.1548134
 7.01250,0.1546391
 7.01875,0.1543371
 7.02500,0.1546880
 7.03125,0.1555926
 7.03752,0.1548210
 7.04378,0.1546723
 7.05006,0.1549921
 7.05634,0.1546064
 7.06262,0.1542778
 7.06891,0.1546863
 7.07521,0.1559184
 7.08151,0.1545623
 7.08782,0.1561965
 7.09413,0.1554587
 7.10045,0.1560059
 7.10677,0.1547199
 7.11310,0.1559843
 7.11944,0.1561085
 7.12578,0.1571769
 7.13213,0.1554857
 7.13848,0.1558874
 7.14484,0.1551228
 7.15120,0.1549924
 7.15757,0.1556519
 7.16394,0.1551257
 7.17032,0.1554675
 7.17671,0.1553054
 7.18310,0.1541315
 7.18950,0.1542727
 7.19590,0.1552233
 7.20231,0.1553235
 7.20873,0.1546710
 7.21515,0.1544423
 7.22157,0.1544667
 7.22801,0.1545766
 7.23444,0.1546640
 7.24089,0.1553941
 7.24734,0.1546739
 7.25379,0.1544744
 7.26025,0.1545632
 7.26672,0.1543043
 7.27319,0.1544265
 7.27967,0.1558592
 7.28615,0.1544433
 7.29264,0.1550542
 7.29914,0.1555592
 7.30564,0.1545621
 7.31214,0.1544841
 7.31866,0.1543387
 7.32518,0.1542453
 7.33170,0.1545113
 7.33823,0.1555282
 7.34477,0.1550628
 7.35131,0.1543379
 7.35785,0.1562852
 7.36441,0.1552534
 7.37097,0.1549219
 7.37753,0.1548220
 7.38410,0.1563107
 7.39068,0.1545740
 7.39726,0.1544640
 7.40385,0.1546348
 7.41045,0.1548157
 7.41705,0.1547212
 7.42365,0.1549246
 7.43026,0.1544145
 7.43688,0.1545237
 7.44351,0.1560331
 7.45013,0.1548070
 7.45677,0.1545536
 7.46341,0.1546498
 7.47006,0.1547615
 7.47671,0.1559358
 7.48337,0.1560714
 7.49004,0.1556294
 7.49671,0.1571688
 7.50338,0.1552584
 7.51007,0.1544021
 7.51676,0.1544143
 7.52345,0.1541006
 7.53015,0.1570567
 7.53686,0.1543551
 7.54357,0.1547310
 7.55029,0.1548125
 7.55702,0.1542191
 7.56375,0.1543292
 7.57048,0.1558883
 7.57723,0.1543402
 7.58397,0.1568022
 7.59073,0.1548772
 7.59749,0.1549050
 7.60426,0.1555487
 7.61103,0.1550308
 7.61781,0.1550322
 7.62459,0.1540739
 7.63138,0.1545407
 7.63818,0.1546932
 7.64498,0.1547607
 7.65179,0.1543518
 7.65861,0.1547708
 7.66543,0.1543932
 7.67226,0.1546106
 7.67909,0.1544161
 7.68593,0.1543645
 7.69278,0.1543001
 7.69963,0.1554257
 7.70648,0.1545660
 7.71335,0.1560735
 7.72022,0.1545252
 7.72709,0.1548332
 7.73398,0.1546430
 7.74087,0.1547267
 7.74776,0.1561820
 7.75466,0.1544511
 7.76157,0.1546277
 7.76848,0.1547182
 7.77540,0.1553724
 7.78232,0.1543927
 7.78926,0.1548982
 7.79619,0.1546484
 7.80314,0.1550206
 7.81009,0.1548702
 7.81704,0.1557380
 7.82401,0.1544945
 7.83097,0.1556031
 7.83795,0.1543129
 7.84493,0.1547738
 7.85192,0.1543642
 7.85891,0.1549781
 7.86591,0.1550385
 7.87292,0.1545123
 7.87993,0.1543877
 7.88695,0.1546802
 7.89397,0.1560584
 7.90100,0.1548185
 7.90804,0.1546816
 7.91508,0.1557493
 7.92213,0.1549351
 7.92919,0.1542864
 7.93625,0.1546913
 7.94332,0.1546373
 7.95039,0.1547107
 7.95747,0.1548859
 7.96456,0.1561609
 7.97166,0.1549229
 7.97876,0.1544126
 7.98586,0.1542597
 7.99297,0.1540604
 8.00009,0.1543755
 8.00722,0.1543738
 8.01435,0.1545058
 8.02149,0.1545899
 8.02863,0.1541781
 8.03578,0.1562563
 8.04294,0.1544309
 8.05010,0.1542192
 8.05727,0.1549121
 8.06445,0.1547032
 8.07163,0.1542202
 8.07882,0.1551225
 8.08602,0.1546728
 8.09322,0.1543670
 8.10043,0.1545495
 8.10764,0.1541650
 8.11486,0.1543543
 8.12209,0.1542523
 8.12933,0.1549822
 8.13657,0.1545136
 8.14381,0.1547986
 8.15107,0.1542607
 8.15833,0.1559265
 8.16559,0.1543693
 8.17286,0.1542490
 8.18014,0.1552744
 8.18743,0.1554964
 8.19472,0.1561097
 8.20202,0.1550281
 8.20933,0.1543135
 8.21664,0.1549339
 8.22396,0.1556334
 8.23128,0.1548455
 8.23861,0.1546364
 8.24595,0.1546933
 8.25329,0.1564417
 8.26065,0.1548484
 8.26800,0.1550534
 8.27537,0.1542535
 8.28274,0.1541733
 8.29011,0.1541528
 8.29750,0.1543250
 8.30489,0.1547163
 8.31228,0.1543803
 8.31969,0.1556484
 8.32710,0.1542916
 8.33451,0.1543472
 8.34194,0.1546213
 8.34937,0.1545882
 8.35680,0.1544249
 8.36425,0.1550336
 8.37170,0.1547219
 8.37915,0.1553040
 8.38662,0.1541409
 8.39409,0.1555075
 8.40156,0.1543340
 8.40905,0.1540300
 8.41653,0.1540066
 8.42403,0.1558716
 8.43153,0.1539876
 8.43904,0.1543828
 8.44656,0.1543069
 8.45408,0.1542071
 8.46161,0.1541448
 8.46915,0.1539401
 8.47669,0.1542004
 8.48424,0.1551538
 8.49180,0.1541586
 8.49936,0.1550708
 8.50693,0.1548681
 8.51451,0.1546810
 8.52209,0.1543649
 8.52968,0.1547559
 8.53728,0.1553276
 8.54488,0.1550363
 8.55249,0.1548342
 8.56011,0.1550810
 8.56774,0.1540622
 8.57537,0.1539673
 8.58300,0.1542950
 8.59065,0.1547302
 8.59830,0.1539712
 8.60596,0.1543360
 8.61362,0.1546363
 8.62130,0.1539848
 8.62897,0.1547028
 8.63666,0.1542656
 8.64435,0.1540583
 8.65205,0.1543118
 8.65976,0.1541040
 8.66747,0.1544328
 8.67519,0.1541906
 8.68292,0.1540931
 8.69065,0.1546505
 8.69839,0.1540795
 8.70614,0.1549311
 8.71389,0.1544118
 8.72165,0.1540702
 8.72942,0.1541001
 8.73720,0.1540503
 8.74498,0.1541354
 8.75277,0.1540251
 8.76056,0.1548428
 8.76836,0.1540124
 8.77617,0.1541425
 8.78399,0.1539235
 8.79181,0.1543186
 8.79964,0.1550693
 8.80748,0.1544149
 8.81533,0.1539957
 8.82318,0.1548284
 8.83104,0.1538807
 8.83890,0.1554876
 8.84677,0.1541138
 8.85465,0.1540503
 8.86254,0.1543220
 8.87043,0.1545047
 8.87833,0.1539962
 8.88624,0.1536252
 8.89416,0.1545615
 8.90208,0.1536985
 8.91001,0.1540946
 8.91794,0.1541389
 8.92589,0.1537862
 8.93384,0.1538910
 8.94179,0.1546139
 8.94976,0.1547490
 8.95773,0.1543768
 8.96571,0.1540310
 8.97369,0.1545997
 8.98168,0.1537094
 8.98968,0.1548821
 8.99769,0.1541365
 9.00570,0.1536926
 9.01373,0.1540804
 9.02175,0.1539356
 9.02979,0.1540602
 9.03783,0.1539869
 9.04588,0.1541554
 9.05394,0.1536607
 9.06200,0.1548169
 9.07007,0.1547058
 9.07815,0.1554764
 9.08624,0.1539222
 9.09433,0.1547808
 9.10243,0.1545092
 9.11054,0.1539205
 9.11865,0.1547498
 9.12677,0.1538098
 9.13490,0.1537434
 9.14304,0.1536715
 9.15118,0.1535393
 9.15933,0.1538688
 9.16749,0.1537477
 9.17565,0.1546002
 9.18383,0.1540356
 9.19201,0.1541930
 9.20019,0.1545995
 9.20839,0.1551273
 9.21659,0.1536650
 9.22480,0.1539767
 9.23301,0.1535289
 9.24124,0.1536641
 9.24947,0.1540051
 9.25771,0.1538221
 9.26595,0.1542991
 9.27421,0.1538635
 9.28247,0.1539769
 9.29073,0.1539442
 9.29901,0.1536914
 9.30729,0.1554668
 9.31558,0.1538632
 9.32388,0.1539692
 9.33218,0.1538911
 9.34049,0.1537962
 9.34881,0.1536411
 9.35714,0.1540248
 9.36547,0.1543775
 9.37381,0.1537358
 9.38216,0.1551730
 9.39052,0.1533798
 9.39888,0.1552204
 9.40725,0.1537231
 9.41563,0.1543896
 9.42402,0.1551153
 9.43241,0.1538330
 9.44081,0.1544149
 9.44922,0.1537301
 9.45764,0.1536999
 9.46606,0.1539517
 9.47449,0.1537143
 9.48293,0.1535216
 9.49138,0.1540154
 9.49983,0.1536821
 9.50829,0.1543871
 9.51676,0.1539837
 9.52524,0.1538158
 9.53372,0.1532634
 9.54221,0.1535295
 9.55071,0.1533058
 9.55922,0.1534502
 9.56773,0.1534131
 9.57625,0.1541250
 9.58478,0.1535724
 9.59332,0.1536346
 9.60186,0.1537517
 9.61042,0.1533878
 9.61897,0.1536334
 9.62754,0.1536320
 9.63612,0.1537466
 9.64470,0.1543500
 9.65329,0.1537628
 9.66189,0.1538784
 9.67049,0.1534295
 9.67911,0.1534525
 9.68773,0.1536504
 9.69636,0.1533262
 9.70499,0.1541775
 9.71364,0.1538262
 9.72229,0.1537508
 9.73095,0.1546090
 9.73961,0.1537318
 9.74829,0.1533258
 9.75697,0.1537007
 9.76566,0.1533889
 9.77436,0.1535891
 9.78306,0.1535020
 9.79178,0.1531842
 9.80050,0.1532993
 9.80923,0.1535658
 9.81796,0.1534254
 9.82671,0.1550650
 9.83546,0.1533803
 9.84422,0.1535045
 9.85299,0.1537327
 9.86176,0.1534494
 9.87055,0.1537332
 9.87934,0.1534303
 9.88814,0.1556385
 9.89695,0.1554323
 9.90576,0.1538221
 9.91458,0.1540841
 9.92341,0.1533271
 9.93225,0.1533894
 9.94110,0.1533698
 9.94995,0.1532790
 9.95881,0.1542709
 9.96768,0.1533265
 9.97656,0.1534620
 9.98545,0.1535597
 9.99434,0.1534199
10.00324,0.1539202
10.01215,0.1542490
10.02107,0.1558183
10.02999,0.1534384
10.03893,0.1535117
10.04787,0.1535685
10.05682,0.1534827
10.06578,0.1538729
10.07474,0.1535867
10.08371,0.1538426
10.09270,0.1549231
10.10168,0.1533454
10.11068,0.1536723
10.11969,0.1533041
10.12870,0.1533108
10.13772,0.1537659
10.14675,0.1534755
10.15579,0.1531210
10.16483,0.1540444
10.17389,0.1536196
10.18295,0.1532134
10.19202,0.1534042
10.20110,0.1531033
10.21018,0.1536132
10.21927,0.1540237
10.22838,0.1534580
10.23749,0.1534222
10.24661,0.1536910
10.25573,0.1530613
10.26487,0.1531243
10.27401,0.1541985
10.28316,0.1539950
10.29232,0.1537147
10.30148,0.1534187
10.31066,0.1534999
10.31984,0.1536649
10.32903,0.1537634
10.33823,0.1536316
10.34744,0.1537533
10.35666,0.1535380
10.36588,0.1550351
10.37511,0.1550281
10.38435,0.1540728
10.39360,0.1534668
10.40286,0.1539392
10.41213,0.1541424
10.42140,0.1541887
10.43068,0.1538754
10.43997,0.1535019
10.44927,0.1534550
10.45858,0.1544869
10.46789,0.1533608
10.47722,0.1534746
10.48655,0.1537853
10.49589,0.1533926
10.50524,0.1538736
10.51459,0.1533642
10.52396,0.1532663
10.53333,0.1539280
10.54271,0.1538682
10.55210,0.1532964
10.56150,0.1548610
10.57091,0.1541756
10.58032,0.1542847
10.58975,0.1535592
10.59918,0.1544808
10.60862,0.1535575
10.61807,0.1535074
10.62752,0.1536435
10.63699,0.1534279
10.64646,0.1534226
10.65594,0.1538397
10.66544,0.1551167
10.67493,0.1535914
10.68444,0.1535032
10.69396,0.1529909
10.70348,0.1534466
10.71302,0.1536808
10.72256,0.1536551
10.73211,0.1535339
10.74167,0.1532513
10.75123,0.1539986
10.76081,0.1538859
10.77040,0.1534752
10.77999,0.1538665
10.78959,0.1537858
10.79920,0.1530740
10.80882,0.1530511
10.81844,0.1535845
10.82808,0.1536578
10.83772,0.1531943
10.84738,0.1538107
10.85704,0.1540932
10.86671,0.1533883
10.87639,0.1538003
10.88607,0.1538351
10.89577,0.1535502
10.90547,0.1538050
10.91519,0.1540294
10.92491,0.1531850
10.93464,0.1551255
10.94438,0.1541869
10.95412,0.1533369
10.96388,0.1533564
10.97365,0.1544626
10.98342,0.1543018
10.99320,0.1538807
11.00299,0.1534812
11.01279,0.1551852
11.02260,0.1536300
11.03242,0.1541564
11.04225,0.1537123
11.05208,0.1541616
11.06193,0.1534645
11.07178,0.1534632
11.08164,0.1537985
11.09151,0.1531384
11.10139,0.1537794
11.11127,0.1535918
11.12117,0.1534234
11.13108,0.1532538
11.14099,0.1534302
11.15091,0.1538116
11.16085,0.1536349
11.17079,0.1535207
11.18074,0.1537873
11.19069,0.1538989
11.20066,0.1545325
11.21064,0.1534932
11.22062,0.1532461
11.23062,0.1538821
11.24062,0.1533110
11.25063,0.1535443
11.26065,0.1534253
11.27068,0.1536229
11.28072,0.1530863
11.29076,0.1531355
11.30082,0.1542309
11.31089,0.1538000
11.32096,0.1543532
11.33104,0.1533942
11.34113,0.1532637
11.35124,0.1537568
11.36135,0.1531632
11.37147,0.1531123
11.38159,0.1536511
11.39173,0.1532274
11.40188,0.1543354
11.41203,0.1537448
11.42220,0.1532265
11.43237,0.1540024
11.44255,0.1536445
11.45274,0.1540385
11.46294,0.1545083
11.47315,0.1533578
11.48337,0.1535170
11.49360,0.1536047
11.50384,0.1531725
11.51408,0.1533700
11.52434,0.1535440
11.53460,0.1536566
11.54488,0.1552805
11.55516,0.1554359
11.56545,0.1537700
11.57575,0.1535841
11.58606,0.1531422
11.59638,0.1547315
11.60671,0.1535791
11.61705,0.1544821
11.62739,0.1540625
11.63775,0.1536456
11.64811,0.1542573
11.65849,0.1536646
11.66887,0.1536327
11.67926,0.1536141
11.68967,0.1538268
11.70008,0.1535893
11.71050,0.1534398
11.72093,0.1543584
11.73137,0.1544906
11.74182,0.1540882
11.75228,0.1543674
11.76274,0.1550088
11.77322,0.1544808
11.78371,0.1553228
11.79420,0.1554519
11.80471,0.1533896
11.81522,0.1535920
11.82574,0.1538498
11.83628,0.1534097
11.84682,0.1537465
11.85737,0.1537619
11.86793,0.1542822
11.87850,0.1540791
11.88908,0.1539380
11.89967,0.1538108
11.91027,0.1540031
11.92088,0.1535656
11.93149,0.1532422
11.94212,0.1532067
11.95276,0.1534198
11.96340,0.1541589
11.97406,0.1534718
11.98472,0.1531699
11.99540,0.1544581
12.00608,0.1549443
12.01677,0.1532021
12.02748,0.1548714
12.03819,0.1540147
12.04891,0.1535102
12.05964,0.1534100
12.07038,0.1544194
12.08113,0.1547824
12.09189,0.1545127
12.10266,0.1534672
12.11344,0.1538836
12.12423,0.1532821
12.13503,0.1534610
12.14584,0.1535252
12.15666,0.1538926
12.16748,0.1530587
12.17832,0.1530038
12.18917,0.1537829
12.20003,0.1549024
12.21089,0.1537463
12.22177,0.1534050
12.23265,0.1533289
12.24355,0.1538800
12.25445,0.1535934
12.26537,0.1557996
12.27629,0.1539456
12.28722,0.1539891
12.29817,0.1535828
12.30912,0.1534939
12.32009,0.1546798
12.33106,0.1538342
12.34204,0.1534924
12.35303,0.1532689
12.36404,0.1538309
12.37505,0.1542881
12.38607,0.1536304
12.39710,0.1546336
12.40814,0.1544512
12.41920,0.1545755
12.43026,0.1536132
12.44133,0.1552339
12.45241,0.1545044
12.46350,0.1536785
12.47460,0.1534627
12.48571,0.1536442
12.49683,0.1549664
12.50796,0.1535454
12.51910,0.1557967
12.53025,0.1539281
12.54141,0.1539227
12.55258,0.1543596
12.56376,0.1538493
12.57495,0.1535796
12.58615,0.1537458
12.59736,0.1547197
12.60858,0.1538922
12.61981,0.1536377
12.63105,0.1546676
12.64230,0.1536753
12.65356,0.1540382
12.66483,0.1537087
12.67611,0.1547207
12.68740,0.1538725
12.69870,0.1538851
12.71001,0.1544550
12.72133,0.1542943
12.73266,0.1547714
12.74400,0.1544419
12.75535,0.1553643
12.76671,0.1539483
12.77809,0.1543777
12.78947,0.1537389
12.80086,0.1540376
12.81226,0.1539392
12.82367,0.1536934
12.83509,0.1554039
12.84652,0.1549165
12.85797,0.1535721
12.86942,0.1543359
12.88088,0.1534882
12.89235,0.1546703
12.90384,0.1533911
12.91533,0.1552190
12.92683,0.1547286
12.93835,0.1535324
12.94987,0.1537126
12.96140,0.1545966
12.97295,0.1533529
12.98450,0.1539836
12.99607,0.1537272
13.00764,0.1536121
13.01923,0.1537707
13.03082,0.1561678
13.04243,0.1552472
13.05404,0.1536696
13.06567,0.1535440
13.07731,0.1542583
13.08896,0.1539838
13.10061,0.1536423
13.11228,0.1537478
13.12396,0.1544675
13.13565,0.1542041
13.14735,0.1541519
13.15906,0.1542675
13.17078,0.1536206
13.18251,0.1542179
13.19425,0.1534853
13.20600,0.1544827
13.21776,0.1549734
13.22954,0.1555871
13.24132,0.1540459
13.25311,0.1541701
13.26492,0.1539877
13.27673,0.1539994
13.28856,0.1546891
13.30039,0.1543247
13.31224,0.1544325
13.32409,0.1540296
13.33596,0.1553577
13.34784,0.1544289
13.35973,0.1540445
13.37163,0.1538645
13.38354,0.1542374
13.39546,0.1534825
13.40739,0.1542607
13.41933,0.1543576
13.43128,0.1543071
13.44324,0.1550591
13.45522,0.1541074
13.46720,0.1540274
13.47920,0.1554522
13.49120,0.1543916
13.50322,0.1558857
13.51524,0.1543536
13.52728,0.1535697
13.53933,0.1541844
13.55139,0.1544520
13.56346,0.1536618
13.57554,0.1552100
13.58763,0.1541311
13.59973,0.1539890
13.61185,0.1541177
13.62397,0.1541978
13.63610,0.1541365
13.64825,0.1541765
13.66040,0.1540435
13.67257,0.1537909
13.68475,0.1545550
13.69694,0.1541285
13.70914,0.1550327
13.72135,0.1549935
13.73357,0.1541354
13.74580,0.1545987
13.75804,0.1543543
13.77030,0.1551900
13.78256,0.1538436
13.79484,0.1543575
13.80712,0.1541027
13.81942,0.1542496
13.83173,0.1543031
13.84405,0.1547389
13.85638,0.1552083
13.86872,0.1553919
13.88107,0.1537899
13.89344,0.1546719
13.90581,0.1538618
13.91820,0.1541397
13.93059,0.1537730
13.94300,0.1540184
13.95542,0.1546125
13.96785,0.1543164
13.98029,0.1548970
13.99274,0.1547368
14.00520,0.1559036
14.01768,0.1551456
14.03016,0.1561946
14.04266,0.1537010
14.05516,0.1544858
14.06768,0.1536217
14.08021,0.1539683
14.09275,0.1540442
14.10530,0.1542331
14.11787,0.1549089
14.13044,0.1551506
14.14303,0.1548114
14.15562,0.1542027
14.16823,0.1544903
14.18085,0.1553196
14.19348,0.1543925
14.20612,0.1549013
14.21878,0.1542115
14.23144,0.1547358
14.24411,0.1547236
14.25680,0.1539494
14.26950,0.1537940
14.28221,0.1537438
14.29493,0.1536354
14.30766,0.1544575
14.32040,0.1543449
14.33316,0.1547927
14.34592,0.1546992
14.35870,0.1554433
14.37149,0.1538194
14.38429,0.1552811
14.39710,0.1544372
14.40992,0.1542679
14.42276,0.1547611
14.43561,0.1542505
14.44846,0.1540338
14.46133,0.1542846
14.47421,0.1542458
14.48710,0.1543948
14.50001,0.1553293
14.51292,0.1554732
14.52585,0.1545632
14.53878,0.1543013
14.55173,0.1550028
14.56469,0.1546939
14.57767,0.1545224
14.59065,0.1546256
14.60365,0.1543029
14.61665,0.1545732
14.62967,0.1544256
14.64270,0.1546618
14.65574,0.1552296
14.66879,0.1550393
14.68186,0.1542011
14.69494,0.1554750
14.70802,0.1545474
14.72113,0.1552151
14.73424,0.1541589
14.74736,0.1537683
14.76049,0.1539947
14.77364,0.1547300
14.78680,0.1559995
14.79997,0.1557499
14.81315,0.1540871
14.82634,0.1544317
14.83955,0.1552267
14.85277,0.1542577
14.86600,0.1549775
14.87924,0.1547600
14.89249,0.1551624
14.90575,0.1542450
14.91903,0.1549774
14.93232,0.1553245
14.94562,0.1546343
14.95893,0.1556932
14.97225,0.1554804
14.98559,0.1545323
14.99893,0.1565016
15.01229,0.1539972
15.02566,0.1540223
15.03904,0.1547311
15.05244,0.1550062
15.06585,0.1538856
15.07926,0.1543063
15.09270,0.1540891
15.10614,0.1549499
15.11959,0.1540619
15.13306,0.1540779
15.14654,0.1551334
15.16003,0.1545691
15.17353,0.1577082
15.18704,0.1550291
15.20057,0.1540907
15.21411,0.1542384
15.22766,0.1544372
15.24122,0.1542170
15.25480,0.1543344
15.26839,0.1542433
15.28198,0.1542204
15.29560,0.1541695
15.30922,0.1546895
15.32285,0.1554134
15.33650,0.1544674
15.35016,0.1549193
15.36383,0.1540314
15.37752,0.1543151
15.39121,0.1541628
15.40492,0.1553373
15.41864,0.1553078
15.43237,0.1552223
15.44612,0.1542981
15.45988,0.1559024
15.47364,0.1549290
15.48743,0.1555870
15.50122,0.1541341
15.51503,0.1565645
15.52885,0.1547154
15.54268,0.1541508
15.55652,0.1550965
15.57038,0.1553471
15.58424,0.1542535
15.59812,0.1543000
15.61202,0.1542187
15.62592,0.1567666
15.63984,0.1553548
15.65377,0.1543090
15.66771,0.1543710
15.68167,0.1546949
15.69563,0.1540305
15.70961,0.1547120
15.72360,0.1558451
15.73761,0.1548848
15.75163,0.1553312
15.76565,0.1552933
15.77970,0.1548637
15.79375,0.1549122
15.80782,0.1544953
15.82190,0.1541853
15.83599,0.1542742
15.85009,0.1543143
15.86421,0.1550046
15.87834,0.1539101
15.89248,0.1538884
15.90664,0.1551911
15.92080,0.1544160
15.93498,0.1550925
15.94918,0.1538541
15.96338,0.1553223
15.97760,0.1547837
15.99183,0.1547216
16.00608,0.1553374
16.02033,0.1541737
16.03460,0.1540634
16.04888,0.1546119
16.06317,0.1553359
16.07748,0.1541576
16.09180,0.1541622
16.10613,0.1567438
16.12048,0.1548572
16.13484,0.1543841
16.14921,0.1540189
16.16359,0.1545512
16.17799,0.1542032
16.19240,0.1541816
16.20682,0.1546962
16.22125,0.1559087
16.23570,0.1554547
16.25016,0.1542892
16.26463,0.1545006
16.27912,0.1547819
16.29362,0.1544821
16.30813,0.1545908
16.32266,0.1551987
16.33719,0.1542006
16.35175,0.1538585
16.36631,0.1548033
16.38088,0.1547854
16.39548,0.1548697
16.41008,0.1546832
16.42469,0.1542848
16.43932,0.1575152
16.45396,0.1545737
16.46862,0.1546101
16.48329,0.1550598
16.49797,0.1543437
16.51266,0.1542618
16.52737,0.1561206
16.54209,0.1543665
16.55682,0.1555367
16.57157,0.1539820
16.58633,0.1556671
16.60110,0.1545381
16.61589,0.1548815
16.63069,0.1542063
16.64550,0.1548273
16.66033,0.1555860
16.67516,0.1544565
16.69001,0.1542118
16.70488,0.1546800
16.71976,0.1551086
16.73465,0.1546382
16.74956,0.1539880
16.76447,0.1544500
16.77941,0.1547542
16.79435,0.1544899
16.80931,0.1542190
16.82428,0.1543236
16.83926,0.1543753
16.85426,0.1537895
16.86927,0.1542344
16.88430,0.1546917
16.89934,0.1545143
16.91439,0.1542702
16.92945,0.1545007
16.94453,0.1542729
16.95962,0.1539258
16.97473,0.1544498
16.98985,0.1550996
17.00498,0.1557728
17.02013,0.1538547
17.03528,0.1537970
17.05046,0.1544283
17.06564,0.1551832
17.08084,0.1546817
17.09605,0.1550013
17.11128,0.1554250
17.12652,0.1546720
17.14178,0.1550268
17.15704,0.1541136
17.17233,0.1550778
17.18762,0.1546024
17.20293,0.1545420
17.21825,0.1557574
17.23359,0.1562739
17.24893,0.1542213
17.26430,0.1543996
17.27967,0.1540930
17.29507,0.1541887
17.31047,0.1546998
17.32589,0.1549293
17.34132,0.1544965
17.35676,0.1547154
17.37222,0.1551005
17.38770,0.1550251
17.40318,0.1550622
17.41868,0.1543335
17.43420,0.1542901
17.44972,0.1553011
17.46526,0.1547000
17.48082,0.1543566
17.49639,0.1545449
17.51197,0.1545322
17.52757,0.1541859
17.54318,0.1540942
17.55881,0.1555287
17.57445,0.1542319
17.59010,0.1550510
17.60577,0.1546908
17.62145,0.1544554
17.63714,0.1545364
17.65285,0.1540100
17.66857,0.1541420
17.68431,0.1546947
17.70006,0.1548066
17.71582,0.1558573
17.73160,0.1548048
17.74740,0.1540964
17.76320,0.1543273
17.77902,0.1541897
17.79486,0.1546290
17.81071,0.1551268
17.82657,0.1546880
17.84245,0.1549242
17.85834,0.1541647
17.87425,0.1543246
17.89017,0.1548038
17.90610,0.1542921
17.92205,0.1553632
17.93801,0.1552516
17.95399,0.1548277
17.96998,0.1551743
17.98598,0.1538551
18.00200,0.1538973
18.01804,0.1552812
18.03408,0.1549569
18.05015,0.1541441
18.06622,0.1544336
18.08231,0.1549191
18.09842,0.1543196
18.11454,0.1543736
18.13067,0.1547608
18.14682,0.1550732
18.16298,0.1552963
18.17916,0.1552853
18.19535,0.1544376
18.21156,0.1542816
18.22778,0.1546283
18.24401,0.1542118
18.26026,0.1546758
18.27653,0.1552944
18.29280,0.1542395
18.30910,0.1549266
18.32540,0.1545470
18.34173,0.1550021
18.35806,0.1544241
18.37441,0.1552914
18.39078,0.1543149
18.40716,0.1544388
18.42355,0.1546065
18.43996,0.1557925
18.45639,0.1540532
18.47282,0.1551379
18.48928,0.1543012
18.50574,0.1556301
18.52223,0.1550309
18.53872,0.1575120
18.55523,0.1544736
18.57176,0.1544441
18.58830,0.1559557
18.60486,0.1550768
18.62143,0.1551036
18.63801,0.1546410
18.65461,0.1542729
18.67123,0.1543552
18.68786,0.1542096
18.70450,0.1547577
18.72116,0.1552640
18.73784,0.1545502
18.75453,0.1553859
18.77123,0.1559718
18.78795,0.1540352
18.80468,0.1547862
18.82143,0.1545383
18.83820,0.1540342
18.85497,0.1540391
18.87177,0.1538762
18.88857,0.1545404
18.90540,0.1544190
18.92224,0.1549545
18.93909,0.1552617
18.95596,0.1551126
18.97284,0.1562656
18.98974,0.1550515
19.00665,0.1557628
19.02358,0.1544134
19.04053,0.1544938
19.05748,0.1556310
19.07446,0.1538970
19.09145,0.1541939
19.10845,0.1544303
19.12547,0.1548786
19.14250,0.1540694
19.15955,0.1551509
19.17662,0.1543281
19.19370,0.1558114
19.21079,0.1547738
19.22790,0.1545119
19.24503,0.1548946
19.26217,0.1554363
19.27933,0.1545021
19.29650,0.1553811
19.31368,0.1551978
19.33088,0.1543585
19.34810,0.1550564
19.36534,0.1545631
19.38258,0.1546747
19.39985,0.1545599
19.41712,0.1553775
19.43442,0.1573163
19.45173,0.1552759
19.46905,0.1547365
19.48639,0.1548016
19.50375,0.1548199
19.52112,0.1543081
19.53851,0.1541933
19.55591,0.1546375
19.57333,0.1549960
19.59076,0.1557538
19.60821,0.1546464
19.62567,0.1544415
19.64315,0.1544508
19.66065,0.1547801
19.67816,0.1547002
19.69569,0.1548497
19.71323,0.1541841
19.73079,0.1545827
19.74836,0.1539356
19.76595,0.1548990
19.78355,0.1542551
19.80117,0.1543953
19.81881,0.1548775
19.83646,0.1554117
19.85413,0.1546346
19.87181,0.1549264
19.88951,0.1553366
19.90723,0.1552261
19.92496,0.1549473
19.94270,0.1556382
19.96046,0.1554036
19.97824,0.1542793
19.99604,0.1541293
20.01385,0.1540853
20.03167,0.1543256
20.04951,0.1542513
20.06737,0.1544607
20.08524,0.1545532
20.10313,0.1552887
20.12104,0.1541455
20.13896,0.1559540
20.15690,0.1564241
20.17485,0.1544096
20.19282,0.1550836
20.21080,0.1557067
20.22880,0.1553647
20.24682,0.1548397
20.26485,0.1547655
20.28290,0.1555968
20.30097,0.1545131
20.31905,0.1550371
20.33715,0.1558851
20.35526,0.1549391
20.37339,0.1564270
20.39154,0.1550678
20.40970,0.1546140
20.42788,0.1549288
20.44607,0.1549056
20.46428,0.1564677
20.48251,0.1547541
20.50075,0.1543656
20.51901,0.1550103
20.53728,0.1545329
20.55558,0.1557151
20.57388,0.1554992
20.59221,0.1549572
20.61055,0.1542629
20.62891,0.1543357
20.64728,0.1559743
20.66567,0.1552737
20.68407,0.1542369
20.70250,0.1547371
20.72094,0.1552333
20.73939,0.1543335
20.75787,0.1554763
20.77635,0.1546812
20.79486,0.1554813
20.81338,0.1565726
20.83191,0.1552939
20.85047,0.1546661
20.86904,0.1541540
20.88763,0.1542797
20.90623,0.1547565
20.92485,0.1548162
20.94349,0.1562769
20.96214,0.1548841
20.98081,0.1552940
20.99950,0.1552750
21.01820,0.1546606
21.03692,0.1555018
21.05566,0.1551029
21.07441,0.1550002
21.09318,0.1545123
21.11197,0.1565732
21.13077,0.1546376
21.14959,0.1547349
21.16843,0.1546589
21.18728,0.1557797
21.20615,0.1544113
21.22504,0.1553622
21.24395,0.1554382
21.26287,0.1547814
21.28181,0.1544037
21.30076,0.1545841
21.31973,0.1548121
21.33872,0.1555458
21.35773,0.1562113
21.37675,0.1556951
21.39579,0.1553593
21.41484,0.1553635
21.43392,0.1542750
21.45301,0.1540696
21.47212,0.1544565
21.49124,0.1540500
21.51038,0.1540876
21.52954,0.1563878
21.54872,0.1543987
21.56791,0.1546376
21.58712,0.1555105
21.60634,0.1546954
21.62559,0.1544665
21.64485,0.1547827
21.66413,0.1561567
21.68342,0.1556338
21.70274,0.1553710
21.72207,0.1546519
21.74141,0.1550203
21.76078,0.1546763
21.78016,0.1546198
21.79956,0.1545323
21.81897,0.1546648
21.83841,0.1554571
21.85786,0.1555497
21.87732,0.1544444
21.89681,0.1545492
21.91631,0.1543813
21.93583,0.1550175
21.95537,0.1550861
21.97492,0.1545720
21.99450,0.1548435
22.01409,0.1548294
22.03369,0.1547021
22.05332,0.1553951
22.07296,0.1552514
22.09262,0.1546829
22.11230,0.1547484
22.13199,0.1551561
22.15170,0.1546869
22.17143,0.1541502
22.19118,0.1547380
22.21094,0.1560914
22.23073,0.1563917
22.25053,0.1568482
22.27034,0.1543651
22.29018,0.1540662
22.31003,0.1542198
22.32990,0.1545040
22.34979,0.1561322
22.36970,0.1554378
22.38962,0.1549857
22.40956,0.1559649
22.42952,0.1545674
22.44950,0.1550350
22.46949,0.1548826
22.48951,0.1545640
22.50954,0.1546284
22.52959,0.1555030
22.54965,0.1553394
22.56974,0.1545696
22.58984,0.1554575
22.60996,0.1550347
22.63010,0.1567930
22.65025,0.1544637
22.67043,0.1551109
22.69062,0.1542671
22.71083,0.1546861
22.73105,0.1548639
22.75130,0.1546700
22.77156,0.1545431
22.79184,0.1540472
22.81215,0.1542445
22.83246,0.1545250
22.85280,0.1544479
22.87315,0.1547687
22.89353,0.1549044
22.91392,0.1569105
22.93432,0.1547502
22.95475,0.1547095
22.97519,0.1550089
22.99566,0.1553239
23.01614,0.1545806
23.03664,0.1542479
23.05716,0.1545826
23.07769,0.1554126
23.09825,0.1546717
23.11882,0.1564667
23.13941,0.1561735
23.16002,0.1543196
23.18065,0.1542958
23.20129,0.1550491
23.22196,0.1542535
23.24264,0.1546515
23.26334,0.1546164
23.28406,0.1544072
23.30480,0.1542069
23.32556,0.1546338
23.34633,0.1548286
23.36713,0.1570640
23.38794,0.1544008
23.40877,0.1550394
23.42962,0.1541193
23.45049,0.1557600
23.47137,0.1547066
23.49228,0.1549996
23.51320,0.1568435
23.53414,0.1551462
23.55510,0.1551889
23.57608,0.1544642
23.59708,0.1572795
23.61810,0.1550812
23.63913,0.1561006
23.66019,0.1548428
23.68126,0.1544517
23.70235,0.1546188
23.72347,0.1545122
23.74459,0.1551484
23.76574,0.1549787
23.78691,0.1548951
23.80810,0.1548197
23.82930,0.1547510
23.85053,0.1554384
23.87177,0.1552434
23.89303,0.1551150
23.91431,0.1552418
23.93561,0.1559941
23.95693,0.1551352
23.97827,0.1543951
23.99962,0.1543826
24.02100,0.1544579
24.04239,0.1540777
24.06380,0.1544626
24.08524,0.1546293
24.10669,0.1559299
24.12816,0.1542700
24.14965,0.1545412
24.17116,0.1542433
24.19269,0.1543666
24.21423,0.1542494
24.23580,0.1539784
24.25739,0.1543856
24.27899,0.1551731
24.30062,0.1543427
24.32226,0.1545715
24.34392,0.1543037
24.36561,0.1552639
24.38731,0.1545199
24.40903,0.1554775
24.43077,0.1545235
24.45253,0.1545321
24.47431,0.1546594
24.49611,0.1561673
24.51792,0.1557076
24.53976,0.1549257
24.56162,0.1546648
24.58349,0.1544380
24.60539,0.1555327
24.62730,0.1555735
24.64924,0.1541679
24.67119,0.1551227
24.69317,0.1543702
24.71516,0.1556560
24.73717,0.1544533
24.75920,0.1558971
24.78126,0.1556299
24.80333,0.1541122
24.82542,0.1555541
24.84753,0.1542053
24.86966,0.1552727
24.89181,0.1543657
24.91398,0.1553315
24.93617,0.1549071
24.95838,0.1554694
24.98061,0.1560020
25.00286,0.1547033
25.02513,0.1548320
25.04742,0.1551755
25.06973,0.1557201
25.09205,0.1548131
25.11440,0.1551101
25.13677,0.1554562
25.15916,0.1553892
25.18157,0.1549409
25.20400,0.1550432
25.22644,0.1551550
25.24891,0.1542868
25.27140,0.1542538
25.29391,0.1543812
25.31644,0.1549683
25.33899,0.1548792
25.36155,0.1556473
25.38414,0.1550763
25.40675,0.1545432
25.42938,0.1550205
25.45203,0.1544356
25.47470,0.1545004
25.49739,0.1545646
25.52010,0.1551521
25.54283,0.1546539
25.56558,0.1549957
25.58835,0.1553839
25.61114,0.1552636
25.63395,0.1549539
25.65678,0.1558378
25.67963,0.1543417
25.70250,0.1546178
25.72539,0.1573008
25.74831,0.1544367
25.77124,0.1544921
25.79419,0.1540145
25.81717,0.1543610
25.84016,0.1546185
25.86318,0.1545214
25.88621,0.1547769
25.90927,0.1558690
25.93234,0.1559080
25.95544,0.1554522
25.97856,0.1550171
26.00170,0.1553897
26.02485,0.1549021
26.04803,0.1552278
26.07123,0.1546420
26.09445,0.1543737
26.11770,0.1541743
26.14096,0.1556912
26.16424,0.1541562
26.18754,0.1545693
26.21087,0.1553365
26.23421,0.1543133
26.25758,0.1549464
26.28097,0.1550332
26.30437,0.1542678
26.32780,0.1542422
26.35125,0.1560738
26.37472,0.1541429
26.39821,0.1542298
26.42172,0.1557874
26.44525,0.1543846
26.46881,0.1552039
26.49238,0.1543789
26.51598,0.1550104
26.53960,0.1551169
26.56323,0.1568203
26.58689,0.1557848
26.61057,0.1554260
26.63427,0.1555932
26.65800,0.1551363
26.68174,0.1553745
26.70550,0.1557919
26.72929,0.1549880
26.75309,0.1553211
26.77692,0.1552049
26.80077,0.1555622
26.82464,0.1546742
26.84853,0.1545848
26.87245,0.1543200
26.89638,0.1547538
26.92034,0.1547799
26.94431,0.1544063
26.96831,0.1540646
26.99233,0.1545823
27.01637,0.1546018
27.04043,0.1545367
27.06452,0.1553552
27.08862,0.1548190
27.11275,0.1545804
27.13690,0.1549756
27.16107,0.1551637
27.18526,0.1549667
27.20947,0.1542302
27.23371,0.1546721
27.25796,0.1554854
27.28224,0.1545351
27.30654,0.1553277
27.33086,0.1546593
27.35520,0.1541779
27.37957,0.1539335
27.40395,0.1540702
27.42836,0.1538282
27.45279,0.1541971
27.47724,0.1546509
27.50171,0.1542922
27.52621,0.1543638
27.55072,0.1542919
27.57526,0.1545926
27.59983,0.1546281
27.62441,0.1549571
27.64901,0.1540497
27.67364,0.1544480
27.69828,0.1542369
27.72295,0.1541707
27.74764,0.1540632
27.77236,0.1540897
27.79709,0.1541535
27.82185,0.1546408
27.84663,0.1551801
27.87143,0.1551564
27.89626,0.1557306
27.92110,0.1547836
27.94597,0.1546318
27.97086,0.1546105
27.99577,0.1556716
28.02071,0.1544580
28.04567,0.1551813
28.07065,0.1553884
28.09565,0.1553119
28.12067,0.1553751
28.14572,0.1563702
28.17079,0.1547530
28.19588,0.1561336
28.22099,0.1554655
28.24612,0.1555482
28.27128,0.1547116
28.29646,0.1551309
28.32166,0.1551306
28.34689,0.1548099
28.37214,0.1554950
28.39741,0.1564892
28.42270,0.1557965
28.44801,0.1552213
28.47335,0.1548081
28.49871,0.1548659
28.52409,0.1557257
28.54950,0.1547679
28.57493,0.1553393
28.60038,0.1559201
28.62585,0.1549479
28.65135,0.1546379
28.67687,0.1549182
28.70241,0.1547218
28.72797,0.1545723
28.75356,0.1544871
28.77917,0.1551808
28.80480,0.1549391
28.83046,0.1540905
28.85613,0.1541117
28.88183,0.1543586
28.90756,0.1545734
28.93330,0.1540508
28.95907,0.1546897
28.98487,0.1543846
29.01068,0.1544521
29.03652,0.1550434
29.06238,0.1543548
29.08827,0.1546363
29.11418,0.1546694
29.14011,0.1553430
29.16606,0.1544805
29.19204,0.1549074
29.21804,0.1559309
29.24406,0.1544834
29.27011,0.1545063
29.29618,0.1542946
29.32227,0.1544756
29.34839,0.1549587
29.37452,0.1551030
29.40069,0.1542906
29.42687,0.1547743
29.45308,0.1548073
29.47932,0.1550114
29.50557,0.1572957
29.53185,0.1554966
29.55815,0.1550098
29.58448,0.1554302
29.61083,0.1545061
29.63720,0.1547396
29.66360,0.1543731
29.69002,0.1543215
29.71646,0.1551895
29.74293,0.1549748
29.76942,0.1541382
29.79594,0.1550099
29.82248,0.1547376
29.84904,0.1550016
29.87562,0.1563876
29.90223,0.1545297
29.92886,0.1555209
29.95552,0.1550133
29.98220,0.1558817
30.00000,0.1571068
