wav,rprs
 0.30056,0.1246848
 0.30168,0.1246629
 0.30280,0.1246410
 0.30392,0.1246193
 0.30504,0.1245976
 0.30616,0.1245760
 0.30728,0.1245545
 0.30840,0.1245330
 0.30952,0.1245117
 0.31064,0.1244904
 0.31176,0.1244692
 0.31288,0.1244480
 0.31400,0.1244270
 0.31512,0.1244060
 0.31624,0.1243851
 0.31736,0.1243642
 0.31848,0.1243434
 0.31960,0.1243228
 0.32072,0.1243021
 0.32184,0.1242816
 0.32296,0.1242611
 0.32408,0.1242407
 0.32520,0.1242204
 0.32632,0.1242001
 0.32744,0.1241799
 0.32856,0.1241598
 0.32968,0.1241397
 0.33080,0.1241197
 0.33192,0.1240998
 0.33304,0.1240800
 0.33416,0.1240602
 0.33528,0.1240404
 0.33640,0.1240208
 0.33752,0.1240012
 0.33864,0.1239817
 0.33976,0.1239622
 0.34088,0.1239428
 0.34200,0.1239235
 0.34312,0.1239042
 0.34424,0.1238850
 0.34536,0.1238659
 0.34648,0.1238468
 0.34760,0.1238277
 0.34872,0.1238088
 0.34984,0.1237899
 0.35096,0.1237710
 0.35208,0.1237523
 0.35320,0.1237335
 0.35432,0.1237149
 0.35544,0.1236963
 0.35656,0.1236777
 0.35768,0.1236593
 0.35880,0.1236408
 0.35992,0.1236225
 0.36104,0.1236042
 0.36216,0.1235859
 0.36328,0.1235677
 0.36440,0.1235496
 0.36552,0.1235315
 0.36664,0.1235134
 0.36776,0.1234955
 0.36888,0.1234776
 0.37000,0.1234597
 0.37112,0.1234419
 0.37224,0.1234241
 0.37336,0.1234064
 0.37448,0.1233888
 0.37560,0.1233712
 0.37672,0.1233536
 0.37784,0.1233361
 0.37896,0.1233187
 0.38008,0.1233013
 0.38120,0.1232840
 0.38232,0.1232667
 0.38344,0.1232494
 0.38456,0.1232323
 0.38568,0.1232151
 0.38680,0.1231980
 0.38792,0.1231810
 0.38904,0.1231640
 0.39016,0.1231471
 0.39128,0.1231302
 0.39240,0.1231134
 0.39352,0.1230966
 0.39464,0.1230798
 0.39576,0.1230632
 0.39688,0.1230465
 0.39800,0.1230299
 0.39912,0.1230134
 0.40024,0.1229969
 0.40136,0.1229804
 0.40248,0.1229640
 0.40360,0.1229476
 0.40472,0.1229313
 0.40584,0.1229151
 0.40696,0.1228988
 0.40808,0.1228827
 0.40920,0.1228665
 0.41032,0.1228504
 0.41144,0.1228344
 0.41256,0.1228184
 0.41368,0.1228025
 0.41480,0.1227866
 0.41592,0.1227707
 0.41704,0.1227549
 0.41816,0.1227391
 0.41928,0.1227234
 0.42040,0.1227077
 0.42152,0.1226920
 0.42264,0.1226764
 0.42376,0.1226609
 0.42488,0.1226454
 0.42600,0.1226299
 0.42712,0.1226145
 0.42824,0.1225991
 0.42936,0.1225838
 0.43048,0.1225685
 0.43160,0.1225532
 0.43272,0.1225380
 0.43384,0.1225228
 0.43496,0.1225077
 0.43608,0.1224926
 0.43720,0.1224776
 0.43832,0.1224626
 0.43944,0.1224476
 0.44056,0.1224327
 0.44168,0.1224179
 0.44280,0.1224030
 0.44392,0.1223882
 0.44504,0.1223735
 0.44616,0.1223588
 0.44728,0.1223441
 0.44840,0.1223295
 0.44952,0.1223149
 0.45064,0.1223004
 0.45176,0.1222859
 0.45288,0.1222715
 0.45400,0.1222571
 0.45512,0.1222427
 0.45624,0.1222284
 0.45736,0.1222141
 0.45848,0.1221999
 0.45960,0.1221857
 0.46072,0.1221716
 0.46184,0.1221575
 0.46296,0.1221434
 0.46408,0.1221294
 0.46520,0.1221154
 0.46632,0.1221015
 0.46744,0.1220876
 0.46856,0.1220738
 0.46968,0.1220600
 0.47080,0.1220463
 0.47192,0.1220326
 0.47304,0.1220189
 0.47416,0.1220053
 0.47528,0.1219918
 0.47640,0.1219783
 0.47752,0.1219648
 0.47864,0.1219514
 0.47976,0.1219381
 0.48088,0.1219248
 0.48200,0.1219115
 0.48312,0.1218983
 0.48424,0.1218852
 0.48536,0.1218721
 0.48648,0.1218591
 0.48760,0.1218461
 0.48872,0.1218332
 0.48984,0.1218203
 0.49096,0.1218075
 0.49208,0.1217948
 0.49320,0.1217821
 0.49432,0.1217695
 0.49544,0.1217570
 0.49656,0.1217445
 0.49768,0.1217321
 0.49880,0.1217197
 0.49992,0.1217074
 0.50104,0.1216952
 0.50216,0.1216831
 0.50328,0.1216711
 0.50440,0.1216591
 0.50552,0.1216472
 0.50664,0.1216354
 0.50776,0.1216237
 0.50888,0.1216121
 0.51000,0.1216005
 0.51112,0.1215891
 0.51224,0.1215778
 0.51336,0.1215665
 0.51448,0.1215554
 0.51560,0.1215444
 0.51672,0.1215335
 0.51784,0.1215227
 0.51896,0.1215121
 0.52008,0.1215015
 0.52120,0.1214912
 0.52232,0.1214809
 0.52344,0.1214708
 0.52456,0.1214609
 0.52568,0.1214511
 0.52680,0.1214415
 0.52792,0.1214320
 0.52904,0.1214228
 0.53016,0.1214137
 0.53128,0.1214049
 0.53240,0.1213962
 0.53352,0.1213878
 0.53464,0.1213797
 0.53576,0.1213717
 0.53688,0.1213641
 0.53800,0.1213567
 0.53912,0.1213497
 0.54024,0.1213429
 0.54136,0.1213365
 0.54248,0.1213305
 0.54360,0.1213249
 0.54472,0.1213196
 0.54584,0.1213148
 0.54696,0.1213105
 0.54808,0.1213067
 0.54920,0.1213034
 0.55032,0.1213007
 0.55144,0.1212987
 0.55256,0.1212973
 0.55368,0.1212966
 0.55480,0.1212968
 0.55592,0.1212978
 0.55704,0.1212998
 0.55816,0.1213027
 0.55928,0.1213069
 0.56040,0.1213122
 0.56152,0.1213189
 0.56264,0.1213272
 0.56376,0.1213371
 0.56488,0.1213488
 0.56600,0.1213627
 0.56712,0.1213788
 0.56824,0.1213976
 0.56936,0.1214194
 0.57048,0.1214446
 0.57160,0.1214737
 0.57272,0.1215073
 0.57384,0.1215462
 0.57496,0.1215913
 0.57608,0.1216438
 0.57720,0.1217052
 0.57832,0.1217775
 0.57944,0.1218634
 0.58056,0.1219666
 0.58168,0.1220925
 0.58280,0.1222490
 0.58392,0.1224490
 0.58504,0.1227154
 0.58616,0.1230939
 0.58728,0.1238545
 0.58840,0.1270454
 0.58952,0.1305469
 0.59064,0.1247627
 0.59176,0.1233399
 0.59288,0.1228644
 0.59400,0.1225493
 0.59512,0.1223146
 0.59624,0.1221300
 0.59736,0.1219795
 0.59848,0.1218534
 0.59960,0.1217456
 0.60072,0.1216518
 0.60184,0.1215693
 0.60296,0.1214957
 0.60408,0.1214295
 0.60520,0.1213694
 0.60632,0.1213145
 0.60744,0.1212639
 0.60856,0.1212172
 0.60968,0.1211736
 0.61080,0.1211330
 0.61192,0.1210948
 0.61304,0.1210588
 0.61416,0.1210248
 0.61528,0.1209925
 0.61640,0.1209618
 0.61752,0.1209326
 0.61864,0.1209045
 0.61976,0.1208777
 0.62088,0.1208519
 0.62200,0.1208271
 0.62312,0.1208031
 0.62424,0.1207800
 0.62536,0.1207576
 0.62648,0.1207359
 0.62760,0.1207149
 0.62872,0.1206944
 0.62984,0.1206745
 0.63096,0.1206552
 0.63208,0.1206363
 0.63320,0.1206178
 0.63432,0.1205998
 0.63544,0.1205822
 0.63656,0.1205650
 0.63768,0.1205481
 0.63880,0.1205316
 0.63992,0.1205154
 0.64104,0.1204995
 0.64216,0.1204839
 0.64328,0.1204685
 0.64440,0.1204535
 0.64552,0.1204386
 0.64664,0.1204241
 0.64776,0.1204097
 0.64888,0.1203956
 0.65000,0.1203817
 0.65112,0.1203680
 0.65224,0.1203545
 0.65336,0.1203412
 0.65448,0.1203281
 0.65560,0.1203151
 0.65672,0.1203024
 0.65784,0.1202898
 0.65896,0.1202774
 0.66008,0.1202651
 0.66120,0.1202530
 0.66232,0.1202411
 0.66344,0.1202293
 0.66456,0.1202176
 0.66568,0.1202061
 0.66680,0.1201948
 0.66792,0.1201836
 0.66904,0.1201726
 0.67016,0.1201616
 0.67128,0.1201509
 0.67240,0.1201402
 0.67352,0.1201298
 0.67464,0.1201194
 0.67576,0.1201092
 0.67688,0.1200991
 0.67800,0.1200892
 0.67912,0.1200794
 0.68024,0.1200697
 0.68136,0.1200602
 0.68248,0.1200509
 0.68360,0.1200416
 0.68472,0.1200326
 0.68584,0.1200236
 0.68696,0.1200149
 0.68808,0.1200062
 0.68920,0.1199978
 0.69032,0.1199895
 0.69144,0.1199813
 0.69256,0.1199733
 0.69368,0.1199655
 0.69480,0.1199579
 0.69592,0.1199504
 0.69704,0.1199431
 0.69816,0.1199361
 0.69928,0.1199292
 0.70040,0.1199225
 0.70152,0.1199160
 0.70264,0.1199097
 0.70376,0.1199037
 0.70488,0.1198978
 0.70600,0.1198923
 0.70712,0.1198869
 0.70824,0.1198819
 0.70936,0.1198771
 0.71048,0.1198726
 0.71160,0.1198683
 0.71272,0.1198644
 0.71384,0.1198609
 0.71496,0.1198576
 0.71608,0.1198547
 0.71720,0.1198522
 0.71832,0.1198501
 0.71944,0.1198485
 0.72056,0.1198472
 0.72168,0.1198465
 0.72280,0.1198462
 0.72392,0.1198465
 0.72504,0.1198473
 0.72616,0.1198488
 0.72728,0.1198508
 0.72840,0.1198536
 0.72952,0.1198571
 0.73064,0.1198614
 0.73176,0.1198666
 0.73288,0.1198727
 0.73400,0.1198797
 0.73512,0.1198879
 0.73624,0.1198972
 0.73736,0.1199078
 0.73848,0.1199198
 0.73960,0.1199333
 0.74072,0.1199485
 0.74184,0.1199656
 0.74296,0.1199847
 0.74408,0.1200061
 0.74520,0.1200300
 0.74632,0.1200568
 0.74744,0.1200869
 0.74856,0.1201206
 0.74968,0.1201585
 0.75080,0.1202013
 0.75192,0.1202497
 0.75304,0.1203047
 0.75416,0.1203676
 0.75528,0.1204400
 0.75640,0.1205240
 0.75752,0.1206226
 0.75864,0.1207398
 0.75976,0.1208816
 0.76088,0.1210576
 0.76200,0.1212838
 0.76312,0.1215909
 0.76424,0.1221000
 0.76536,0.1237929
 0.76648,0.1284960
 0.76760,0.1239888
 0.76872,0.1233345
 0.76984,0.1275344
 0.77096,0.1232672
 0.77208,0.1217661
 0.77320,0.1213355
 0.77432,0.1210777
 0.77544,0.1208821
 0.77656,0.1207250
 0.77768,0.1205943
 0.77880,0.1204827
 0.77992,0.1203857
 0.78104,0.1203002
 0.78216,0.1202240
 0.78328,0.1201552
 0.78440,0.1200928
 0.78552,0.1200357
 0.78664,0.1199831
 0.78776,0.1199344
 0.78888,0.1198890
 0.79000,0.1198467
 0.79112,0.1198070
 0.79224,0.1197695
 0.79336,0.1197342
 0.79448,0.1197007
 0.79560,0.1196688
 0.79672,0.1196385
 0.79784,0.1196095
 0.79896,0.1195818
 0.80008,0.1195552
 0.80120,0.1195296
 0.80232,0.1195049
 0.80344,0.1194812
 0.80456,0.1194582
 0.80568,0.1194360
 0.80680,0.1194145
 0.80792,0.1193936
 0.80904,0.1193734
 0.81016,0.1193536
 0.81128,0.1193344
 0.81240,0.1193157
 0.81352,0.1192975
 0.81464,0.1192796
 0.81576,0.1192622
 0.81688,0.1192452
 0.81800,0.1192285
 0.81912,0.1192122
 0.82024,0.1191961
 0.82136,0.1191804
 0.82248,0.1191650
 0.82360,0.1191498
 0.82472,0.1191349
 0.82584,0.1191202
 0.82696,0.1191058
 0.82808,0.1190916
 0.82920,0.1190776
 0.83032,0.1190638
 0.83144,0.1190502
 0.83256,0.1190368
 0.83368,0.1190236
 0.83480,0.1190105
 0.83592,0.1189976
 0.83704,0.1189849
 0.83816,0.1189723
 0.83928,0.1189598
 0.84040,0.1189475
 0.84152,0.1189353
 0.84264,0.1189232
 0.84376,0.1189113
 0.84488,0.1188995
 0.84600,0.1188878
 0.84712,0.1188762
 0.84824,0.1188647
 0.84936,0.1188533
 0.85048,0.1188421
 0.85160,0.1188309
 0.85272,0.1188198
 0.85384,0.1188088
 0.85496,0.1187979
 0.85608,0.1187870
 0.85720,0.1187763
 0.85832,0.1187656
 0.85944,0.1187550
 0.86056,0.1187445
 0.86168,0.1187341
 0.86280,0.1187237
 0.86392,0.1187134
 0.86504,0.1187031
 0.86616,0.1186930
 0.86728,0.1186829
 0.86840,0.1186728
 0.86952,0.1186628
 0.87064,0.1186529
 0.87176,0.1186430
 0.87288,0.1186332
 0.87400,0.1186234
 0.87512,0.1186137
 0.87624,0.1186041
 0.87736,0.1185945
 0.87848,0.1185849
 0.87960,0.1184926
 0.88072,0.1179671
 0.88184,0.1180132
 0.88296,0.1180530
 0.88408,0.1180054
 0.88520,0.1178995
 0.88632,0.1178704
 0.88744,0.1178285
 0.88856,0.1178637
 0.88968,0.1180753
 0.89080,0.1186036
 0.89192,0.1193373
 0.89304,0.1190606
 0.89416,0.1184051
 0.89528,0.1181696
 0.89640,0.1184224
 0.89752,0.1185200
 0.89864,0.1180569
 0.89976,0.1184636
 0.90088,0.1194904
 0.90200,0.1193175
 0.90312,0.1185491
 0.90424,0.1181431
 0.90536,0.1182810
 0.90648,0.1180512
 0.90760,0.1184550
 0.90872,0.1192977
 0.90984,0.1190244
 0.91096,0.1181306
 0.91208,0.1179828
 0.91320,0.1179634
 0.91432,0.1187325
 0.91544,0.1188309
 0.91656,0.1191535
 0.91768,0.1196402
 0.91880,0.1190375
 0.91992,0.1181173
 0.92104,0.1187378
 0.92216,0.1189149
 0.92328,0.1194687
 0.92440,0.1204481
 0.92552,0.1191527
 0.92664,0.1204425
 0.92776,0.1214834
 0.92888,0.1211230
 0.93000,0.1205781
 0.93112,0.1215700
 0.93224,0.1207590
 0.93336,0.1204180
 0.93448,0.1212197
 0.93560,0.1216672
 0.93672,0.1206127
 0.93784,0.1211637
 0.93896,0.1209882
 0.94008,0.1206364
 0.94120,0.1205094
 0.94232,0.1205188
 0.94344,0.1200588
 0.94456,0.1204269
 0.94568,0.1208497
 0.94680,0.1212882
 0.94792,0.1214541
 0.94904,0.1197356
 0.95016,0.1194322
 0.95128,0.1195616
 0.95240,0.1199243
 0.95352,0.1206219
 0.95464,0.1206887
 0.95576,0.1211650
 0.95688,0.1219187
 0.95800,0.1221432
 0.95912,0.1210355
 0.96024,0.1203992
 0.96136,0.1210937
 0.96248,0.1210323
 0.96360,0.1200281
 0.96472,0.1207992
 0.96584,0.1211747
 0.96696,0.1206478
 0.96808,0.1201533
 0.96920,0.1206408
 0.97032,0.1214348
 0.97144,0.1220000
 0.97256,0.1213711
 0.97368,0.1202517
 0.97480,0.1208283
 0.97592,0.1200193
 0.97704,0.1208344
 0.97816,0.1218188
 0.97928,0.1209083
 0.98040,0.1208500
 0.98152,0.1205816
 0.98264,0.1206121
 0.98376,0.1209320
 0.98488,0.1202055
 0.98600,0.1203815
 0.98712,0.1202647
 0.98824,0.1200077
 0.98936,0.1208597
 0.99048,0.1207579
 0.99160,0.1204310
 0.99272,0.1201250
 0.99384,0.1198897
 0.99496,0.1201167
 0.99608,0.1206731
 0.99720,0.1208719
 0.99832,0.1201805
 0.99944,0.1199013
 1.00056,0.1199712
 1.00168,0.1199674
 1.00280,0.1196692
 1.00392,0.1198395
 1.00504,0.1197281
 1.00616,0.1198345
 1.00728,0.1204953
 1.00840,0.1206068
 1.00952,0.1203492
 1.01064,0.1198027
 1.01176,0.1192059
 1.01288,0.1197302
 1.01400,0.1199176
 1.01512,0.1194519
 1.01624,0.1185213
 1.01736,0.1190511
 1.01848,0.1192820
 1.01960,0.1191877
 1.02072,0.1190823
 1.02184,0.1187241
 1.02296,0.1185527
 1.02408,0.1184823
 1.02520,0.1182576
 1.02632,0.1184274
 1.02744,0.1186807
 1.02856,0.1188005
 1.02968,0.1185527
 1.03080,0.1184531
 1.03192,0.1184375
 1.03304,0.1183670
 1.03416,0.1179124
 1.03528,0.1177516
 1.03640,0.1180148
 1.03752,0.1186431
 1.03864,0.1183267
 1.03976,0.1178808
 1.04088,0.1177079
 1.04200,0.1181642
 1.04312,0.1182058
 1.04424,0.1182171
 1.04536,0.1183433
 1.04648,0.1182107
 1.04760,0.1181377
 1.04872,0.1181044
 1.04984,0.1180385
 1.05096,0.1179820
 1.05208,0.1179445
 1.05320,0.1179351
 1.05432,0.1179723
 1.05544,0.1180293
 1.05656,0.1180293
 1.05768,0.1179024
 1.05880,0.1178263
 1.05992,0.1180632
 1.06104,0.1183284
 1.06216,0.1174508
 1.06328,0.1175102
 1.06440,0.1179218
 1.06552,0.1178839
 1.06664,0.1176795
 1.06776,0.1174877
 1.06888,0.1174576
 1.07000,0.1179271
 1.07112,0.1182245
 1.07224,0.1183092
 1.07336,0.1182104
 1.07448,0.1177129
 1.07560,0.1174980
 1.07672,0.1179110
 1.07784,0.1175411
 1.07896,0.1172942
 1.08008,0.1173444
 1.08120,0.1174295
 1.08232,0.1174373
 1.08344,0.1174425
 1.08456,0.1175829
 1.08568,0.1178296
 1.08680,0.1179567
 1.08792,0.1178867
 1.08904,0.1186922
 1.09016,0.1192952
 1.09128,0.1195414
 1.09240,0.1206805
 1.09352,0.1204332
 1.09464,0.1193600
 1.09576,0.1198424
 1.09688,0.1205620
 1.09800,0.1209726
 1.09912,0.1204547
 1.10024,0.1214204
 1.10136,0.1223670
 1.10248,0.1219245
 1.10360,0.1211568
 1.10472,0.1206461
 1.10584,0.1207292
 1.10696,0.1211939
 1.10808,0.1211311
 1.10920,0.1205052
 1.11032,0.1212816
 1.11144,0.1215744
 1.11256,0.1209827
 1.11368,0.1195949
 1.11480,0.1206763
 1.11592,0.1229558
 1.11704,0.1212098
 1.11816,0.1200831
 1.11928,0.1199987
 1.12040,0.1209655
 1.12152,0.1210447
 1.12264,0.1207639
 1.12376,0.1213442
 1.12488,0.1220936
 1.12600,0.1226634
 1.12712,0.1224803
 1.12824,0.1224036
 1.12936,0.1223220
 1.13048,0.1219545
 1.13160,0.1214457
 1.13272,0.1211999
 1.13384,0.1219283
 1.13496,0.1220512
 1.13608,0.1217704
 1.13720,0.1213204
 1.13832,0.1212391
 1.13944,0.1213595
 1.14056,0.1214854
 1.14168,0.1221670
 1.14280,0.1228283
 1.14392,0.1223074
 1.14504,0.1221312
 1.14616,0.1220889
 1.14728,0.1214772
 1.14840,0.1208394
 1.14952,0.1204578
 1.15064,0.1211594
 1.15176,0.1218225
 1.15288,0.1221187
 1.15400,0.1211856
 1.15512,0.1206322
 1.15624,0.1206834
 1.15736,0.1208217
 1.15848,0.1213328
 1.15960,0.1221974
 1.16072,0.1219556
 1.16184,0.1214908
 1.16296,0.1211323
 1.16408,0.1209618
 1.16520,0.1209247
 1.16632,0.1210564
 1.16744,0.1213095
 1.16856,0.1213568
 1.16968,0.1206122
 1.17080,0.1202034
 1.17192,0.1204682
 1.17304,0.1226395
 1.17416,0.1227109
 1.17528,0.1209242
 1.17640,0.1206789
 1.17752,0.1204169
 1.17864,0.1198683
 1.17976,0.1208888
 1.18088,0.1216636
 1.18200,0.1209714
 1.18312,0.1207904
 1.18424,0.1208389
 1.18536,0.1208237
 1.18648,0.1210806
 1.18760,0.1214404
 1.18872,0.1212530
 1.18984,0.1212323
 1.19096,0.1214768
 1.19208,0.1211478
 1.19320,0.1208335
 1.19432,0.1208854
 1.19544,0.1206591
 1.19656,0.1204886
 1.19768,0.1210696
 1.19880,0.1214450
 1.19992,0.1215328
 1.20104,0.1213080
 1.20216,0.1209519
 1.20328,0.1204856
 1.20440,0.1201192
 1.20552,0.1199661
 1.20664,0.1203775
 1.20776,0.1206349
 1.20888,0.1207078
 1.21000,0.1205660
 1.21112,0.1204964
 1.21224,0.1206070
 1.21336,0.1205425
 1.21448,0.1203856
 1.21560,0.1201554
 1.21672,0.1201499
 1.21784,0.1203018
 1.21896,0.1201294
 1.22008,0.1198778
 1.22120,0.1196222
 1.22232,0.1197911
 1.22344,0.1201311
 1.22456,0.1203090
 1.22568,0.1205162
 1.22680,0.1207609
 1.22792,0.1207398
 1.22904,0.1204805
 1.23016,0.1197773
 1.23128,0.1197406
 1.23240,0.1200907
 1.23352,0.1194310
 1.23464,0.1191824
 1.23576,0.1201487
 1.23688,0.1201986
 1.23800,0.1198130
 1.23912,0.1197839
 1.24024,0.1196017
 1.24136,0.1191454
 1.24248,0.1193562
 1.24360,0.1197048
 1.24472,0.1195020
 1.24584,0.1193803
 1.24696,0.1194199
 1.24808,0.1193766
 1.24920,0.1192805
 1.25032,0.1190983
 1.25144,0.1193564
 1.25256,0.1200187
 1.25368,0.1200228
 1.25480,0.1196065
 1.25592,0.1184968
 1.25704,0.1183521
 1.25816,0.1191513
 1.25928,0.1196379
 1.26040,0.1199276
 1.26152,0.1198885
 1.26264,0.1197643
 1.26376,0.1195602
 1.26488,0.1190941
 1.26600,0.1186322
 1.26712,0.1184543
 1.26824,0.1185414
 1.26936,0.1188692
 1.27048,0.1188835
 1.27160,0.1188614
 1.27272,0.1191182
 1.27384,0.1193904
 1.27496,0.1196172
 1.27608,0.1191698
 1.27720,0.1185856
 1.27832,0.1187150
 1.27944,0.1188253
 1.28056,0.1187489
 1.28168,0.1189424
 1.28280,0.1192896
 1.28392,0.1196692
 1.28504,0.1199718
 1.28616,0.1200797
 1.28728,0.1199868
 1.28840,0.1197174
 1.28952,0.1191765
 1.29064,0.1186959
 1.29176,0.1186982
 1.29288,0.1185403
 1.29400,0.1181531
 1.29512,0.1185309
 1.29624,0.1191216
 1.29736,0.1189439
 1.29848,0.1189656
 1.29960,0.1196803
 1.30072,0.1198024
 1.30184,0.1194406
 1.30296,0.1189863
 1.30408,0.1188426
 1.30520,0.1200069
 1.30632,0.1204834
 1.30744,0.1197263
 1.30856,0.1198028
 1.30968,0.1202403
 1.31080,0.1197170
 1.31192,0.1194642
 1.31304,0.1206905
 1.31416,0.1213580
 1.31528,0.1212094
 1.31640,0.1205629
 1.31752,0.1198375
 1.31864,0.1202109
 1.31976,0.1206323
 1.32088,0.1205968
 1.32200,0.1202282
 1.32312,0.1195483
 1.32424,0.1200459
 1.32536,0.1208480
 1.32648,0.1199431
 1.32760,0.1195209
 1.32872,0.1214549
 1.32984,0.1229458
 1.33096,0.1236747
 1.33208,0.1235262
 1.33320,0.1230245
 1.33432,0.1233782
 1.33544,0.1238075
 1.33656,0.1238146
 1.33768,0.1238508
 1.33880,0.1239857
 1.33992,0.1236115
 1.34104,0.1229925
 1.34216,0.1237159
 1.34328,0.1246915
 1.34440,0.1248290
 1.34552,0.1247105
 1.34664,0.1242685
 1.34776,0.1239901
 1.34888,0.1239287
 1.35000,0.1248854
 1.35112,0.1261311
 1.35224,0.1255991
 1.35336,0.1246949
 1.35448,0.1239527
 1.35560,0.1234568
 1.35672,0.1233984
 1.35784,0.1235910
 1.35896,0.1240223
 1.36008,0.1250430
 1.36120,0.1260386
 1.36232,0.1247247
 1.36344,0.1232735
 1.36456,0.1232289
 1.36568,0.1232942
 1.36680,0.1233072
 1.36792,0.1235604
 1.36904,0.1240446
 1.37016,0.1243071
 1.37128,0.1244292
 1.37240,0.1242416
 1.37352,0.1239167
 1.37464,0.1233297
 1.37576,0.1234621
 1.37688,0.1255221
 1.37800,0.1263307
 1.37912,0.1252810
 1.38024,0.1243891
 1.38136,0.1236743
 1.38248,0.1241169
 1.38360,0.1250065
 1.38472,0.1257362
 1.38584,0.1259979
 1.38696,0.1244408
 1.38808,0.1236394
 1.38920,0.1251450
 1.39032,0.1259698
 1.39144,0.1257144
 1.39256,0.1251673
 1.39368,0.1244456
 1.39480,0.1248081
 1.39592,0.1256224
 1.39704,0.1261646
 1.39816,0.1264937
 1.39928,0.1260643
 1.40040,0.1255783
 1.40152,0.1252662
 1.40264,0.1249917
 1.40376,0.1247653
 1.40488,0.1249651
 1.40600,0.1256552
 1.40712,0.1255034
 1.40824,0.1247997
 1.40936,0.1248929
 1.41048,0.1252573
 1.41160,0.1248086
 1.41272,0.1242663
 1.41384,0.1245211
 1.41496,0.1248990
 1.41608,0.1252309
 1.41720,0.1255379
 1.41832,0.1257939
 1.41944,0.1258615
 1.42056,0.1256265
 1.42168,0.1256831
 1.42280,0.1260462
 1.42392,0.1258041
 1.42504,0.1251787
 1.42616,0.1254482
 1.42728,0.1260493
 1.42840,0.1255594
 1.42952,0.1248065
 1.43064,0.1247001
 1.43176,0.1247764
 1.43288,0.1250760
 1.43400,0.1252774
 1.43512,0.1250149
 1.43624,0.1246963
 1.43736,0.1243398
 1.43848,0.1244409
 1.43960,0.1253833
 1.44072,0.1257991
 1.44184,0.1255020
 1.44296,0.1254674
 1.44408,0.1256733
 1.44520,0.1252173
 1.44632,0.1243474
 1.44744,0.1245560
 1.44856,0.1252248
 1.44968,0.1244404
 1.45080,0.1232295
 1.45192,0.1234780
 1.45304,0.1242098
 1.45416,0.1254555
 1.45528,0.1266563
 1.45640,0.1269238
 1.45752,0.1267548
 1.45864,0.1252999
 1.45976,0.1240175
 1.46088,0.1239052
 1.46200,0.1243063
 1.46312,0.1258728
 1.46424,0.1266480
 1.46536,0.1254452
 1.46648,0.1246486
 1.46760,0.1247601
 1.46872,0.1245695
 1.46984,0.1238790
 1.47096,0.1238260
 1.47208,0.1245930
 1.47320,0.1253485
 1.47432,0.1260877
 1.47544,0.1260409
 1.47656,0.1253115
 1.47768,0.1252214
 1.47880,0.1255979
 1.47992,0.1254605
 1.48104,0.1249981
 1.48216,0.1246736
 1.48328,0.1244388
 1.48440,0.1246386
 1.48552,0.1250278
 1.48664,0.1248117
 1.48776,0.1243542
 1.48888,0.1244258
 1.49000,0.1246564
 1.49112,0.1240219
 1.49224,0.1231750
 1.49336,0.1238013
 1.49448,0.1248359
 1.49560,0.1248159
 1.49672,0.1244982
 1.49784,0.1245261
 1.49896,0.1246426
 1.50008,0.1246341
 1.50120,0.1245657
 1.50232,0.1242319
 1.50344,0.1238620
 1.50456,0.1238211
 1.50568,0.1238563
 1.50680,0.1238217
 1.50792,0.1237759
 1.50904,0.1237877
 1.51016,0.1238378
 1.51128,0.1241129
 1.51240,0.1244132
 1.51352,0.1244346
 1.51464,0.1243709
 1.51576,0.1241440
 1.51688,0.1238614
 1.51800,0.1234320
 1.51912,0.1229836
 1.52024,0.1227429
 1.52136,0.1226225
 1.52248,0.1232335
 1.52360,0.1239804
 1.52472,0.1238438
 1.52584,0.1234576
 1.52696,0.1232933
 1.52808,0.1232112
 1.52920,0.1233025
 1.53032,0.1234490
 1.53144,0.1234962
 1.53256,0.1235223
 1.53368,0.1239367
 1.53480,0.1244776
 1.53592,0.1239417
 1.53704,0.1229279
 1.53816,0.1230722
 1.53928,0.1238203
 1.54040,0.1239163
 1.54152,0.1236197
 1.54264,0.1237185
 1.54376,0.1240924
 1.54488,0.1241952
 1.54600,0.1240752
 1.54712,0.1238199
 1.54824,0.1234318
 1.54936,0.1232876
 1.55048,0.1234382
 1.55160,0.1235058
 1.55272,0.1234503
 1.55384,0.1231657
 1.55496,0.1224761
 1.55608,0.1221719
 1.55720,0.1227268
 1.55832,0.1229132
 1.55944,0.1220288
 1.56056,0.1213865
 1.56168,0.1217585
 1.56280,0.1221272
 1.56392,0.1221252
 1.56504,0.1220666
 1.56616,0.1219293
 1.56728,0.1218064
 1.56840,0.1218906
 1.56952,0.1220367
 1.57064,0.1223891
 1.57176,0.1227833
 1.57288,0.1228979
 1.57400,0.1229052
 1.57512,0.1227635
 1.57624,0.1225493
 1.57736,0.1223960
 1.57848,0.1222829
 1.57960,0.1222129
 1.58072,0.1221826
 1.58184,0.1222318
 1.58296,0.1223873
 1.58408,0.1225016
 1.58520,0.1225370
 1.58632,0.1225105
 1.58744,0.1223254
 1.58856,0.1220913
 1.58968,0.1217055
 1.59080,0.1213000
 1.59192,0.1208645
 1.59304,0.1205124
 1.59416,0.1209324
 1.59528,0.1214973
 1.59640,0.1215013
 1.59752,0.1213125
 1.59864,0.1211689
 1.59976,0.1210490
 1.60088,0.1210906
 1.60200,0.1212581
 1.60312,0.1212499
 1.60424,0.1210236
 1.60536,0.1209549
 1.60648,0.1211904
 1.60760,0.1214547
 1.60872,0.1217826
 1.60984,0.1220750
 1.61096,0.1221793
 1.61208,0.1222474
 1.61320,0.1222168
 1.61432,0.1221408
 1.61544,0.1216676
 1.61656,0.1210610
 1.61768,0.1209336
 1.61880,0.1210846
 1.61992,0.1210530
 1.62104,0.1208418
 1.62216,0.1206647
 1.62328,0.1205448
 1.62440,0.1205529
 1.62552,0.1209198
 1.62664,0.1212109
 1.62776,0.1210286
 1.62888,0.1208135
 1.63000,0.1208807
 1.63112,0.1210156
 1.63224,0.1211126
 1.63336,0.1211935
 1.63448,0.1212862
 1.63560,0.1213877
 1.63672,0.1210992
 1.63784,0.1202586
 1.63896,0.1197398
 1.64008,0.1200447
 1.64120,0.1203465
 1.64232,0.1204492
 1.64344,0.1204753
 1.64456,0.1200033
 1.64568,0.1194289
 1.64680,0.1195109
 1.64792,0.1198971
 1.64904,0.1205284
 1.65016,0.1213764
 1.65128,0.1217207
 1.65240,0.1211708
 1.65352,0.1206795
 1.65464,0.1204441
 1.65576,0.1201947
 1.65688,0.1197049
 1.65800,0.1192248
 1.65912,0.1198045
 1.66024,0.1207854
 1.66136,0.1210277
 1.66248,0.1207060
 1.66360,0.1204365
 1.66472,0.1202512
 1.66584,0.1200314
 1.66696,0.1196954
 1.66808,0.1194842
 1.66920,0.1202270
 1.67032,0.1211194
 1.67144,0.1211455
 1.67256,0.1208094
 1.67368,0.1202993
 1.67480,0.1196341
 1.67592,0.1191810
 1.67704,0.1191487
 1.67816,0.1192221
 1.67928,0.1196972
 1.68040,0.1201883
 1.68152,0.1203543
 1.68264,0.1204216
 1.68376,0.1198972
 1.68488,0.1190183
 1.68600,0.1186124
 1.68712,0.1188806
 1.68824,0.1191586
 1.68936,0.1194518
 1.69048,0.1196782
 1.69160,0.1193654
 1.69272,0.1189564
 1.69384,0.1192636
 1.69496,0.1199276
 1.69608,0.1200985
 1.69720,0.1196651
 1.69832,0.1194536
 1.69944,0.1198912
 1.70056,0.1203353
 1.70168,0.1205205
 1.70280,0.1206439
 1.70392,0.1204438
 1.70504,0.1200835
 1.70616,0.1201877
 1.70728,0.1208844
 1.70840,0.1213057
 1.70952,0.1208479
 1.71064,0.1203996
 1.71176,0.1206085
 1.71288,0.1209686
 1.71400,0.1211490
 1.71512,0.1212229
 1.71624,0.1213300
 1.71736,0.1214907
 1.71848,0.1216358
 1.71960,0.1217118
 1.72072,0.1217721
 1.72184,0.1217173
 1.72296,0.1216254
 1.72408,0.1218885
 1.72520,0.1224613
 1.72632,0.1228045
 1.72744,0.1225879
 1.72856,0.1223623
 1.72968,0.1222495
 1.73080,0.1221583
 1.73192,0.1220686
 1.73304,0.1219797
 1.73416,0.1218787
 1.73528,0.1217585
 1.73640,0.1216518
 1.73752,0.1216066
 1.73864,0.1215741
 1.73976,0.1216424
 1.74088,0.1217488
 1.74200,0.1220921
 1.74312,0.1227030
 1.74424,0.1231953
 1.74536,0.1232944
 1.74648,0.1232998
 1.74760,0.1225585
 1.74872,0.1216012
 1.74984,0.1220995
 1.75096,0.1238859
 1.75208,0.1249091
 1.75320,0.1237935
 1.75432,0.1226016
 1.75544,0.1219102
 1.75656,0.1213505
 1.75768,0.1220060
 1.75880,0.1236018
 1.75992,0.1247890
 1.76104,0.1249248
 1.76216,0.1249589
 1.76328,0.1245494
 1.76440,0.1240349
 1.76552,0.1239853
 1.76664,0.1242953
 1.76776,0.1242458
 1.76888,0.1232421
 1.77000,0.1223047
 1.77112,0.1225574
 1.77224,0.1231201
 1.77336,0.1239709
 1.77448,0.1250714
 1.77560,0.1255587
 1.77672,0.1241854
 1.77784,0.1228435
 1.77896,0.1235956
 1.78008,0.1249966
 1.78120,0.1252664
 1.78232,0.1242924
 1.78344,0.1235940
 1.78456,0.1239856
 1.78568,0.1244615
 1.78680,0.1243439
 1.78792,0.1239843
 1.78904,0.1235514
 1.79016,0.1230036
 1.79128,0.1226867
 1.79240,0.1237003
 1.79352,0.1249037
 1.79464,0.1246662
 1.79576,0.1235595
 1.79688,0.1229587
 1.79800,0.1235613
 1.79912,0.1241754
 1.80024,0.1243739
 1.80136,0.1244623
 1.80248,0.1246897
 1.80360,0.1250626
 1.80472,0.1251015
 1.80584,0.1237717
 1.80696,0.1223440
 1.80808,0.1224123
 1.80920,0.1231818
 1.81032,0.1236265
 1.81144,0.1234312
 1.81256,0.1232509
 1.81368,0.1233491
 1.81480,0.1235119
 1.81592,0.1233881
 1.81704,0.1229907
 1.81816,0.1228562
 1.81928,0.1237922
 1.82040,0.1248168
 1.82152,0.1249327
 1.82264,0.1245958
 1.82376,0.1242927
 1.82488,0.1240638
 1.82600,0.1238956
 1.82712,0.1243759
 1.82824,0.1250368
 1.82936,0.1253471
 1.83048,0.1252160
 1.83160,0.1250668
 1.83272,0.1248236
 1.83384,0.1245675
 1.83496,0.1245731
 1.83608,0.1247671
 1.83720,0.1250201
 1.83832,0.1254732
 1.83944,0.1259355
 1.84056,0.1261996
 1.84168,0.1263741
 1.84280,0.1259732
 1.84392,0.1243077
 1.84504,0.1227433
 1.84616,0.1230280
 1.84728,0.1238718
 1.84840,0.1241434
 1.84952,0.1235574
 1.85064,0.1230934
 1.85176,0.1236265
 1.85288,0.1243676
 1.85400,0.1253449
 1.85512,0.1265712
 1.85624,0.1274787
 1.85736,0.1266943
 1.85848,0.1256627
 1.85960,0.1248681
 1.86072,0.1242545
 1.86184,0.1238520
 1.86296,0.1242977
 1.86408,0.1248325
 1.86520,0.1253765
 1.86632,0.1259259
 1.86744,0.1262403
 1.86856,0.1257866
 1.86968,0.1252906
 1.87080,0.1254187
 1.87192,0.1258598
 1.87304,0.1259661
 1.87416,0.1251401
 1.87528,0.1242852
 1.87640,0.1241096
 1.87752,0.1242338
 1.87864,0.1244165
 1.87976,0.1247461
 1.88088,0.1250943
 1.88200,0.1256953
 1.88312,0.1263994
 1.88424,0.1264914
 1.88536,0.1251096
 1.88648,0.1237290
 1.88760,0.1236694
 1.88872,0.1241262
 1.88984,0.1243549
 1.89096,0.1240382
 1.89208,0.1237173
 1.89320,0.1238147
 1.89432,0.1240816
 1.89544,0.1241274
 1.89656,0.1236208
 1.89768,0.1231036
 1.89880,0.1229808
 1.89992,0.1230300
 1.90104,0.1232393
 1.90216,0.1238889
 1.90328,0.1245540
 1.90440,0.1248720
 1.90552,0.1250182
 1.90664,0.1250097
 1.90776,0.1245084
 1.90888,0.1239875
 1.91000,0.1244956
 1.91112,0.1256089
 1.91224,0.1262933
 1.91336,0.1252969
 1.91448,0.1241343
 1.91560,0.1237674
 1.91672,0.1239923
 1.91784,0.1242876
 1.91896,0.1249431
 1.92008,0.1256496
 1.92120,0.1257370
 1.92232,0.1251944
 1.92344,0.1246570
 1.92456,0.1241590
 1.92568,0.1236688
 1.92680,0.1236170
 1.92792,0.1242060
 1.92904,0.1247269
 1.93016,0.1243532
 1.93128,0.1237156
 1.93240,0.1233232
 1.93352,0.1234600
 1.93464,0.1236322
 1.93576,0.1242660
 1.93688,0.1251048
 1.93800,0.1256642
 1.93912,0.1253054
 1.94024,0.1248790
 1.94136,0.1250464
 1.94248,0.1256335
 1.94360,0.1259249
 1.94472,0.1245692
 1.94584,0.1229589
 1.94696,0.1225672
 1.94808,0.1236888
 1.94920,0.1247506
 1.95032,0.1250959
 1.95144,0.1252414
 1.95256,0.1249969
 1.95368,0.1238896
 1.95480,0.1227816
 1.95592,0.1227591
 1.95704,0.1232775
 1.95816,0.1238228
 1.95928,0.1244801
 1.96040,0.1251497
 1.96152,0.1251587
 1.96264,0.1245092
 1.96376,0.1239947
 1.96488,0.1247227
 1.96600,0.1257519
 1.96712,0.1262568
 1.96824,0.1256706
 1.96936,0.1250652
 1.97048,0.1249925
 1.97160,0.1251870
 1.97272,0.1252733
 1.97384,0.1248775
 1.97496,0.1244238
 1.97608,0.1245026
 1.97720,0.1251955
 1.97832,0.1257858
 1.97944,0.1251078
 1.98056,0.1240535
 1.98168,0.1234130
 1.98280,0.1238838
 1.98392,0.1244127
 1.98504,0.1245363
 1.98616,0.1243755
 1.98728,0.1242940
 1.98840,0.1247746
 1.98952,0.1253647
 1.99064,0.1256211
 1.99176,0.1252473
 1.99288,0.1248723
 1.99400,0.1249829
 1.99512,0.1253354
 1.99624,0.1254621
 1.99736,0.1244610
 1.99848,0.1233053
 1.99960,0.1231151
 2.00072,0.1243265
 2.00184,0.1254912
 2.00296,0.1253777
 2.00408,0.1247430
 2.00520,0.1244599
 2.00632,0.1256462
 2.00744,0.1269947
 2.00856,0.1270341
 2.00968,0.1254150
 2.01080,0.1238839
 2.01192,0.1240712
 2.01304,0.1249023
 2.01416,0.1254212
 2.01528,0.1247009
 2.01640,0.1238528
 2.01752,0.1235849
 2.01864,0.1240474
 2.01976,0.1245040
 2.02088,0.1247964
 2.02200,0.1250246
 2.02312,0.1251689
 2.02424,0.1249485
 2.02536,0.1246858
 2.02648,0.1246070
 2.02760,0.1247901
 2.02872,0.1249742
 2.02984,0.1251270
 2.03096,0.1252656
 2.03208,0.1252776
 2.03320,0.1246079
 2.03432,0.1238367
 2.03544,0.1233122
 2.03656,0.1232392
 2.03768,0.1231799
 2.03880,0.1233903
 2.03992,0.1237634
 2.04104,0.1240766
 2.04216,0.1239167
 2.04328,0.1236556
 2.04440,0.1236965
 2.04552,0.1245339
 2.04664,0.1254133
 2.04776,0.1254944
 2.04888,0.1248341
 2.05000,0.1241977
 2.05112,0.1239294
 2.05224,0.1237862
 2.05336,0.1236943
 2.05448,0.1238259
 2.05560,0.1239833
 2.05672,0.1240572
 2.05784,0.1239916
 2.05896,0.1239238
 2.06008,0.1238564
 2.06120,0.1237891
 2.06232,0.1237184
 2.06344,0.1236163
 2.06456,0.1235068
 2.06568,0.1233449
 2.06680,0.1230166
 2.06792,0.1226761
 2.06904,0.1227073
 2.07016,0.1232156
 2.07128,0.1237105
 2.07240,0.1236724
 2.07352,0.1233703
 2.07464,0.1230667
 2.07576,0.1227520
 2.07688,0.1224351
 2.07800,0.1222031
 2.07912,0.1222210
 2.08024,0.1222552
 2.08136,0.1222379
 2.08248,0.1221557
 2.08360,0.1220845
 2.08472,0.1224466
 2.08584,0.1230313
 2.08696,0.1235424
 2.08808,0.1234349
 2.08920,0.1231878
 2.09032,0.1230276
 2.09144,0.1231602
 2.09256,0.1233165
 2.09368,0.1234001
 2.09480,0.1233696
 2.09592,0.1233365
 2.09704,0.1231775
 2.09816,0.1229339
 2.09928,0.1226927
 2.10040,0.1224837
 2.10152,0.1222849
 2.10264,0.1220981
 2.10376,0.1219723
 2.10488,0.1218551
 2.10600,0.1218944
 2.10712,0.1223081
 2.10824,0.1227380
 2.10936,0.1226286
 2.11048,0.1219014
 2.11160,0.1211967
 2.11272,0.1215410
 2.11384,0.1224512
 2.11496,0.1232662
 2.11608,0.1230560
 2.11720,0.1225671
 2.11832,0.1221331
 2.11944,0.1219557
 2.12056,0.1218109
 2.12168,0.1216990
 2.12280,0.1216664
 2.12392,0.1216374
 2.12504,0.1216494
 2.12616,0.1217129
 2.12728,0.1217761
 2.12840,0.1218063
 2.12952,0.1218158
 2.13064,0.1218307
 2.13176,0.1219278
 2.13288,0.1220527
 2.13400,0.1222013
 2.13512,0.1225033
 2.13624,0.1228329
 2.13736,0.1229941
 2.13848,0.1225770
 2.13960,0.1221114
 2.14072,0.1217925
 2.14184,0.1217573
 2.14296,0.1217293
 2.14408,0.1217188
 2.14520,0.1217272
 2.14632,0.1217357
 2.14744,0.1217516
 2.14856,0.1217720
 2.14968,0.1218026
 2.15080,0.1220024
 2.15192,0.1222622
 2.15304,0.1224767
 2.15416,0.1223450
 2.15528,0.1221410
 2.15640,0.1219792
 2.15752,0.1219999
 2.15864,0.1220419
 2.15976,0.1221295
 2.16088,0.1223375
 2.16200,0.1225519
 2.16312,0.1224239
 2.16424,0.1217353
 2.16536,0.1210387
 2.16648,0.1207786
 2.16760,0.1209565
 2.16872,0.1211330
 2.16984,0.1211915
 2.17096,0.1211761
 2.17208,0.1211854
 2.17320,0.1217249
 2.17432,0.1224794
 2.17544,0.1231468
 2.17656,0.1228923
 2.17768,0.1223903
 2.17880,0.1218817
 2.17992,0.1213317
 2.18104,0.1207744
 2.18216,0.1203481
 2.18328,0.1204620
 2.18440,0.1206344
 2.18552,0.1207139
 2.18664,0.1205294
 2.18776,0.1203288
 2.18888,0.1203107
 2.19000,0.1206590
 2.19112,0.1210175
 2.19224,0.1212662
 2.19336,0.1213587
 2.19448,0.1214499
 2.19560,0.1214726
 2.19672,0.1214270
 2.19784,0.1213811
 2.19896,0.1212847
 2.20008,0.1211525
 2.20120,0.1210308
 2.20232,0.1213420
 2.20344,0.1218796
 2.20456,0.1223850
 2.20568,0.1222138
 2.20680,0.1217716
 2.20792,0.1213802
 2.20904,0.1216501
 2.21016,0.1221237
 2.21128,0.1225107
 2.21240,0.1221202
 2.21352,0.1215448
 2.21464,0.1210831
 2.21576,0.1213801
 2.21688,0.1218170
 2.21800,0.1220818
 2.21912,0.1214575
 2.22024,0.1207067
 2.22136,0.1201470
 2.22248,0.1203749
 2.22360,0.1206885
 2.22472,0.1210728
 2.22584,0.1216957
 2.22696,0.1223380
 2.22808,0.1226125
 2.22920,0.1218372
 2.23032,0.1209972
 2.23144,0.1204377
 2.23256,0.1205617
 2.23368,0.1207166
 2.23480,0.1207251
 2.23592,0.1204256
 2.23704,0.1201162
 2.23816,0.1200500
 2.23928,0.1204343
 2.24040,0.1208286
 2.24152,0.1210509
 2.24264,0.1209880
 2.24376,0.1209209
 2.24488,0.1208719
 2.24600,0.1208501
 2.24712,0.1208285
 2.24824,0.1209623
 2.24936,0.1213090
 2.25048,0.1216570
 2.25160,0.1217451
 2.25272,0.1215018
 2.25384,0.1212573
 2.25496,0.1212354
 2.25608,0.1214826
 2.25720,0.1217305
 2.25832,0.1217189
 2.25944,0.1214041
 2.26056,0.1210889
 2.26168,0.1208381
 2.26280,0.1206601
 2.26392,0.1204821
 2.26504,0.1202548
 2.26616,0.1199725
 2.26728,0.1196902
 2.26840,0.1196379
 2.26952,0.1198440
 2.27064,0.1200502
 2.27176,0.1203557
 2.27288,0.1207756
 2.27400,0.1211957
 2.27512,0.1211964
 2.27624,0.1206932
 2.27736,0.1201889
 2.27848,0.1198719
 2.27960,0.1197937
 2.28072,0.1197164
 2.28184,0.1198321
 2.28296,0.1202141
 2.28408,0.1205978
 2.28520,0.1206297
 2.28632,0.1201343
 2.28744,0.1196337
 2.28856,0.1194924
 2.28968,0.1199508
 2.29080,0.1204183
 2.29192,0.1210162
 2.29304,0.1218599
 2.29416,0.1227094
 2.29528,0.1231219
 2.29640,0.1226023
 2.29752,0.1220518
 2.29864,0.1215825
 2.29976,0.1213121
 2.30088,0.1210509
 2.30200,0.1208658
 2.30312,0.1209008
 2.30424,0.1209497
 2.30536,0.1209581
 2.30648,0.1208266
 2.30760,0.1206833
 2.30872,0.1205723
 2.30984,0.1205984
 2.31096,0.1206398
 2.31208,0.1207219
 2.31320,0.1210188
 2.31432,0.1213469
 2.31544,0.1217185
 2.31656,0.1223889
 2.31768,0.1231158
 2.31880,0.1237671
 2.31992,0.1237099
 2.32104,0.1234787
 2.32216,0.1232690
 2.32328,0.1233510
 2.32440,0.1235251
 2.32552,0.1236705
 2.32664,0.1231621
 2.32776,0.1223822
 2.32888,0.1216153
 2.33000,0.1214812
 2.33112,0.1216971
 2.33224,0.1219133
 2.33336,0.1221835
 2.33448,0.1224948
 2.33560,0.1228060
 2.33672,0.1228257
 2.33784,0.1225315
 2.33896,0.1222373
 2.34008,0.1220846
 2.34120,0.1221525
 2.34232,0.1222230
 2.34344,0.1220803
 2.34456,0.1214689
 2.34568,0.1208407
 2.34680,0.1206023
 2.34792,0.1215987
 2.34904,0.1226862
 2.35016,0.1235340
 2.35128,0.1232557
 2.35240,0.1228335
 2.35352,0.1225160
 2.35464,0.1229802
 2.35576,0.1236042
 2.35688,0.1241635
 2.35800,0.1238457
 2.35912,0.1232511
 2.36024,0.1226690
 2.36136,0.1224987
 2.36248,0.1225274
 2.36360,0.1225540
 2.36472,0.1221573
 2.36584,0.1214416
 2.36696,0.1207258
 2.36808,0.1204548
 2.36920,0.1207470
 2.37032,0.1210412
 2.37144,0.1213591
 2.37256,0.1217261
 2.37368,0.1220947
 2.37480,0.1223022
 2.37592,0.1219670
 2.37704,0.1215876
 2.37816,0.1213434
 2.37928,0.1218844
 2.38040,0.1225521
 2.38152,0.1231614
 2.38264,0.1230990
 2.38376,0.1228457
 2.38488,0.1225971
 2.38600,0.1225058
 2.38712,0.1224916
 2.38824,0.1224773
 2.38936,0.1223636
 2.39048,0.1221631
 2.39160,0.1219626
 2.39272,0.1217799
 2.39384,0.1216259
 2.39496,0.1214723
 2.39608,0.1216111
 2.39720,0.1226049
 2.39832,0.1236539
 2.39944,0.1244863
 2.40056,0.1241209
 2.40168,0.1235718
 2.40280,0.1230472
 2.40392,0.1228308
 2.40504,0.1227077
 2.40616,0.1225998
 2.40728,0.1233142
 2.40840,0.1244975
 2.40952,0.1256808
 2.41064,0.1260156
 2.41176,0.1253649
 2.41288,0.1247129
 2.41400,0.1240752
 2.41512,0.1234703
 2.41624,0.1228666
 2.41736,0.1223954
 2.41848,0.1225379
 2.41960,0.1227575
 2.42072,0.1229440
 2.42184,0.1227596
 2.42296,0.1224718
 2.42408,0.1221931
 2.42520,0.1223833
 2.42632,0.1228377
 2.42744,0.1232921
 2.42856,0.1233523
 2.42968,0.1229196
 2.43080,0.1224855
 2.43192,0.1223263
 2.43304,0.1229146
 2.43416,0.1235449
 2.43528,0.1240404
 2.43640,0.1237120
 2.43752,0.1232437
 2.43864,0.1228137
 2.43976,0.1231315
 2.44088,0.1237381
 2.44200,0.1243441
 2.44312,0.1244808
 2.44424,0.1242051
 2.44536,0.1239293
 2.44648,0.1237831
 2.44760,0.1239081
 2.44872,0.1240417
 2.44984,0.1242746
 2.45096,0.1249931
 2.45208,0.1257766
 2.45320,0.1264882
 2.45432,0.1260958
 2.45544,0.1253282
 2.45656,0.1245622
 2.45768,0.1244664
 2.45880,0.1249248
 2.45992,0.1253833
 2.46104,0.1258839
 2.46216,0.1264735
 2.46328,0.1270659
 2.46440,0.1274465
 2.46552,0.1267032
 2.46664,0.1257951
 2.46776,0.1249101
 2.46888,0.1244827
 2.47000,0.1242329
 2.47112,0.1239832
 2.47224,0.1238960
 2.47336,0.1239765
 2.47448,0.1240570
 2.47560,0.1242085
 2.47672,0.1245541
 2.47784,0.1249107
 2.47896,0.1252056
 2.48008,0.1250130
 2.48120,0.1247159
 2.48232,0.1244244
 2.48344,0.1244469
 2.48456,0.1246520
 2.48568,0.1248570
 2.48680,0.1255609
 2.48792,0.1271128
 2.48904,0.1286787
 2.49016,0.1297812
 2.49128,0.1286618
 2.49240,0.1272518
 2.49352,0.1258992
 2.49464,0.1257720
 2.49576,0.1261385
 2.49688,0.1265050
 2.49800,0.1265207
 2.49912,0.1261120
 2.50024,0.1257024
 2.50136,0.1254319
 2.50248,0.1256540
 2.50360,0.1259193
 2.50472,0.1261880
 2.50584,0.1265035
 2.50696,0.1268337
 2.50808,0.1271638
 2.50920,0.1270026
 2.51032,0.1263588
 2.51144,0.1257149
 2.51256,0.1252228
 2.51368,0.1252053
 2.51480,0.1252221
 2.51592,0.1253010
 2.51704,0.1261284
 2.51816,0.1271751
 2.51928,0.1282217
 2.52040,0.1282002
 2.52152,0.1271589
 2.52264,0.1261175
 2.52376,0.1254774
 2.52488,0.1261160
 2.52600,0.1268499
 2.52712,0.1274913
 2.52824,0.1268788
 2.52936,0.1258706
 2.53048,0.1248624
 2.53160,0.1249631
 2.53272,0.1262827
 2.53384,0.1276031
 2.53496,0.1286029
 2.53608,0.1283709
 2.53720,0.1280172
 2.53832,0.1276729
 2.53944,0.1275245
 2.54056,0.1274540
 2.54168,0.1273836
 2.54280,0.1272867
 2.54392,0.1271500
 2.54504,0.1270130
 2.54616,0.1269229
 2.54728,0.1270906
 2.54840,0.1272976
 2.54952,0.1274917
 2.55064,0.1269418
 2.55176,0.1259598
 2.55288,0.1249778
 2.55400,0.1243462
 2.55512,0.1245285
 2.55624,0.1247438
 2.55736,0.1249862
 2.55848,0.1255060
 2.55960,0.1260985
 2.56072,0.1266909
 2.56184,0.1270783
 2.56296,0.1272495
 2.56408,0.1274207
 2.56520,0.1274535
 2.56632,0.1269044
 2.56744,0.1262905
 2.56856,0.1256856
 2.56968,0.1253986
 2.57080,0.1252689
 2.57192,0.1251392
 2.57304,0.1252737
 2.57416,0.1259783
 2.57528,0.1267024
 2.57640,0.1273709
 2.57752,0.1274671
 2.57864,0.1274125
 2.57976,0.1273579
 2.58088,0.1270221
 2.58200,0.1263575
 2.58312,0.1256924
 2.58424,0.1251508
 2.58536,0.1252427
 2.58648,0.1254241
 2.58760,0.1256121
 2.58872,0.1264193
 2.58984,0.1276318
 2.59096,0.1288443
 2.59208,0.1294852
 2.59320,0.1283702
 2.59432,0.1271322
 2.59544,0.1259415
 2.59656,0.1258265
 2.59768,0.1261583
 2.59880,0.1264901
 2.59992,0.1269699
 2.60104,0.1277500
 2.60216,0.1285388
 2.60328,0.1291973
 2.60440,0.1283707
 2.60552,0.1271249
 2.60664,0.1258790
 2.60776,0.1251116
 2.60888,0.1250258
 2.61000,0.1249450
 2.61112,0.1249092
 2.61224,0.1252066
 2.61336,0.1255716
 2.61448,0.1259366
 2.61560,0.1264739
 2.61672,0.1271916
 2.61784,0.1279093
 2.61896,0.1284563
 2.62008,0.1280581
 2.62120,0.1275151
 2.62232,0.1269727
 2.62344,0.1267218
 2.62456,0.1267120
 2.62568,0.1267022
 2.62680,0.1265832
 2.62792,0.1259680
 2.62904,0.1252919
 2.63016,0.1246193
 2.63128,0.1244801
 2.63240,0.1247225
 2.63352,0.1249650
 2.63464,0.1250887
 2.63576,0.1247262
 2.63688,0.1243113
 2.63800,0.1239025
 2.63912,0.1241221
 2.64024,0.1247609
 2.64136,0.1253997
 2.64248,0.1258439
 2.64360,0.1255161
 2.64472,0.1251087
 2.64584,0.1247108
 2.64696,0.1252863
 2.64808,0.1265109
 2.64920,0.1277355
 2.65032,0.1286370
 2.65144,0.1282066
 2.65256,0.1276317
 2.65368,0.1270600
 2.65480,0.1270030
 2.65592,0.1273167
 2.65704,0.1276303
 2.65816,0.1278346
 2.65928,0.1275312
 2.66040,0.1271640
 2.66152,0.1267970
 2.66264,0.1266136
 2.66376,0.1265873
 2.66488,0.1265610
 2.66600,0.1265121
 2.66712,0.1263351
 2.66824,0.1261379
 2.66936,0.1259407
 2.67048,0.1259526
 2.67160,0.1261913
 2.67272,0.1264300
 2.67384,0.1267052
 2.67496,0.1272631
 2.67608,0.1278808
 2.67720,0.1284985
 2.67832,0.1287423
 2.67944,0.1284327
 2.68056,0.1281181
 2.68168,0.1277752
 2.68280,0.1270854
 2.68392,0.1262926
 2.68504,0.1254998
 2.68616,0.1249967
 2.68728,0.1251155
 2.68840,0.1252551
 2.68952,0.1254010
 2.69064,0.1257112
 2.69176,0.1260939
 2.69288,0.1264766
 2.69400,0.1267214
 2.69512,0.1265129
 2.69624,0.1262689
 2.69736,0.1260258
 2.69848,0.1259112
 2.69960,0.1258876
 2.70072,0.1258639
 2.70184,0.1257752
 2.70296,0.1253163
 2.70408,0.1247990
 2.70520,0.1242818
 2.70632,0.1243293
 2.70744,0.1251115
 2.70856,0.1258967
 2.70968,0.1265836
 2.71080,0.1260612
 2.71192,0.1251801
 2.71304,0.1242990
 2.71416,0.1238824
 2.71528,0.1245913
 2.71640,0.1253503
 2.71752,0.1261011
 2.71864,0.1264065
 2.71976,0.1264579
 2.72088,0.1265093
 2.72200,0.1265479
 2.72312,0.1265230
 2.72424,0.1264895
 2.72536,0.1264561
 2.72648,0.1265356
 2.72760,0.1267565
 2.72872,0.1269778
 2.72984,0.1271728
 2.73096,0.1270129
 2.73208,0.1267408
 2.73320,0.1264687
 2.73432,0.1262624
 2.73544,0.1262414
 2.73656,0.1262317
 2.73768,0.1262235
 2.73880,0.1264775
 2.73992,0.1269227
 2.74104,0.1273680
 2.74216,0.1277446
 2.74328,0.1276194
 2.74440,0.1273938
 2.74552,0.1271681
 2.74664,0.1270215
 2.74776,0.1270276
 2.74888,0.1270377
 2.75000,0.1270459
 2.75112,0.1269784
 2.75224,0.1268711
 2.75336,0.1267639
 2.75448,0.1266523
 2.75560,0.1265178
 2.75672,0.1263798
 2.75784,0.1262419
 2.75896,0.1260332
 2.76008,0.1257138
 2.76120,0.1253931
 2.76232,0.1250862
 2.76344,0.1251666
 2.76456,0.1254232
 2.76568,0.1256798
 2.76680,0.1258955
 2.76792,0.1259150
 2.76904,0.1259088
 2.77016,0.1259026
 2.77128,0.1260719
 2.77240,0.1265059
 2.77352,0.1269426
 2.77464,0.1273621
 2.77576,0.1272883
 2.77688,0.1269874
 2.77800,0.1266865
 2.77912,0.1264415
 2.78024,0.1264852
 2.78136,0.1265701
 2.78248,0.1266550
 2.78360,0.1269835
 2.78472,0.1277313
 2.78584,0.1284863
 2.78696,0.1292179
 2.78808,0.1288308
 2.78920,0.1278288
 2.79032,0.1268268
 2.79144,0.1259119
 2.79256,0.1255904
 2.79368,0.1253808
 2.79480,0.1251711
 2.79592,0.1250862
 2.79704,0.1252926
 2.79816,0.1255109
 2.79928,0.1257298
 2.80040,0.1261311
 2.80152,0.1266781
 2.80264,0.1272251
 2.80376,0.1277014
 2.80488,0.1273334
 2.80600,0.1267195
 2.80712,0.1261055
 2.80824,0.1257248
 2.80936,0.1261962
 2.81048,0.1267459
 2.81160,0.1272957
 2.81272,0.1275680
 2.81384,0.1274476
 2.81496,0.1273244
 2.81608,0.1271952
 2.81720,0.1268256
 2.81832,0.1263308
 2.81944,0.1258360
 2.82056,0.1254076
 2.82168,0.1254791
 2.82280,0.1256534
 2.82392,0.1258276
 2.82504,0.1259339
 2.82616,0.1258475
 2.82728,0.1257494
 2.82840,0.1256512
 2.82952,0.1259285
 2.83064,0.1266448
 2.83176,0.1273617
 2.83288,0.1280574
 2.83400,0.1281115
 2.83512,0.1278649
 2.83624,0.1276182
 2.83736,0.1273644
 2.83848,0.1270583
 2.83960,0.1267419
 2.84072,0.1264255
 2.84184,0.1261607
 2.84296,0.1260499
 2.84408,0.1259494
 2.84520,0.1258488
 2.84632,0.1257510
 2.84744,0.1256567
 2.84856,0.1255625
 2.84968,0.1254801
 2.85080,0.1260403
 2.85192,0.1269669
 2.85304,0.1278934
 2.85416,0.1286982
 2.85528,0.1282253
 2.85640,0.1274116
 2.85752,0.1265979
 2.85864,0.1259491
 2.85976,0.1260028
 2.86088,0.1261360
 2.86200,0.1262692
 2.86312,0.1264427
 2.86424,0.1266997
 2.86536,0.1269592
 2.86648,0.1272187
 2.86760,0.1273490
 2.86872,0.1273523
 2.86984,0.1273556
 2.87096,0.1273598
 2.87208,0.1273911
 2.87320,0.1274352
 2.87432,0.1274794
 2.87544,0.1274987
 2.87656,0.1272845
 2.87768,0.1270129
 2.87880,0.1267414
 2.87992,0.1265662
 2.88104,0.1268095
 2.88216,0.1271014
 2.88328,0.1273933
 2.88440,0.1274382
 2.88552,0.1269131
 2.88664,0.1263652
 2.88776,0.1258174
 2.88888,0.1255755
 2.89000,0.1257135
 2.89112,0.1258526
 2.89224,0.1259943
 2.89336,0.1263856
 2.89448,0.1269401
 2.89560,0.1274946
 2.89672,0.1280091
 2.89784,0.1278148
 2.89896,0.1273598
 2.90008,0.1269047
 2.90120,0.1264587
 2.90232,0.1260827
 2.90344,0.1257214
 2.90456,0.1253601
 2.90568,0.1251819
 2.90680,0.1257784
 2.90792,0.1264619
 2.90904,0.1271454
 2.91016,0.1275764
 2.91128,0.1273696
 2.91240,0.1271317
 2.91352,0.1268938
 2.91464,0.1265626
 2.91576,0.1260862
 2.91688,0.1256081
 2.91800,0.1251303
 2.91912,0.1253162
 2.92024,0.1261184
 2.92136,0.1269206
 2.92248,0.1277122
 2.92360,0.1279105
 2.92472,0.1277661
 2.92584,0.1276217
 2.92696,0.1274941
 2.92808,0.1276833
 2.92920,0.1279926
 2.93032,0.1283019
 2.93144,0.1285391
 2.93256,0.1280769
 2.93368,0.1274384
 2.93480,0.1267999
 2.93592,0.1262289
 2.93704,0.1260557
 2.93816,0.1259475
 2.93928,0.1258394
 2.94040,0.1257172
 2.94152,0.1255404
 2.94264,0.1253579
 2.94376,0.1251755
 2.94488,0.1251378
 2.94600,0.1254983
 2.94712,0.1258816
 2.94824,0.1262650
 2.94936,0.1263694
 2.95048,0.1259175
 2.95160,0.1254503
 2.95272,0.1249831
 2.95384,0.1248398
 2.95496,0.1251640
 2.95608,0.1254921
 2.95720,0.1258201
 2.95832,0.1262152
 2.95944,0.1266815
 2.96056,0.1271478
 2.96168,0.1276129
 2.96280,0.1277719
 2.96392,0.1276940
 2.96504,0.1276161
 2.96616,0.1275379
 2.96728,0.1274360
 2.96840,0.1273199
 2.96952,0.1272038
 2.97064,0.1270828
 2.97176,0.1268055
 2.97288,0.1264535
 2.97400,0.1261015
 2.97512,0.1257693
 2.97624,0.1258222
 2.97736,0.1260238
 2.97848,0.1262254
 2.97960,0.1264217
 2.98072,0.1265442
 2.98184,0.1266430
 2.98296,0.1267418
 2.98408,0.1268720
 2.98520,0.1273377
 2.98632,0.1278941
 2.98744,0.1284505
 2.98856,0.1288800
 2.98968,0.1282066
 2.99080,0.1272776
 2.99192,0.1263486
 2.99304,0.1255694
 2.99416,0.1258914
 2.99528,0.1264355
 2.99640,0.1269795
 2.99752,0.1274184
 2.99864,0.1271918
 2.99976,0.1268484
 3.00088,0.1265049
 3.00200,0.1262769
 3.00312,0.1267104
 3.00424,0.1272491
 3.00536,0.1277879
 3.00648,0.1282570
 3.00760,0.1283537
 3.00872,0.1283954
 3.00984,0.1284371
 3.01096,0.1283085
 3.01208,0.1273179
 3.01320,0.1262073
 3.01432,0.1250968
 3.01544,0.1242614
 3.01656,0.1247814
 3.01768,0.1254841
 3.01880,0.1261869
 3.01992,0.1266594
 3.02104,0.1260126
 3.02216,0.1252171
 3.02328,0.1244216
 3.02440,0.1239033
 3.02552,0.1247501
 3.02664,0.1257810
 3.02776,0.1268118
 3.02888,0.1276162
 3.03000,0.1272585
 3.03112,0.1267367
 3.03224,0.1262148
 3.03336,0.1257642
 3.03448,0.1257043
 3.03560,0.1257040
 3.03672,0.1257036
 3.03784,0.1257346
 3.03896,0.1259504
 3.04008,0.1261964
 3.04120,0.1264425
 3.04232,0.1267032
 3.04344,0.1270613
 3.04456,0.1274372
 3.04568,0.1278131
 3.04680,0.1281031
 3.04792,0.1277421
 3.04904,0.1272462
 3.05016,0.1267503
 3.05128,0.1262871
 3.05240,0.1261191
 3.05352,0.1260217
 3.05464,0.1259243
 3.05576,0.1258168
 3.05688,0.1255936
 3.05800,0.1253378
 3.05912,0.1250820
 3.06024,0.1248588
 3.06136,0.1251303
 3.06248,0.1255690
 3.06360,0.1260076
 3.06472,0.1264378
 3.06584,0.1266777
 3.06696,0.1268385
 3.06808,0.1269993
 3.06920,0.1271597
 3.07032,0.1273027
 3.07144,0.1274370
 3.07256,0.1275712
 3.07368,0.1277010
 3.07480,0.1274414
 3.07592,0.1269301
 3.07704,0.1264188
 3.07816,0.1259079
 3.07928,0.1256410
 3.08040,0.1255829
 3.08152,0.1255247
 3.08264,0.1254666
 3.08376,0.1255530
 3.08488,0.1258094
 3.08600,0.1260661
 3.08712,0.1263229
 3.08824,0.1263505
 3.08936,0.1260077
 3.09048,0.1256598
 3.09160,0.1253119
 3.09272,0.1251865
 3.09384,0.1255564
 3.09496,0.1259445
 3.09608,0.1263325
 3.09720,0.1265978
 3.09832,0.1264766
 3.09944,0.1263272
 3.10056,0.1261778
 3.10168,0.1261047
 3.10280,0.1263786
 3.10392,0.1266951
 3.10504,0.1270116
 3.10616,0.1272768
 3.10728,0.1271782
 3.10840,0.1270088
 3.10952,0.1268393
 3.11064,0.1266678
 3.11176,0.1264703
 3.11288,0.1262650
 3.11400,0.1260596
 3.11512,0.1258578
 3.11624,0.1257554
 3.11736,0.1256986
 3.11848,0.1256417
 3.11960,0.1255852
 3.12072,0.1255728
 3.12184,0.1255924
 3.12296,0.1256119
 3.12408,0.1256315
 3.12520,0.1257968
 3.12632,0.1261396
 3.12744,0.1264828
 3.12856,0.1268259
 3.12968,0.1267863
 3.13080,0.1259785
 3.13192,0.1251491
 3.13304,0.1243197
 3.13416,0.1237460
 3.13528,0.1240338
 3.13640,0.1243917
 3.13752,0.1247497
 3.13864,0.1251025
 3.13976,0.1254254
 3.14088,0.1257434
 3.14200,0.1260613
 3.14312,0.1263313
 3.14424,0.1260059
 3.14536,0.1255028
 3.14648,0.1249997
 3.14760,0.1245072
 3.14872,0.1244599
 3.14984,0.1246471
 3.15096,0.1248342
 3.15208,0.1250213
 3.15320,0.1252155
 3.15432,0.1254165
 3.15544,0.1256176
 3.15656,0.1258187
 3.15768,0.1259794
 3.15880,0.1260630
 3.15992,0.1261447
 3.16104,0.1262264
 3.16216,0.1262495
 3.16328,0.1260609
 3.16440,0.1258532
 3.16552,0.1256455
 3.16664,0.1254500
 3.16776,0.1253487
 3.16888,0.1252669
 3.17000,0.1251852
 3.17112,0.1251014
 3.17224,0.1249711
 3.17336,0.1248215
 3.17448,0.1246718
 3.17560,0.1245226
 3.17672,0.1245857
 3.17784,0.1248292
 3.17896,0.1250728
 3.18008,0.1253164
 3.18120,0.1255270
 3.18232,0.1256767
 3.18344,0.1258250
 3.18456,0.1259733
 3.18568,0.1260190
 3.18680,0.1256625
 3.18792,0.1252653
 3.18904,0.1248680
 3.19016,0.1245159
 3.19128,0.1245974
 3.19240,0.1247874
 3.19352,0.1249775
 3.19464,0.1251708
 3.19576,0.1255248
 3.19688,0.1259683
 3.19800,0.1264118
 3.19912,0.1268553
 3.20024,0.1271145
 3.20136,0.1271274
 3.20248,0.1271391
 3.20360,0.1271508
 3.20472,0.1270308
 3.20584,0.1265066
 3.20696,0.1259539
 3.20808,0.1254013
 3.20920,0.1248989
 3.21032,0.1247927
 3.21144,0.1247714
 3.21256,0.1247500
 3.21368,0.1247272
 3.21480,0.1246466
 3.21592,0.1245360
 3.21704,0.1244254
 3.21816,0.1243147
 3.21928,0.1242137
 3.22040,0.1241258
 3.22152,0.1240379
 3.22264,0.1239500
 3.22376,0.1239353
 3.22488,0.1241715
 3.22600,0.1244287
 3.22712,0.1246859
 3.22824,0.1249120
 3.22936,0.1248181
 3.23048,0.1246397
 3.23160,0.1244614
 3.23272,0.1242855
 3.23384,0.1244314
 3.23496,0.1248031
 3.23608,0.1251748
 3.23720,0.1255465
 3.23832,0.1258525
 3.23944,0.1260269
 3.24056,0.1261976
 3.24168,0.1263683
 3.24280,0.1264632
 3.24392,0.1261329
 3.24504,0.1257365
 3.24616,0.1253401
 3.24728,0.1249514
 3.24840,0.1247773
 3.24952,0.1247008
 3.25064,0.1246243
 3.25176,0.1245478
 3.25288,0.1245862
 3.25400,0.1247841
 3.25512,0.1249829
 3.25624,0.1251818
 3.25736,0.1252635
 3.25848,0.1248618
 3.25960,0.1244076
 3.26072,0.1239534
 3.26184,0.1235311
 3.26296,0.1236755
 3.26408,0.1240282
 3.26520,0.1243810
 3.26632,0.1247337
 3.26744,0.1249439
 3.26856,0.1249874
 3.26968,0.1250306
 3.27080,0.1250738
 3.27192,0.1250884
 3.27304,0.1249967
 3.27416,0.1248949
 3.27528,0.1247931
 3.27640,0.1246923
 3.27752,0.1246093
 3.27864,0.1245327
 3.27976,0.1244560
 3.28088,0.1243794
 3.28200,0.1242998
 3.28312,0.1242167
 3.28424,0.1241335
 3.28536,0.1240504
 3.28648,0.1239961
 3.28760,0.1240624
 3.28872,0.1241421
 3.28984,0.1242217
 3.29096,0.1242962
 3.29208,0.1242452
 3.29320,0.1241404
 3.29432,0.1240356
 3.29544,0.1239308
 3.29656,0.1238168
 3.29768,0.1236880
 3.29880,0.1235589
 3.29992,0.1234299
 3.30104,0.1233673
 3.30216,0.1236959
 3.30328,0.1240885
 3.30440,0.1244811
 3.30552,0.1248688
 3.30664,0.1248908
 3.30776,0.1246851
 3.30888,0.1244794
 3.31000,0.1242737
 3.31112,0.1241017
 3.31224,0.1240135
 3.31336,0.1239293
 3.31448,0.1238450
 3.31560,0.1237939
 3.31672,0.1241267
 3.31784,0.1245692
 3.31896,0.1250117
 3.32008,0.1254542
 3.32120,0.1254838
 3.32232,0.1250276
 3.32344,0.1245705
 3.32456,0.1241134
 3.32568,0.1237286
 3.32680,0.1236949
 3.32792,0.1237078
 3.32904,0.1237208
 3.33016,0.1237439
 3.33128,0.1243583
 3.33240,0.1253163
 3.33352,0.1262742
 3.33464,0.1272322
 3.33576,0.1278437
 3.33688,0.1275420
 3.33800,0.1271918
 3.33912,0.1268415
 3.34024,0.1265098
 3.34136,0.1264562
 3.34248,0.1264959
 3.34360,0.1265356
 3.34472,0.1265753
 3.34584,0.1263957
 3.34696,0.1258746
 3.34808,0.1253495
 3.34920,0.1248244
 3.35032,0.1243455
 3.35144,0.1242143
 3.35256,0.1241546
 3.35368,0.1240949
 3.35480,0.1240352
 3.35592,0.1239375
 3.35704,0.1238027
 3.35816,0.1236679
 3.35928,0.1235330
 3.36040,0.1234355
 3.36152,0.1235194
 3.36264,0.1236274
 3.36376,0.1237353
 3.36488,0.1238433
 3.36600,0.1239431
 3.36712,0.1240374
 3.36824,0.1241317
 3.36936,0.1242260
 3.37048,0.1241959
 3.37160,0.1237198
 3.37272,0.1232039
 3.37384,0.1226879
 3.37496,0.1221877
 3.37608,0.1223806
 3.37720,0.1229452
 3.37832,0.1235099
 3.37944,0.1240745
 3.38056,0.1245944
 3.38168,0.1249825
 3.38280,0.1253622
 3.38392,0.1257418
 3.38504,0.1261002
 3.38616,0.1258270
 3.38728,0.1252594
 3.38840,0.1246919
 3.38952,0.1241244
 3.39064,0.1238076
 3.39176,0.1241601
 3.39288,0.1245489
 3.39400,0.1249378
 3.39512,0.1253155
 3.39624,0.1254112
 3.39736,0.1253840
 3.39848,0.1253568
 3.39960,0.1253296
 3.40072,0.1252122
 3.40184,0.1248570
 3.40296,0.1244891
 3.40408,0.1241213
 3.40520,0.1237540
 3.40632,0.1234033
 3.40744,0.1230600
 3.40856,0.1227168
 3.40968,0.1223735
 3.41080,0.1221072
 3.41192,0.1220590
 3.41304,0.1220241
 3.41416,0.1219892
 3.41528,0.1219645
 3.41640,0.1223355
 3.41752,0.1229097
 3.41864,0.1234839
 3.41976,0.1240581
 3.42088,0.1244974
 3.42200,0.1244792
 3.42312,0.1244234
 3.42424,0.1243677
 3.42536,0.1243127
 3.42648,0.1243292
 3.42760,0.1243912
 3.42872,0.1244532
 3.42984,0.1245153
 3.43096,0.1245043
 3.43208,0.1241700
 3.43320,0.1237973
 3.43432,0.1234245
 3.43544,0.1230522
 3.43656,0.1231118
 3.43768,0.1235537
 3.43880,0.1239955
 3.43992,0.1244373
 3.44104,0.1247950
 3.44216,0.1245954
 3.44328,0.1242937
 3.44440,0.1239920
 3.44552,0.1236903
 3.44664,0.1235071
 3.44776,0.1234892
 3.44888,0.1234725
 3.45000,0.1234558
 3.45112,0.1234449
 3.45224,0.1235066
 3.45336,0.1235899
 3.45448,0.1236731
 3.45560,0.1237563
 3.45672,0.1237755
 3.45784,0.1236477
 3.45896,0.1235142
 3.46008,0.1233806
 3.46120,0.1232469
 3.46232,0.1231072
 3.46344,0.1229645
 3.46456,0.1228218
 3.46568,0.1226791
 3.46680,0.1225721
 3.46792,0.1226143
 3.46904,0.1226730
 3.47016,0.1227317
 3.47128,0.1227904
 3.47240,0.1229671
 3.47352,0.1232606
 3.47464,0.1235541
 3.47576,0.1238477
 3.47688,0.1240937
 3.47800,0.1238949
 3.47912,0.1235869
 3.48024,0.1232789
 3.48136,0.1229709
 3.48248,0.1227341
 3.48360,0.1226513
 3.48472,0.1225736
 3.48584,0.1224960
 3.48696,0.1224246
 3.48808,0.1226248
 3.48920,0.1229696
 3.49032,0.1233145
 3.49144,0.1236593
 3.49256,0.1239843
 3.49368,0.1242107
 3.49480,0.1244237
 3.49592,0.1246367
 3.49704,0.1248497
 3.49816,0.1246325
 3.49928,0.1238258
 3.50040,0.1230156
 3.50152,0.1222053
 3.50264,0.1214439
 3.50376,0.1215494
 3.50488,0.1219739
 3.50600,0.1223983
 3.50712,0.1228227
 3.50824,0.1231089
 3.50936,0.1228995
 3.51048,0.1226458
 3.51160,0.1223920
 3.51272,0.1221383
 3.51384,0.1222379
 3.51496,0.1227126
 3.51608,0.1231874
 3.51720,0.1236621
 3.51832,0.1241089
 3.51944,0.1241806
 3.52056,0.1241345
 3.52168,0.1240885
 3.52280,0.1240425
 3.52392,0.1239614
 3.52504,0.1237653
 3.52616,0.1235601
 3.52728,0.1233550
 3.52840,0.1231498
 3.52952,0.1229784
 3.53064,0.1228420
 3.53176,0.1227055
 3.53288,0.1225691
 3.53400,0.1224489
 3.53512,0.1225649
 3.53624,0.1227588
 3.53736,0.1229527
 3.53848,0.1231466
 3.53960,0.1233562
 3.54072,0.1236243
 3.54184,0.1238979
 3.54296,0.1241714
 3.54408,0.1244450
 3.54520,0.1244676
 3.54632,0.1241659
 3.54744,0.1238630
 3.54856,0.1235602
 3.54968,0.1232611
 3.55080,0.1230586
 3.55192,0.1228980
 3.55304,0.1227374
 3.55416,0.1225767
 3.55528,0.1224546
 3.55640,0.1225383
 3.55752,0.1226523
 3.55864,0.1227664
 3.55976,0.1228805
 3.56088,0.1230426
 3.56200,0.1232992
 3.56312,0.1235583
 3.56424,0.1238175
 3.56536,0.1240730
 3.56648,0.1238477
 3.56760,0.1232851
 3.56872,0.1227224
 3.56984,0.1221598
 3.57096,0.1216531
 3.57208,0.1217449
 3.57320,0.1219983
 3.57432,0.1222517
 3.57544,0.1225051
 3.57656,0.1227557
 3.57768,0.1229959
 3.57880,0.1232351
 3.57992,0.1234743
 3.58104,0.1237135
 3.58216,0.1236280
 3.58328,0.1230558
 3.58440,0.1224789
 3.58552,0.1219019
 3.58664,0.1213312
 3.58776,0.1211449
 3.58888,0.1211861
 3.59000,0.1212274
 3.59112,0.1212686
 3.59224,0.1213010
 3.59336,0.1212452
 3.59448,0.1211670
 3.59560,0.1210889
 3.59672,0.1210107
 3.59784,0.1209605
 3.59896,0.1210162
 3.60008,0.1210821
 3.60120,0.1211480
 3.60232,0.1212138
 3.60344,0.1214766
 3.60456,0.1220781
 3.60568,0.1226855
 3.60680,0.1232928
 3.60792,0.1238982
 3.60904,0.1241047
 3.61016,0.1240125
 3.61128,0.1239202
 3.61240,0.1238280
 3.61352,0.1237376
 3.61464,0.1236773
 3.61576,0.1236276
 3.61688,0.1235778
 3.61800,0.1235281
 3.61912,0.1234623
 3.62024,0.1233007
 3.62136,0.1231234
 3.62248,0.1229461
 3.62360,0.1227687
 3.62472,0.1226364
 3.62584,0.1226331
 3.62696,0.1226378
 3.62808,0.1226425
 3.62920,0.1226473
 3.63032,0.1225608
 3.63144,0.1223412
 3.63256,0.1221205
 3.63368,0.1218997
 3.63480,0.1216806
 3.63592,0.1217275
 3.63704,0.1219674
 3.63816,0.1222072
 3.63928,0.1224470
 3.64040,0.1226689
 3.64152,0.1225324
 3.64264,0.1222558
 3.64376,0.1219792
 3.64488,0.1217026
 3.64600,0.1214856
 3.64712,0.1217273
 3.64824,0.1220653
 3.64936,0.1224032
 3.65048,0.1227412
 3.65160,0.1229364
 3.65272,0.1225574
 3.65384,0.1221183
 3.65496,0.1216791
 3.65608,0.1212399
 3.65720,0.1209958
 3.65832,0.1212047
 3.65944,0.1214319
 3.66056,0.1216591
 3.66168,0.1218864
 3.66280,0.1219599
 3.66392,0.1218243
 3.66504,0.1216874
 3.66616,0.1215505
 3.66728,0.1214138
 3.66840,0.1213123
 3.66952,0.1212387
 3.67064,0.1211650
 3.67176,0.1210914
 3.67288,0.1210261
 3.67400,0.1212355
 3.67512,0.1215776
 3.67624,0.1219198
 3.67736,0.1222619
 3.67848,0.1225849
 3.67960,0.1226543
 3.68072,0.1226445
 3.68184,0.1226348
 3.68296,0.1226250
 3.68408,0.1226313
 3.68520,0.1227552
 3.68632,0.1229027
 3.68744,0.1230503
 3.68856,0.1231979
 3.68968,0.1232592
 3.69080,0.1229228
 3.69192,0.1225368
 3.69304,0.1221508
 3.69416,0.1217648
 3.69528,0.1214813
 3.69640,0.1215185
 3.69752,0.1215789
 3.69864,0.1216393
 3.69976,0.1216997
 3.70088,0.1217630
 3.70200,0.1218326
 3.70312,0.1219024
 3.70424,0.1219723
 3.70536,0.1220421
 3.70648,0.1220558
 3.70760,0.1219788
 3.70872,0.1219006
 3.70984,0.1218223
 3.71096,0.1217441
 3.71208,0.1217995
 3.71320,0.1220122
 3.71432,0.1222251
 3.71544,0.1224380
 3.71656,0.1226507
 3.71768,0.1226700
 3.71880,0.1225217
 3.71992,0.1223734
 3.72104,0.1222251
 3.72216,0.1220755
 3.72328,0.1218019
 3.72440,0.1214462
 3.72552,0.1210905
 3.72664,0.1207348
 3.72776,0.1203892
 3.72888,0.1204700
 3.73000,0.1207767
 3.73112,0.1210834
 3.73224,0.1213901
 3.73336,0.1216886
 3.73448,0.1217800
 3.73560,0.1217811
 3.73672,0.1217822
 3.73784,0.1217833
 3.73896,0.1217824
 3.74008,0.1217469
 3.74120,0.1216987
 3.74232,0.1216504
 3.74344,0.1216021
 3.74456,0.1215728
 3.74568,0.1218029
 3.74680,0.1221155
 3.74792,0.1224280
 3.74904,0.1227406
 3.75016,0.1230231
 3.75128,0.1229637
 3.75240,0.1228079
 3.75352,0.1226520
 3.75464,0.1224961
 3.75576,0.1223346
 3.75688,0.1221183
 3.75800,0.1218880
 3.75912,0.1216576
 3.76024,0.1214273
 3.76136,0.1212302
 3.76248,0.1213287
 3.76360,0.1214971
 3.76472,0.1216654
 3.76584,0.1218338
 3.76696,0.1219803
 3.76808,0.1219430
 3.76920,0.1218642
 3.77032,0.1217854
 3.77144,0.1217066
 3.77256,0.1216492
 3.77368,0.1217687
 3.77480,0.1219277
 3.77592,0.1220867
 3.77704,0.1222457
 3.77816,0.1223723
 3.77928,0.1222304
 3.78040,0.1220288
 3.78152,0.1218271
 3.78264,0.1216255
 3.78376,0.1214681
 3.78488,0.1216921
 3.78600,0.1220040
 3.78712,0.1223158
 3.78824,0.1226277
 3.78936,0.1228866
 3.79048,0.1226539
 3.79160,0.1223012
 3.79272,0.1219485
 3.79384,0.1215959
 3.79496,0.1212767
 3.79608,0.1213056
 3.79720,0.1214268
 3.79832,0.1215480
 3.79944,0.1216692
 3.80056,0.1217741
 3.80168,0.1216787
 3.80280,0.1215239
 3.80392,0.1213691
 3.80504,0.1212142
 3.80616,0.1210644
 3.80728,0.1209896
 3.80840,0.1209401
 3.80952,0.1208905
 3.81064,0.1208409
 3.81176,0.1207943
 3.81288,0.1208088
 3.81400,0.1208476
 3.81512,0.1208864
 3.81624,0.1209252
 3.81736,0.1209640
 3.81848,0.1210004
 3.81960,0.1210358
 3.82072,0.1210712
 3.82184,0.1211065
 3.82296,0.1211434
 3.82408,0.1212702
 3.82520,0.1214500
 3.82632,0.1216298
 3.82744,0.1218095
 3.82856,0.1219883
 3.82968,0.1219388
 3.83080,0.1217164
 3.83192,0.1214939
 3.83304,0.1212714
 3.83416,0.1210489
 3.83528,0.1209795
 3.83640,0.1210648
 3.83752,0.1211501
 3.83864,0.1212354
 3.83976,0.1213207
 3.84088,0.1213640
 3.84200,0.1213493
 3.84312,0.1213342
 3.84424,0.1213191
 3.84536,0.1213040
 3.84648,0.1212413
 3.84760,0.1210876
 3.84872,0.1209317
 3.84984,0.1207758
 3.85096,0.1206199
 3.85208,0.1205512
 3.85320,0.1207150
 3.85432,0.1208914
 3.85544,0.1210679
 3.85656,0.1212444
 3.85768,0.1213866
 3.85880,0.1213967
 3.85992,0.1213935
 3.86104,0.1213904
 3.86216,0.1213873
 3.86328,0.1213780
 3.86440,0.1213320
 3.86552,0.1212800
 3.86664,0.1212279
 3.86776,0.1211759
 3.86888,0.1211355
 3.87000,0.1212135
 3.87112,0.1213226
 3.87224,0.1214316
 3.87336,0.1215407
 3.87448,0.1216543
 3.87560,0.1218651
 3.87672,0.1221151
 3.87784,0.1223650
 3.87896,0.1226150
 3.88008,0.1228606
 3.88120,0.1226992
 3.88232,0.1222713
 3.88344,0.1218435
 3.88456,0.1214156
 3.88568,0.1209878
 3.88680,0.1209434
 3.88792,0.1213324
 3.88904,0.1217218
 3.89016,0.1221112
 3.89128,0.1225006
 3.89240,0.1225795
 3.89352,0.1220508
 3.89464,0.1215060
 3.89576,0.1209613
 3.89688,0.1204166
 3.89800,0.1200487
 3.89912,0.1202768
 3.90024,0.1205534
 3.90136,0.1208300
 3.90248,0.1211066
 3.90360,0.1213662
 3.90472,0.1215191
 3.90584,0.1216533
 3.90696,0.1217875
 3.90808,0.1219217
 3.90920,0.1220313
 3.91032,0.1217893
 3.91144,0.1214328
 3.91256,0.1210763
 3.91368,0.1207197
 3.91480,0.1203656
 3.91592,0.1201837
 3.91704,0.1201083
 3.91816,0.1200329
 3.91928,0.1199575
 3.92040,0.1198822
 3.92152,0.1198937
 3.92264,0.1200154
 3.92376,0.1201374
 3.92488,0.1202594
 3.92600,0.1203814
 3.92712,0.1204326
 3.92824,0.1203056
 3.92936,0.1201700
 3.93048,0.1200344
 3.93160,0.1198988
 3.93272,0.1198075
 3.93384,0.1199477
 3.93496,0.1201214
 3.93608,0.1202951
 3.93720,0.1204688
 3.93832,0.1206304
 3.93944,0.1206259
 3.94056,0.1205682
 3.94168,0.1205106
 3.94280,0.1204529
 3.94392,0.1203961
 3.94504,0.1204299
 3.94616,0.1205253
 3.94728,0.1206207
 3.94840,0.1207162
 3.94952,0.1208116
 3.95064,0.1209732
 3.95176,0.1212420
 3.95288,0.1215122
 3.95400,0.1217824
 3.95512,0.1220526
 3.95624,0.1221824
 3.95736,0.1217989
 3.95848,0.1213684
 3.95960,0.1209378
 3.96072,0.1205072
 3.96184,0.1201274
 3.96296,0.1202439
 3.96408,0.1204862
 3.96520,0.1207285
 3.96632,0.1209708
 3.96744,0.1212097
 3.96856,0.1212195
 3.96968,0.1210903
 3.97080,0.1209611
 3.97192,0.1208318
 3.97304,0.1207026
 3.97416,0.1206567
 3.97528,0.1207431
 3.97640,0.1208311
 3.97752,0.1209191
 3.97864,0.1210071
 3.97976,0.1210997
 3.98088,0.1212103
 3.98200,0.1213228
 3.98312,0.1214353
 3.98424,0.1215478
 3.98536,0.1216581
 3.98648,0.1217387
 3.98760,0.1218101
 3.98872,0.1218815
 3.98984,0.1219529
 3.99096,0.1220243
 3.99208,0.1221029
 3.99320,0.1221874
 3.99432,0.1222719
 3.99544,0.1223564
 3.99656,0.1224410
 3.99768,0.1223900
 3.99880,0.1220129
 3.99992,0.1216215
 4.00104,0.1212301
 4.00216,0.1208387
 4.00328,0.1204980
 4.00440,0.1205218
 4.00552,0.1206176
 4.00664,0.1207135
 4.00776,0.1208093
 4.00888,0.1209020
 4.01000,0.1208116
 4.01112,0.1206149
 4.01224,0.1204183
 4.01336,0.1202216
 4.01448,0.1200249
 4.01560,0.1199813
 4.01672,0.1202194
 4.01784,0.1204638
 4.01896,0.1207081
 4.02008,0.1209524
 4.02120,0.1211966
 4.02232,0.1214396
 4.02344,0.1216825
 4.02456,0.1219254
 4.02568,0.1221683
 4.02680,0.1224057
 4.02792,0.1224131
 4.02904,0.1222994
 4.03016,0.1221857
 4.03128,0.1220720
 4.03240,0.1219583
 4.03352,0.1218722
 4.03464,0.1218361
 4.03576,0.1218010
 4.03688,0.1217659
 4.03800,0.1217308
 4.03912,0.1216839
 4.04024,0.1215643
 4.04136,0.1214323
 4.04248,0.1213002
 4.04360,0.1211681
 4.04472,0.1210369
 4.04584,0.1209634
 4.04696,0.1209245
 4.04808,0.1208856
 4.04920,0.1208466
 4.05032,0.1208077
 4.05144,0.1207805
 4.05256,0.1207798
 4.05368,0.1207801
 4.05480,0.1207805
 4.05592,0.1207808
 4.05704,0.1208135
 4.05816,0.1211422
 4.05928,0.1215421
 4.06040,0.1219420
 4.06152,0.1223420
 4.06264,0.1227417
 4.06376,0.1227875
 4.06488,0.1225114
 4.06600,0.1222353
 4.06712,0.1219592
 4.06824,0.1216831
 4.06936,0.1214586
 4.07048,0.1214198
 4.07160,0.1213979
 4.07272,0.1213759
 4.07384,0.1213540
 4.07496,0.1213385
 4.07608,0.1214730
 4.07720,0.1216700
 4.07832,0.1218671
 4.07944,0.1220641
 4.08056,0.1222612
 4.08168,0.1222945
 4.08280,0.1220336
 4.08392,0.1217669
 4.08504,0.1215001
 4.08616,0.1212333
 4.08728,0.1210201
 4.08840,0.1212392
 4.08952,0.1215528
 4.09064,0.1218664
 4.09176,0.1221799
 4.09288,0.1224935
 4.09400,0.1225033
 4.09512,0.1222210
 4.09624,0.1219387
 4.09736,0.1216564
 4.09848,0.1213741
 4.09960,0.1211230
 4.10072,0.1210088
 4.10184,0.1209108
 4.10296,0.1208128
 4.10408,0.1207148
 4.10520,0.1206221
 4.10632,0.1208385
 4.10744,0.1212344
 4.10856,0.1216303
 4.10968,0.1220262
 4.11080,0.1224221
 4.11192,0.1227767
 4.11304,0.1230118
 4.11416,0.1232395
 4.11528,0.1234672
 4.11640,0.1236948
 4.11752,0.1239086
 4.11864,0.1238217
 4.11976,0.1236129
 4.12088,0.1234042
 4.12200,0.1231955
 4.12312,0.1229867
 4.12424,0.1227817
 4.12536,0.1225848
 4.12648,0.1223881
 4.12760,0.1221914
 4.12872,0.1219947
 4.12984,0.1218132
 4.13096,0.1218355
 4.13208,0.1219218
 4.13320,0.1220080
 4.13432,0.1220943
 4.13544,0.1221806
 4.13656,0.1222246
 4.13768,0.1221957
 4.13880,0.1221654
 4.13992,0.1221351
 4.14104,0.1221048
 4.14216,0.1220789
 4.14328,0.1220999
 4.14440,0.1221337
 4.14552,0.1221675
 4.14664,0.1222013
 4.14776,0.1222350
 4.14888,0.1222652
 4.15000,0.1222895
 4.15112,0.1223137
 4.15224,0.1223380
 4.15336,0.1223623
 4.15448,0.1223995
 4.15560,0.1225712
 4.15672,0.1227786
 4.15784,0.1229860
 4.15896,0.1231934
 4.16008,0.1234008
 4.16120,0.1233827
 4.16232,0.1229979
 4.16344,0.1226079
 4.16456,0.1222179
 4.16568,0.1218279
 4.16680,0.1214897
 4.16792,0.1217574
 4.16904,0.1221993
 4.17016,0.1226413
 4.17128,0.1230833
 4.17240,0.1235252
 4.17352,0.1237759
 4.17464,0.1236656
 4.17576,0.1235468
 4.17688,0.1234279
 4.17800,0.1233091
 4.17912,0.1231885
 4.18024,0.1230376
 4.18136,0.1228759
 4.18248,0.1227143
 4.18360,0.1225526
 4.18472,0.1223910
 4.18584,0.1222762
 4.18696,0.1222751
 4.18808,0.1222791
 4.18920,0.1222830
 4.19032,0.1222870
 4.19144,0.1222939
 4.19256,0.1223956
 4.19368,0.1225426
 4.19480,0.1226895
 4.19592,0.1228364
 4.19704,0.1229834
 4.19816,0.1231488
 4.19928,0.1233787
 4.20040,0.1236141
 4.20152,0.1238494
 4.20264,0.1240848
 4.20376,0.1243182
 4.20488,0.1242071
 4.20600,0.1238432
 4.20712,0.1234792
 4.20824,0.1231153
 4.20936,0.1227513
 4.21048,0.1224505
 4.21160,0.1225212
 4.21272,0.1226528
 4.21384,0.1227844
 4.21496,0.1229161
 4.21608,0.1230477
 4.21720,0.1231107
 4.21832,0.1230821
 4.21944,0.1230530
 4.22056,0.1230240
 4.22168,0.1229949
 4.22280,0.1229710
 4.22392,0.1230133
 4.22504,0.1230760
 4.22616,0.1231386
 4.22728,0.1232012
 4.22840,0.1232638
 4.22952,0.1232602
 4.23064,0.1230859
 4.23176,0.1229031
 4.23288,0.1227202
 4.23400,0.1225373
 4.23512,0.1223595
 4.23624,0.1225555
 4.23736,0.1229825
 4.23848,0.1234096
 4.23960,0.1238366
 4.24072,0.1242636
 4.24184,0.1246180
 4.24296,0.1245593
 4.24408,0.1244352
 4.24520,0.1243113
 4.24632,0.1241872
 4.24744,0.1240632
 4.24856,0.1239507
 4.24968,0.1238555
 4.25080,0.1237605
 4.25192,0.1236655
 4.25304,0.1235706
 4.25416,0.1234849
 4.25528,0.1235920
 4.25640,0.1237759
 4.25752,0.1239598
 4.25864,0.1241437
 4.25976,0.1243276
 4.26088,0.1244653
 4.26200,0.1244259
 4.26312,0.1243689
 4.26424,0.1243119
 4.26536,0.1242549
 4.26648,0.1241979
 4.26760,0.1241431
 4.26872,0.1240907
 4.26984,0.1240383
 4.27096,0.1239859
 4.27208,0.1239335
 4.27320,0.1238899
 4.27432,0.1239757
 4.27544,0.1241045
 4.27656,0.1242332
 4.27768,0.1243619
 4.27880,0.1244906
 4.27992,0.1245117
 4.28104,0.1241587
 4.28216,0.1237737
 4.28328,0.1233887
 4.28440,0.1230037
 4.28552,0.1226187
 4.28664,0.1224786
 4.28776,0.1226113
 4.28888,0.1227442
 4.29000,0.1228772
 4.29112,0.1230101
 4.29224,0.1231562
 4.29336,0.1235220
 4.29448,0.1239663
 4.29560,0.1244105
 4.29672,0.1248548
 4.29784,0.1252990
 4.29896,0.1256411
 4.30008,0.1255616
 4.30120,0.1254365
 4.30232,0.1253113
 4.30344,0.1251861
 4.30456,0.1250610
 4.30568,0.1249028
 4.30680,0.1246963
 4.30792,0.1244895
 4.30904,0.1242827
 4.31016,0.1240759
 4.31128,0.1238768
 4.31240,0.1239547
 4.31352,0.1241706
 4.31464,0.1243865
 4.31576,0.1246024
 4.31688,0.1248182
 4.31800,0.1250219
 4.31912,0.1251443
 4.32024,0.1252518
 4.32136,0.1253594
 4.32248,0.1254670
 4.32360,0.1255745
 4.32472,0.1255805
 4.32584,0.1253390
 4.32696,0.1250863
 4.32808,0.1248336
 4.32920,0.1245809
 4.33032,0.1243282
 4.33144,0.1241814
 4.33256,0.1241344
 4.33368,0.1240874
 4.33480,0.1240403
 4.33592,0.1239933
 4.33704,0.1239500
 4.33816,0.1239749
 4.33928,0.1240254
 4.34040,0.1240758
 4.34152,0.1241263
 4.34264,0.1241768
 4.34376,0.1242356
 4.34488,0.1243403
 4.34600,0.1244520
 4.34712,0.1245636
 4.34824,0.1246753
 4.34936,0.1247870
 4.35048,0.1247814
 4.35160,0.1245020
 4.35272,0.1242114
 4.35384,0.1239208
 4.35496,0.1236301
 4.35608,0.1233395
 4.35720,0.1234016
 4.35832,0.1238176
 4.35944,0.1242337
 4.36056,0.1246497
 4.36168,0.1250657
 4.36280,0.1254800
 4.36392,0.1258451
 4.36504,0.1261883
 4.36616,0.1265314
 4.36728,0.1268746
 4.36840,0.1272177
 4.36952,0.1274683
 4.37064,0.1270003
 4.37176,0.1263804
 4.37288,0.1257606
 4.37400,0.1251407
 4.37512,0.1245208
 4.37624,0.1240816
 4.37736,0.1242740
 4.37848,0.1245208
 4.37960,0.1247676
 4.38072,0.1250144
 4.38184,0.1252612
 4.38296,0.1253048
 4.38408,0.1249879
 4.38520,0.1246640
 4.38632,0.1243402
 4.38744,0.1240163
 4.38856,0.1236928
 4.38968,0.1237162
 4.39080,0.1240442
 4.39192,0.1243721
 4.39304,0.1247001
 4.39416,0.1250281
 4.39528,0.1253467
 4.39640,0.1253926
 4.39752,0.1253130
 4.39864,0.1252335
 4.39976,0.1251539
 4.40088,0.1250743
 4.40200,0.1250149
 4.40312,0.1251547
 4.40424,0.1253453
 4.40536,0.1255359
 4.40648,0.1257265
 4.40760,0.1259172
 4.40872,0.1260470
 4.40984,0.1258758
 4.41096,0.1256636
 4.41208,0.1254514
 4.41320,0.1252392
 4.41432,0.1250270
 4.41544,0.1248718
 4.41656,0.1248773
 4.41768,0.1248924
 4.41880,0.1249076
 4.41992,0.1249228
 4.42104,0.1249380
 4.42216,0.1249536
 4.42328,0.1249699
 4.42440,0.1249862
 4.42552,0.1250026
 4.42664,0.1250189
 4.42776,0.1250352
 4.42888,0.1250542
 4.43000,0.1250760
 4.43112,0.1250978
 4.43224,0.1251196
 4.43336,0.1251414
 4.43448,0.1251634
 4.43560,0.1252067
 4.43672,0.1252637
 4.43784,0.1253206
 4.43896,0.1253776
 4.44008,0.1254346
 4.44120,0.1254874
 4.44232,0.1254415
 4.44344,0.1253537
 4.44456,0.1252658
 4.44568,0.1251780
 4.44680,0.1250901
 4.44792,0.1250110
 4.44904,0.1250341
 4.45016,0.1250867
 4.45128,0.1251392
 4.45240,0.1251917
 4.45352,0.1252442
 4.45464,0.1252652
 4.45576,0.1250574
 4.45688,0.1248040
 4.45800,0.1245507
 4.45912,0.1242974
 4.46024,0.1240440
 4.46136,0.1238826
 4.46248,0.1241800
 4.46360,0.1245401
 4.46472,0.1249003
 4.46584,0.1252605
 4.46696,0.1256207
 4.46808,0.1259422
 4.46920,0.1261224
 4.47032,0.1262897
 4.47144,0.1264569
 4.47256,0.1266242
 4.47368,0.1267914
 4.47480,0.1268229
 4.47592,0.1264716
 4.47704,0.1260973
 4.47816,0.1257230
 4.47928,0.1253487
 4.48040,0.1249744
 4.48152,0.1247386
 4.48264,0.1248088
 4.48376,0.1248901
 4.48488,0.1249714
 4.48600,0.1250527
 4.48712,0.1251340
 4.48824,0.1252399
 4.48936,0.1253905
 4.49048,0.1255420
 4.49160,0.1256936
 4.49272,0.1258452
 4.49384,0.1259967
 4.49496,0.1259387
 4.49608,0.1255586
 4.49720,0.1251749
 4.49832,0.1247911
 4.49944,0.1244074
 4.50056,0.1240237
 4.50168,0.1238388
 4.50280,0.1239175
 4.50392,0.1239975
 4.50504,0.1240776
 4.50616,0.1241576
 4.50728,0.1242376
 4.50840,0.1245428
 4.50952,0.1251131
 4.51064,0.1256838
 4.51176,0.1262545
 4.51288,0.1268252
 4.51400,0.1273959
 4.51512,0.1276297
 4.51624,0.1275084
 4.51736,0.1273870
 4.51848,0.1272656
 4.51960,0.1271443
 4.52072,0.1270229
 4.52184,0.1267521
 4.52296,0.1263303
 4.52408,0.1259086
 4.52520,0.1254868
 4.52632,0.1250650
 4.52744,0.1246433
 4.52856,0.1244761
 4.52968,0.1245589
 4.53080,0.1246417
 4.53192,0.1247245
 4.53304,0.1248073
 4.53416,0.1248901
 4.53528,0.1248133
 4.53640,0.1245775
 4.53752,0.1243416
 4.53864,0.1241058
 4.53976,0.1238700
 4.54088,0.1236342
 4.54200,0.1236085
 4.54312,0.1238027
 4.54424,0.1239970
 4.54536,0.1241913
 4.54648,0.1243856
 4.54760,0.1245799
 4.54872,0.1247810
 4.54984,0.1249898
 4.55096,0.1251985
 4.55208,0.1254073
 4.55320,0.1256160
 4.55432,0.1258247
 4.55544,0.1258961
 4.55656,0.1257933
 4.55768,0.1256899
 4.55880,0.1255866
 4.55992,0.1254832
 4.56104,0.1253799
 4.56216,0.1253971
 4.56328,0.1255904
 4.56440,0.1257852
 4.56552,0.1259801
 4.56664,0.1261749
 4.56776,0.1263697
 4.56888,0.1263102
 4.57000,0.1258101
 4.57112,0.1253022
 4.57224,0.1247943
 4.57336,0.1242864
 4.57448,0.1237786
 4.57560,0.1235400
 4.57672,0.1238690
 4.57784,0.1242161
 4.57896,0.1245633
 4.58008,0.1249104
 4.58120,0.1252576
 4.58232,0.1254578
 4.58344,0.1252709
 4.58456,0.1250633
 4.58568,0.1248558
 4.58680,0.1246483
 4.58792,0.1244407
 4.58904,0.1242675
 4.59016,0.1242108
 4.59128,0.1241636
 4.59240,0.1241164
 4.59352,0.1240692
 4.59464,0.1240220
 4.59576,0.1240111
 4.59688,0.1241667
 4.59800,0.1243428
 4.59912,0.1245190
 4.60024,0.1246951
 4.60136,0.1248713
 4.60248,0.1250087
 4.60360,0.1248913
 4.60472,0.1247275
 4.60584,0.1245638
 4.60696,0.1244000
 4.60808,0.1242363
 4.60920,0.1241282
 4.61032,0.1245993
 4.61144,0.1252239
 4.61256,0.1258486
 4.61368,0.1264732
 4.61480,0.1270978
 4.61592,0.1276943
 4.61704,0.1277276
 4.61816,0.1275409
 4.61928,0.1273543
 4.62040,0.1271676
 4.62152,0.1269809
 4.62264,0.1267897
 4.62376,0.1263264
 4.62488,0.1257029
 4.62600,0.1250795
 4.62712,0.1244561
 4.62824,0.1238327
 4.62936,0.1232094
 4.63048,0.1232090
 4.63160,0.1237951
 4.63272,0.1243812
 4.63384,0.1249673
 4.63496,0.1255534
 4.63608,0.1261394
 4.63720,0.1265319
 4.63832,0.1266172
 4.63944,0.1266987
 4.64056,0.1267801
 4.64168,0.1268616
 4.64280,0.1269430
 4.64392,0.1269118
 4.64504,0.1265853
 4.64616,0.1262434
 4.64728,0.1259014
 4.64840,0.1255594
 4.64952,0.1252174
 4.65064,0.1249187
 4.65176,0.1248142
 4.65288,0.1247331
 4.65400,0.1246519
 4.65512,0.1245708
 4.65624,0.1244897
 4.65736,0.1243976
 4.65848,0.1242068
 4.65960,0.1239926
 4.66072,0.1237783
 4.66184,0.1235640
 4.66296,0.1233498
 4.66408,0.1231565
 4.66520,0.1234871
 4.66632,0.1240448
 4.66744,0.1246025
 4.66856,0.1251602
 4.66968,0.1257179
 4.67080,0.1262745
 4.67192,0.1262948
 4.67304,0.1258721
 4.67416,0.1254493
 4.67528,0.1250266
 4.67640,0.1246038
 4.67752,0.1241810
 4.67864,0.1239949
 4.67976,0.1242106
 4.68088,0.1244329
 4.68200,0.1246552
 4.68312,0.1248775
 4.68424,0.1250998
 4.68536,0.1252792
 4.68648,0.1253139
 4.68760,0.1253368
 4.68872,0.1253597
 4.68984,0.1253826
 4.69096,0.1254056
 4.69208,0.1253804
 4.69320,0.1249849
 4.69432,0.1245116
 4.69544,0.1240383
 4.69656,0.1235651
 4.69768,0.1230918
 4.69880,0.1226520
 4.69992,0.1231378
 4.70104,0.1240420
 4.70216,0.1249462
 4.70328,0.1258503
 4.70440,0.1267545
 4.70552,0.1276587
 4.70664,0.1277214
 4.70776,0.1269156
 4.70888,0.1261097
 4.71000,0.1253039
 4.71112,0.1244980
 4.71224,0.1236922
 4.71336,0.1232208
 4.71448,0.1235594
 4.71560,0.1239341
 4.71672,0.1243087
 4.71784,0.1246833
 4.71896,0.1250580
 4.72008,0.1253592
 4.72120,0.1252280
 4.72232,0.1250260
 4.72344,0.1248241
 4.72456,0.1246221
 4.72568,0.1244201
 4.72680,0.1242253
 4.72792,0.1241931
 4.72904,0.1242283
 4.73016,0.1242635
 4.73128,0.1242987
 4.73240,0.1243339
 4.73352,0.1243692
 4.73464,0.1244234
 4.73576,0.1244984
 4.73688,0.1245733
 4.73800,0.1246483
 4.73912,0.1247232
 4.74024,0.1247982
 4.74136,0.1248344
 4.74248,0.1247591
 4.74360,0.1246768
 4.74472,0.1245944
 4.74584,0.1245121
 4.74696,0.1244298
 4.74808,0.1243388
 4.74920,0.1241734
 4.75032,0.1239910
 4.75144,0.1238086
 4.75256,0.1236262
 4.75368,0.1234437
 4.75480,0.1232657
 4.75592,0.1234556
 4.75704,0.1238801
 4.75816,0.1243047
 4.75928,0.1247292
 4.76040,0.1251537
 4.76152,0.1255783
 4.76264,0.1258082
 4.76376,0.1256594
 4.76488,0.1255008
 4.76600,0.1253423
 4.76712,0.1251837
 4.76824,0.1250251
 4.76936,0.1249642
 4.77048,0.1254827
 4.77160,0.1260967
 4.77272,0.1267107
 4.77384,0.1273247
 4.77496,0.1279387
 4.77608,0.1285314
 4.77720,0.1282664
 4.77832,0.1275553
 4.77944,0.1268442
 4.78056,0.1261331
 4.78168,0.1254221
 4.78280,0.1247110
 4.78392,0.1243528
 4.78504,0.1246211
 4.78616,0.1249014
 4.78728,0.1251818
 4.78840,0.1254621
 4.78952,0.1257425
 4.79064,0.1259643
 4.79176,0.1258409
 4.79288,0.1256611
 4.79400,0.1254813
 4.79512,0.1253016
 4.79624,0.1251218
 4.79736,0.1249437
 4.79848,0.1248586
 4.79960,0.1248264
 4.80072,0.1247942
 4.80184,0.1247621
 4.80296,0.1247299
 4.80408,0.1246978
 4.80520,0.1246082
 4.80632,0.1243974
 4.80744,0.1241829
 4.80856,0.1239683
 4.80968,0.1237537
 4.81080,0.1235391
 4.81192,0.1233768
 4.81304,0.1236510
 4.81416,0.1240229
 4.81528,0.1243948
 4.81640,0.1247668
 4.81752,0.1251387
 4.81864,0.1255101
 4.81976,0.1254928
 4.82088,0.1251433
 4.82200,0.1247938
 4.82312,0.1244442
 4.82424,0.1240947
 4.82536,0.1237452
 4.82648,0.1235922
 4.82760,0.1241058
 4.82872,0.1246742
 4.82984,0.1252425
 4.83096,0.1258109
 4.83208,0.1263793
 4.83320,0.1269264
 4.83432,0.1270265
 4.83544,0.1269478
 4.83656,0.1268690
 4.83768,0.1267902
 4.83880,0.1267115
 4.83992,0.1266327
 4.84104,0.1264734
 4.84216,0.1261727
 4.84328,0.1258695
 4.84440,0.1255662
 4.84552,0.1252630
 4.84664,0.1249597
 4.84776,0.1247563
 4.84888,0.1253520
 4.85000,0.1261211
 4.85112,0.1268902
 4.85224,0.1276593
 4.85336,0.1284283
 4.85448,0.1291974
 4.85560,0.1292982
 4.85672,0.1287425
 4.85784,0.1281868
 4.85896,0.1276311
 4.86008,0.1270754
 4.86120,0.1265197
 4.86232,0.1260017
 4.86344,0.1256594
 4.86456,0.1253395
 4.86568,0.1250195
 4.86680,0.1246995
 4.86792,0.1243795
 4.86904,0.1240624
 4.87016,0.1239926
 4.87128,0.1240818
 4.87240,0.1241709
 4.87352,0.1242600
 4.87464,0.1243491
 4.87576,0.1244382
 4.87688,0.1245384
 4.87800,0.1246748
 4.87912,0.1248141
 4.88024,0.1249533
 4.88136,0.1250926
 4.88248,0.1252318
 4.88360,0.1253621
 4.88472,0.1252010
 4.88584,0.1248991
 4.88696,0.1245971
 4.88808,0.1242952
 4.88920,0.1239932
 4.89032,0.1236913
 4.89144,0.1235263
 4.89256,0.1237272
 4.89368,0.1239479
 4.89480,0.1241686
 4.89592,0.1243894
 4.89704,0.1246101
 4.89816,0.1248178
 4.89928,0.1247179
 4.90040,0.1244879
 4.90152,0.1242580
 4.90264,0.1240280
 4.90376,0.1237980
 4.90488,0.1235680
 4.90600,0.1234224
 4.90712,0.1234859
 4.90824,0.1235593
 4.90936,0.1236327
 4.91048,0.1237061
 4.91160,0.1237795
 4.91272,0.1238459
 4.91384,0.1237495
 4.91496,0.1235847
 4.91608,0.1234199
 4.91720,0.1232550
 4.91832,0.1230902
 4.91944,0.1229253
 4.92056,0.1228485
 4.92168,0.1230035
 4.92280,0.1231709
 4.92392,0.1233382
 4.92504,0.1235056
 4.92616,0.1236730
 4.92728,0.1238357
 4.92840,0.1238515
 4.92952,0.1237972
 4.93064,0.1237428
 4.93176,0.1236885
 4.93288,0.1236342
 4.93400,0.1235798
 4.93512,0.1235389
 4.93624,0.1235406
 4.93736,0.1235456
 4.93848,0.1235505
 4.93960,0.1235555
 4.94072,0.1235604
 4.94184,0.1235689
 4.94296,0.1238330
 4.94408,0.1242552
 4.94520,0.1246773
 4.94632,0.1250995
 4.94744,0.1255217
 4.94856,0.1259439
 4.94968,0.1262989
 4.95080,0.1263525
 4.95192,0.1263698
 4.95304,0.1263870
 4.95416,0.1264042
 4.95528,0.1264214
 4.95640,0.1264387
 4.95752,0.1263428
 4.95864,0.1261398
 4.95976,0.1259368
 4.96088,0.1257338
 4.96200,0.1255308
 4.96312,0.1253278
 4.96424,0.1251351
 4.96536,0.1250210
 4.96648,0.1249233
 4.96760,0.1248256
 4.96872,0.1247279
 4.96984,0.1246302
 4.97096,0.1245325
 4.97208,0.1245560
 4.97320,0.1247827
 4.97432,0.1250126
 4.97544,0.1252425
 4.97656,0.1254725
 4.97768,0.1257024
 4.97880,0.1259164
 4.97992,0.1258247
 4.98104,0.1256157
 4.98216,0.1254066
 4.98328,0.1251975
 4.98440,0.1249885
 4.98552,0.1247794
 4.98664,0.1247230
 4.98776,0.1251653
 4.98888,0.1256462
 4.99000,0.1261271
 4.99112,0.1266080
 4.99224,0.1270889
 4.99336,0.1275693
 4.99448,0.1278848
 4.99560,0.1280685
 4.99672,0.1282522
 4.99784,0.1284360
 4.99896,0.1286197
 5.00008,0.1288034
 5.00120,0.1289100
 5.00232,0.1284138
 5.00344,0.1277894
 5.00456,0.1271650
 5.00568,0.1265405
 5.00680,0.1259161
 5.00792,0.1252917
 5.00904,0.1248846
 5.01016,0.1249190
 5.01128,0.1249663
 5.01240,0.1250135
 5.01352,0.1250608
 5.01464,0.1251080
 5.01576,0.1251582
 5.01688,0.1253433
 5.01800,0.1256020
 5.01912,0.1258608
 5.02024,0.1261196
 5.02136,0.1263784
 5.02248,0.1266371
 5.02360,0.1268179
 5.02472,0.1265548
 5.02584,0.1262217
 5.02696,0.1258885
 5.02808,0.1255554
 5.02920,0.1252223
 5.03032,0.1248891
 5.03144,0.1246768
 5.03256,0.1246699
 5.03368,0.1246665
 5.03480,0.1246630
 5.03592,0.1246595
 5.03704,0.1246560
 5.03816,0.1246491
 5.03928,0.1245112
 5.04040,0.1243066
 5.04152,0.1241019
 5.04264,0.1238973
 5.04376,0.1236926
 5.04488,0.1234880
 5.04600,0.1233309
 5.04712,0.1234523
 5.04824,0.1236190
 5.04936,0.1237857
 5.04996,0.1238750
