wav,rprs
 0.27333,0.1486381
 0.27410,0.1486226
 0.27487,0.1486072
 0.27564,0.1485918
 0.27641,0.1485765
 0.27718,0.1485612
 0.27795,0.1485460
 0.27872,0.1485308
 0.27949,0.1485157
 0.28026,0.1485005
 0.28103,0.1484855
 0.28180,0.1484704
 0.28257,0.1484554
 0.28334,0.1484405
 0.28411,0.1484256
 0.28488,0.1484107
 0.28565,0.1483959
 0.28642,0.1483811
 0.28719,0.1483663
 0.28796,0.1483516
 0.28873,0.1483370
 0.28950,0.1483223
 0.29027,0.1483078
 0.29104,0.1482932
 0.29181,0.1482787
 0.29258,0.1482642
 0.29335,0.1482498
 0.29412,0.1482354
 0.29489,0.1482210
 0.29566,0.1482067
 0.29643,0.1481924
 0.29720,0.1481781
 0.29797,0.1481639
 0.29874,0.1481497
 0.29951,0.1481356
 0.30028,0.1481215
 0.30105,0.1481074
 0.30182,0.1480934
 0.30259,0.1480794
 0.30336,0.1480654
 0.30413,0.1480515
 0.30490,0.1480376
 0.30567,0.1480238
 0.30644,0.1480099
 0.30721,0.1479962
 0.30798,0.1479824
 0.30875,0.1479687
 0.30952,0.1479550
 0.31029,0.1479414
 0.31106,0.1479277
 0.31183,0.1479142
 0.31260,0.1479006
 0.31337,0.1478871
 0.31414,0.1478736
 0.31491,0.1478602
 0.31568,0.1478467
 0.31645,0.1478334
 0.31722,0.1478200
 0.31799,0.1478067
 0.31876,0.1477934
 0.31953,0.1477802
 0.32030,0.1477669
 0.32107,0.1477537
 0.32184,0.1477406
 0.32261,0.1477275
 0.32338,0.1477144
 0.32415,0.1477013
 0.32492,0.1476883
 0.32569,0.1476753
 0.32646,0.1476623
 0.32723,0.1476493
 0.32800,0.1476364
 0.32877,0.1476236
 0.32954,0.1476107
 0.33031,0.1475979
 0.33108,0.1475851
 0.33185,0.1475723
 0.33262,0.1475596
 0.33339,0.1475469
 0.33416,0.1475342
 0.33493,0.1475216
 0.33570,0.1475090
 0.33647,0.1474964
 0.33724,0.1474838
 0.33801,0.1474713
 0.33878,0.1474588
 0.33955,0.1474463
 0.34032,0.1474339
 0.34109,0.1474215
 0.34186,0.1474091
 0.34263,0.1473967
 0.34340,0.1473844
 0.34417,0.1473721
 0.34494,0.1473598
 0.34571,0.1473476
 0.34648,0.1473353
 0.34725,0.1473231
 0.34802,0.1473110
 0.34879,0.1472988
 0.34956,0.1472867
 0.35031,0.1472766
 0.35104,0.1472650
 0.35177,0.1472534
 0.35250,0.1472425
 0.35323,0.1472316
 0.35397,0.1472206
 0.35471,0.1472095
 0.35544,0.1471983
 0.35618,0.1471871
 0.35692,0.1471757
 0.35766,0.1471642
 0.35841,0.1471527
 0.35915,0.1471411
 0.35990,0.1471300
 0.36065,0.1471192
 0.36140,0.1471082
 0.36215,0.1470971
 0.36290,0.1470860
 0.36366,0.1470747
 0.36441,0.1470634
 0.36517,0.1470519
 0.36593,0.1470404
 0.36669,0.1470288
 0.36746,0.1470176
 0.36822,0.1470068
 0.36898,0.1469958
 0.36975,0.1469848
 0.37052,0.1469736
 0.37129,0.1469624
 0.37206,0.1469511
 0.37284,0.1469397
 0.37361,0.1469281
 0.37439,0.1469165
 0.37517,0.1469052
 0.37595,0.1468944
 0.37673,0.1468834
 0.37751,0.1468724
 0.37830,0.1468613
 0.37908,0.1468501
 0.37987,0.1468388
 0.38066,0.1468274
 0.38145,0.1468159
 0.38225,0.1468043
 0.38304,0.1467928
 0.38384,0.1467820
 0.38464,0.1467710
 0.38544,0.1467600
 0.38624,0.1467489
 0.38704,0.1467378
 0.38785,0.1467265
 0.38865,0.1467151
 0.38946,0.1467036
 0.39027,0.1466921
 0.39108,0.1466805
 0.39190,0.1466696
 0.39271,0.1466587
 0.39353,0.1466477
 0.39435,0.1466367
 0.39517,0.1466255
 0.39599,0.1466143
 0.39681,0.1466030
 0.39764,0.1465916
 0.39846,0.1465802
 0.39929,0.1465686
 0.40012,0.1465577
 0.40095,0.1465472
 0.40179,0.1465371
 0.40262,0.1465282
 0.40346,0.1465283
 0.40430,0.1474103
 0.40514,0.1466378
 0.40598,0.1464868
 0.40683,0.1464705
 0.40767,0.1464576
 0.40852,0.1464456
 0.40937,0.1464345
 0.41022,0.1464234
 0.41107,0.1464122
 0.41193,0.1464010
 0.41279,0.1463898
 0.41364,0.1463785
 0.41450,0.1463670
 0.41537,0.1463555
 0.41623,0.1463439
 0.41710,0.1463324
 0.41796,0.1463216
 0.41883,0.1463106
 0.41970,0.1462996
 0.42058,0.1462885
 0.42145,0.1462773
 0.42233,0.1462660
 0.42320,0.1462546
 0.42408,0.1462432
 0.42497,0.1462316
 0.42585,0.1462200
 0.42674,0.1462091
 0.42762,0.1461982
 0.42851,0.1461872
 0.42940,0.1461762
 0.43030,0.1461649
 0.43119,0.1461537
 0.43209,0.1461423
 0.43299,0.1461308
 0.43389,0.1461193
 0.43479,0.1461077
 0.43569,0.1460967
 0.43660,0.1460858
 0.43751,0.1460748
 0.43842,0.1460637
 0.43933,0.1460526
 0.44024,0.1460414
 0.44116,0.1460300
 0.44207,0.1460187
 0.44299,0.1460070
 0.44392,0.1459955
 0.44484,0.1459844
 0.44576,0.1459734
 0.44669,0.1459625
 0.44762,0.1459514
 0.44855,0.1459403
 0.44948,0.1459291
 0.45042,0.1459178
 0.45135,0.1459063
 0.45229,0.1458949
 0.45323,0.1458832
 0.45418,0.1458719
 0.45512,0.1458611
 0.45607,0.1458501
 0.45701,0.1458391
 0.45796,0.1458280
 0.45892,0.1458168
 0.45987,0.1458055
 0.46083,0.1457941
 0.46179,0.1457826
 0.46275,0.1457711
 0.46371,0.1457596
 0.46467,0.1457487
 0.46564,0.1457378
 0.46661,0.1457269
 0.46758,0.1457158
 0.46855,0.1457047
 0.46952,0.1456934
 0.47050,0.1456821
 0.47148,0.1456706
 0.47246,0.1456592
 0.47344,0.1456483
 0.47443,0.1456366
 0.47541,0.1456257
 0.47640,0.1456148
 0.47739,0.1456038
 0.47838,0.1455926
 0.47938,0.1455814
 0.48038,0.1455701
 0.48138,0.1455587
 0.48238,0.1455472
 0.48338,0.1455360
 0.48438,0.1455250
 0.48539,0.1455139
 0.48640,0.1455031
 0.48741,0.1454921
 0.48843,0.1454811
 0.48944,0.1454700
 0.49046,0.1454586
 0.49148,0.1454474
 0.49250,0.1454361
 0.49353,0.1454244
 0.49455,0.1454134
 0.49558,0.1454028
 0.49661,0.1453919
 0.49764,0.1453810
 0.49868,0.1453705
 0.49972,0.1453594
 0.50075,0.1453482
 0.50180,0.1453379
 0.50284,0.1453270
 0.50388,0.1453150
 0.50493,0.1453037
 0.50598,0.1452932
 0.50703,0.1452836
 0.50809,0.1452723
 0.50915,0.1452612
 0.51020,0.1452510
 0.51127,0.1452401
 0.51233,0.1452295
 0.51339,0.1452190
 0.51446,0.1452079
 0.51553,0.1451972
 0.51660,0.1451867
 0.51768,0.1451767
 0.51875,0.1451668
 0.51983,0.1451570
 0.52091,0.1451476
 0.52200,0.1451375
 0.52308,0.1451279
 0.52417,0.1451186
 0.52526,0.1451091
 0.52635,0.1450996
 0.52745,0.1450905
 0.52854,0.1450813
 0.52964,0.1450725
 0.53074,0.1450648
 0.53185,0.1450569
 0.53295,0.1450504
 0.53406,0.1450426
 0.53517,0.1450357
 0.53629,0.1450294
 0.53740,0.1450234
 0.53852,0.1450175
 0.53964,0.1450128
 0.54076,0.1450083
 0.54188,0.1450062
 0.54301,0.1450038
 0.54414,0.1449995
 0.54527,0.1449980
 0.54641,0.1450010
 0.54754,0.1449981
 0.54868,0.1450003
 0.54982,0.1450023
 0.55096,0.1450061
 0.55211,0.1450118
 0.55326,0.1450189
 0.55441,0.1450273
 0.55556,0.1450376
 0.55672,0.1450494
 0.55787,0.1450634
 0.55903,0.1450797
 0.56020,0.1450994
 0.56136,0.1451214
 0.56253,0.1451455
 0.56370,0.1451716
 0.56487,0.1452019
 0.56605,0.1452370
 0.56722,0.1452749
 0.56840,0.1453320
 0.56958,0.1453658
 0.57077,0.1454148
 0.57196,0.1454726
 0.57315,0.1455345
 0.57434,0.1456037
 0.57553,0.1456811
 0.57673,0.1457670
 0.57793,0.1458653
 0.57913,0.1459754
 0.58033,0.1461004
 0.58154,0.1462461
 0.58275,0.1464207
 0.58396,0.1466296
 0.58518,0.1468996
 0.58639,0.1472731
 0.58761,0.1479709
 0.58883,0.1505752
 0.59006,0.1494093
 0.59129,0.1476172
 0.59251,0.1471043
 0.59375,0.1467804
 0.59498,0.1465366
 0.59622,0.1463401
 0.59746,0.1461725
 0.59870,0.1460321
 0.59995,0.1459074
 0.60119,0.1457946
 0.60244,0.1456964
 0.60370,0.1456022
 0.60495,0.1455173
 0.60621,0.1454422
 0.60747,0.1453689
 0.60873,0.1452980
 0.61000,0.1452351
 0.61127,0.1451734
 0.61254,0.1451190
 0.61381,0.1450646
 0.61509,0.1450143
 0.61637,0.1449652
 0.61765,0.1449200
 0.61893,0.1448750
 0.62022,0.1448316
 0.62151,0.1447921
 0.62280,0.1447523
 0.62410,0.1447152
 0.62540,0.1446823
 0.62670,0.1446462
 0.62800,0.1446130
 0.62931,0.1445801
 0.63061,0.1445503
 0.63193,0.1445190
 0.63324,0.1444905
 0.63456,0.1444631
 0.63588,0.1444354
 0.63720,0.1444080
 0.63852,0.1443816
 0.63985,0.1443600
 0.64118,0.1443326
 0.64251,0.1443139
 0.64385,0.1442995
 0.64519,0.1442940
 0.64653,0.1442468
 0.64788,0.1442286
 0.64922,0.1442047
 0.65057,0.1441821
 0.65193,0.1441801
 0.65328,0.1441420
 0.65464,0.1441240
 0.65600,0.1441359
 0.65737,0.1440907
 0.65873,0.1441028
 0.66010,0.1440651
 0.66147,0.1440355
 0.66285,0.1440320
 0.66423,0.1440050
 0.66561,0.1439988
 0.66699,0.1439772
 0.66838,0.1439598
 0.66977,0.1439414
 0.67116,0.1439269
 0.67256,0.1439153
 0.67396,0.1439005
 0.67536,0.1438862
 0.67676,0.1438736
 0.67817,0.1438633
 0.67958,0.1438512
 0.68099,0.1438356
 0.68241,0.1438244
 0.68383,0.1438137
 0.68525,0.1438052
 0.68668,0.1437975
 0.68810,0.1437933
 0.68953,0.1437893
 0.69097,0.1437769
 0.69241,0.1439556
 0.69385,0.1437706
 0.69529,0.1437592
 0.69673,0.1438734
 0.69818,0.1437542
 0.69963,0.1437454
 0.70109,0.1437961
 0.70255,0.1438805
 0.70401,0.1437475
 0.70547,0.1439018
 0.70694,0.1437493
 0.70841,0.1437884
 0.70988,0.1437486
 0.71136,0.1438542
 0.71284,0.1437891
 0.71432,0.1438328
 0.71581,0.1438605
 0.71729,0.1442401
 0.71879,0.1438705
 0.72028,0.1439143
 0.72178,0.1440479
 0.72328,0.1441705
 0.72478,0.1439228
 0.72629,0.1440811
 0.72780,0.1440578
 0.72931,0.1439439
 0.73083,0.1441338
 0.73235,0.1440466
 0.73387,0.1440878
 0.73540,0.1440936
 0.73693,0.1441647
 0.73846,0.1441945
 0.74000,0.1443062
 0.74153,0.1442632
 0.74308,0.1442935
 0.74462,0.1444181
 0.74617,0.1444286
 0.74772,0.1445761
 0.74928,0.1445870
 0.75083,0.1446887
 0.75240,0.1447693
 0.75396,0.1448874
 0.75553,0.1450099
 0.75710,0.1451517
 0.75867,0.1453283
 0.76025,0.1455476
 0.76183,0.1458228
 0.76342,0.1462183
 0.76500,0.1470654
 0.76659,0.1490242
 0.76819,0.1471894
 0.76979,0.1485866
 0.77139,0.1467329
 0.77299,0.1459915
 0.77460,0.1456434
 0.77621,0.1453980
 0.77782,0.1452029
 0.77944,0.1450422
 0.78106,0.1449052
 0.78269,0.1447822
 0.78431,0.1446689
 0.78594,0.1445730
 0.78758,0.1444823
 0.78922,0.1443989
 0.79086,0.1443508
 0.79250,0.1442516
 0.79415,0.1441844
 0.79580,0.1441169
 0.79746,0.1440631
 0.79911,0.1440057
 0.80078,0.1439487
 0.80244,0.1439209
 0.80411,0.1438604
 0.80578,0.1438247
 0.80746,0.1437866
 0.80914,0.1438090
 0.81082,0.1437931
 0.81251,0.1441470
 0.81419,0.1439756
 0.81589,0.1436383
 0.81758,0.1438233
 0.81928,0.1435566
 0.82099,0.1435282
 0.82270,0.1434774
 0.82441,0.1434908
 0.82612,0.1441774
 0.82784,0.1433547
 0.82956,0.1435579
 0.83128,0.1433770
 0.83301,0.1433282
 0.83475,0.1432240
 0.83648,0.1432648
 0.83822,0.1432793
 0.83996,0.1432020
 0.84171,0.1433526
 0.84346,0.1431734
 0.84521,0.1435319
 0.84697,0.1431162
 0.84873,0.1430656
 0.85050,0.1431215
 0.85227,0.1430335
 0.85404,0.1429416
 0.85581,0.1431761
 0.85759,0.1429317
 0.85938,0.1431198
 0.86116,0.1429664
 0.86296,0.1428814
 0.86475,0.1428800
 0.86655,0.1428652
 0.86835,0.1427724
 0.87016,0.1427916
 0.87197,0.1427897
 0.87378,0.1427569
 0.87560,0.1427148
 0.87742,0.1426651
 0.87924,0.1426817
 0.88107,0.1426378
 0.88290,0.1426984
 0.88474,0.1426017
 0.88658,0.1425734
 0.88842,0.1425740
 0.89027,0.1427235
 0.89212,0.1436233
 0.89397,0.1426591
 0.89583,0.1427157
 0.89770,0.1427570
 0.89956,0.1427341
 0.90143,0.1435115
 0.90331,0.1430498
 0.90519,0.1427077
 0.90707,0.1426841
 0.90895,0.1436219
 0.91084,0.1426061
 0.91274,0.1425281
 0.91464,0.1433051
 0.91654,0.1429247
 0.91844,0.1434028
 0.92035,0.1425307
 0.92227,0.1432573
 0.92419,0.1437644
 0.92611,0.1430459
 0.92803,0.1453924
 0.92996,0.1438830
 0.93190,0.1447448
 0.93384,0.1445495
 0.93578,0.1443633
 0.93772,0.1442997
 0.93967,0.1439758
 0.94163,0.1439341
 0.94359,0.1433162
 0.94555,0.1444245
 0.94751,0.1446220
 0.94948,0.1431979
 0.95146,0.1431728
 0.95344,0.1436669
 0.95542,0.1452144
 0.95741,0.1450132
 0.95940,0.1439267
 0.96139,0.1439103
 0.96339,0.1439921
 0.96539,0.1444921
 0.96740,0.1434585
 0.96941,0.1442978
 0.97143,0.1445863
 0.97345,0.1438001
 0.97547,0.1435982
 0.97750,0.1445383
 0.97953,0.1436710
 0.98157,0.1438810
 0.98361,0.1437449
 0.98566,0.1434484
 0.98771,0.1434268
 0.98976,0.1438490
 0.99182,0.1439774
 0.99388,0.1431702
 0.99595,0.1436427
 0.99802,0.1435434
 1.00010,0.1432662
 1.00217,0.1430900
 1.00426,0.1428577
 1.00635,0.1430821
 1.00844,0.1436473
 1.01054,0.1429325
 1.01264,0.1429868
 1.01474,0.1426940
 1.01685,0.1424672
 1.01897,0.1424353
 1.02109,0.1425331
 1.02321,0.1421840
 1.02534,0.1420775
 1.02747,0.1423076
 1.02961,0.1421766
 1.03175,0.1420256
 1.03389,0.1419925
 1.03604,0.1418656
 1.03820,0.1420977
 1.04036,0.1418602
 1.04252,0.1420385
 1.04469,0.1420711
 1.04686,0.1420601
 1.04904,0.1419888
 1.05122,0.1419384
 1.05340,0.1419855
 1.05559,0.1418745
 1.05779,0.1419541
 1.05999,0.1418513
 1.06219,0.1418358
 1.06440,0.1418107
 1.06662,0.1420254
 1.06883,0.1418697
 1.07106,0.1420429
 1.07328,0.1419972
 1.07552,0.1416265
 1.07775,0.1418981
 1.07999,0.1417381
 1.08224,0.1416129
 1.08449,0.1418097
 1.08674,0.1419373
 1.08900,0.1424724
 1.09127,0.1426392
 1.09354,0.1439031
 1.09581,0.1427171
 1.09809,0.1437596
 1.10037,0.1446840
 1.10266,0.1447673
 1.10495,0.1435380
 1.10725,0.1439836
 1.10956,0.1438208
 1.11186,0.1442482
 1.11417,0.1438737
 1.11649,0.1450265
 1.11881,0.1432342
 1.12114,0.1446495
 1.12347,0.1441770
 1.12581,0.1450863
 1.12815,0.1448814
 1.13049,0.1449136
 1.13284,0.1443378
 1.13520,0.1447479
 1.13756,0.1437050
 1.13993,0.1445073
 1.14230,0.1449270
 1.14467,0.1444505
 1.14705,0.1443990
 1.14944,0.1434164
 1.15183,0.1445721
 1.15422,0.1436878
 1.15662,0.1437402
 1.15903,0.1438920
 1.16144,0.1451742
 1.16385,0.1437114
 1.16627,0.1437082
 1.16870,0.1440013
 1.17113,0.1432582
 1.17356,0.1451180
 1.17600,0.1430304
 1.17845,0.1429501
 1.18090,0.1441540
 1.18336,0.1433744
 1.18582,0.1432324
 1.18828,0.1443235
 1.19075,0.1438320
 1.19323,0.1433074
 1.19571,0.1433409
 1.19820,0.1442821
 1.20069,0.1436998
 1.20319,0.1429084
 1.20569,0.1427957
 1.20820,0.1430137
 1.21071,0.1429361
 1.21323,0.1430230
 1.21575,0.1428435
 1.21828,0.1428660
 1.22081,0.1423297
 1.22335,0.1427681
 1.22589,0.1431004
 1.22844,0.1435071
 1.23100,0.1421518
 1.23356,0.1422367
 1.23612,0.1426492
 1.23869,0.1426463
 1.24127,0.1419933
 1.24385,0.1423340
 1.24643,0.1420770
 1.24903,0.1418269
 1.25162,0.1423353
 1.25423,0.1427111
 1.25683,0.1415454
 1.25945,0.1421806
 1.26207,0.1425440
 1.26469,0.1419344
 1.26732,0.1415301
 1.26996,0.1419510
 1.27260,0.1419535
 1.27524,0.1425865
 1.27789,0.1417203
 1.28055,0.1420846
 1.28322,0.1421606
 1.28588,0.1433110
 1.28856,0.1425455
 1.29124,0.1418737
 1.29392,0.1416479
 1.29661,0.1421587
 1.29931,0.1424108
 1.30201,0.1425831
 1.30472,0.1424643
 1.30743,0.1429287
 1.31015,0.1427578
 1.31287,0.1435121
 1.31560,0.1433537
 1.31834,0.1428136
 1.32108,0.1431346
 1.32383,0.1424532
 1.32658,0.1430423
 1.32934,0.1448030
 1.33210,0.1461789
 1.33487,0.1459559
 1.33765,0.1466255
 1.34043,0.1455100
 1.34322,0.1470626
 1.34601,0.1469768
 1.34881,0.1465263
 1.35162,0.1479955
 1.35443,0.1470286
 1.35724,0.1462624
 1.36007,0.1465680
 1.36289,0.1467910
 1.36573,0.1462245
 1.36857,0.1457494
 1.37141,0.1469526
 1.37426,0.1459499
 1.37712,0.1481392
 1.37999,0.1470021
 1.38286,0.1468162
 1.38573,0.1482541
 1.38861,0.1466660
 1.39150,0.1482439
 1.39439,0.1472735
 1.39729,0.1481410
 1.40020,0.1482888
 1.40311,0.1466341
 1.40603,0.1482806
 1.40895,0.1477115
 1.41188,0.1465848
 1.41482,0.1471620
 1.41776,0.1482669
 1.42071,0.1468737
 1.42366,0.1484366
 1.42662,0.1478494
 1.42959,0.1467958
 1.43256,0.1470561
 1.43554,0.1474417
 1.43853,0.1471135
 1.44152,0.1476159
 1.44452,0.1476346
 1.44752,0.1471792
 1.45053,0.1455801
 1.45355,0.1471937
 1.45657,0.1491089
 1.45960,0.1460377
 1.46263,0.1473071
 1.46567,0.1479696
 1.46872,0.1460680
 1.47178,0.1465036
 1.47484,0.1478533
 1.47790,0.1480405
 1.48098,0.1469956
 1.48406,0.1469009
 1.48714,0.1460556
 1.49023,0.1466537
 1.49333,0.1463559
 1.49644,0.1462974
 1.49955,0.1465209
 1.50267,0.1463768
 1.50579,0.1458185
 1.50892,0.1460053
 1.51206,0.1460954
 1.51521,0.1456501
 1.51836,0.1451956
 1.52151,0.1451758
 1.52468,0.1452898
 1.52785,0.1453431
 1.53103,0.1455406
 1.53421,0.1456943
 1.53740,0.1452523
 1.54060,0.1455297
 1.54380,0.1459650
 1.54701,0.1457065
 1.55023,0.1450481
 1.55345,0.1447073
 1.55668,0.1442419
 1.55992,0.1440381
 1.56316,0.1440571
 1.56641,0.1437080
 1.56967,0.1435860
 1.57293,0.1449715
 1.57620,0.1442015
 1.57948,0.1438936
 1.58277,0.1438748
 1.58606,0.1443772
 1.58936,0.1440196
 1.59266,0.1424900
 1.59597,0.1430257
 1.59929,0.1433068
 1.60262,0.1430153
 1.60595,0.1430083
 1.60929,0.1440719
 1.61264,0.1436747
 1.61599,0.1436844
 1.61935,0.1427323
 1.62272,0.1425976
 1.62609,0.1431356
 1.62947,0.1430502
 1.63286,0.1426577
 1.63626,0.1434092
 1.63966,0.1419168
 1.64307,0.1425133
 1.64648,0.1419335
 1.64991,0.1435066
 1.65334,0.1429595
 1.65678,0.1421949
 1.66022,0.1429996
 1.66367,0.1426732
 1.66713,0.1423325
 1.67060,0.1434184
 1.67408,0.1422784
 1.67756,0.1422030
 1.68104,0.1424384
 1.68454,0.1427944
 1.68804,0.1418278
 1.69155,0.1426418
 1.69507,0.1426642
 1.69860,0.1424358
 1.70213,0.1425592
 1.70567,0.1427750
 1.70921,0.1433553
 1.71277,0.1433577
 1.71633,0.1435165
 1.71990,0.1436851
 1.72348,0.1439418
 1.72706,0.1455461
 1.73065,0.1442311
 1.73425,0.1437522
 1.73786,0.1438785
 1.74147,0.1441778
 1.74509,0.1452906
 1.74872,0.1443514
 1.75236,0.1459147
 1.75600,0.1450100
 1.75965,0.1459209
 1.76331,0.1469785
 1.76698,0.1463549
 1.77065,0.1443592
 1.77433,0.1472515
 1.77802,0.1452903
 1.78172,0.1474196
 1.78543,0.1469401
 1.78914,0.1462472
 1.79286,0.1463157
 1.79659,0.1448601
 1.80032,0.1474151
 1.80407,0.1468126
 1.80782,0.1447610
 1.81158,0.1455519
 1.81534,0.1456798
 1.81912,0.1462679
 1.82290,0.1465948
 1.82669,0.1472197
 1.83049,0.1460942
 1.83430,0.1474801
 1.83811,0.1466625
 1.84193,0.1492231
 1.84576,0.1458016
 1.84960,0.1451242
 1.85345,0.1475251
 1.85730,0.1481542
 1.86116,0.1466257
 1.86503,0.1469183
 1.86891,0.1480879
 1.87280,0.1477746
 1.87669,0.1459320
 1.88060,0.1478280
 1.88451,0.1476237
 1.88842,0.1459187
 1.89235,0.1467553
 1.89629,0.1450376
 1.90023,0.1452580
 1.90418,0.1466117
 1.90814,0.1466898
 1.91211,0.1477258
 1.91608,0.1463099
 1.92007,0.1471940
 1.92406,0.1460671
 1.92806,0.1466935
 1.93207,0.1458334
 1.93609,0.1469670
 1.94012,0.1467381
 1.94415,0.1472722
 1.94819,0.1455168
 1.95224,0.1473017
 1.95630,0.1450920
 1.96037,0.1475848
 1.96445,0.1463273
 1.96853,0.1476593
 1.97263,0.1476057
 1.97673,0.1480394
 1.98084,0.1457786
 1.98496,0.1464856
 1.98909,0.1469578
 1.99322,0.1475007
 1.99737,0.1464889
 2.00152,0.1465936
 2.00568,0.1470619
 2.00985,0.1476071
 2.01403,0.1468845
 2.01822,0.1465816
 2.02242,0.1460754
 2.02662,0.1471970
 2.03084,0.1463884
 2.03506,0.1449588
 2.03929,0.1461809
 2.04353,0.1451050
 2.04778,0.1472787
 2.05204,0.1446116
 2.05631,0.1466528
 2.06058,0.1451422
 2.06487,0.1449992
 2.06916,0.1438378
 2.07346,0.1459302
 2.07778,0.1436143
 2.08210,0.1435850
 2.08643,0.1450954
 2.09076,0.1442222
 2.09511,0.1451995
 2.09947,0.1438326
 2.10383,0.1436610
 2.10821,0.1446636
 2.11259,0.1432759
 2.11699,0.1442981
 2.12139,0.1430202
 2.12580,0.1430946
 2.13022,0.1432124
 2.13465,0.1434021
 2.13909,0.1444964
 2.14354,0.1431899
 2.14799,0.1434091
 2.15246,0.1439835
 2.15694,0.1437472
 2.16142,0.1439797
 2.16592,0.1429444
 2.17042,0.1430059
 2.17493,0.1448262
 2.17946,0.1436967
 2.18399,0.1425844
 2.18853,0.1425671
 2.19308,0.1430065
 2.19764,0.1436374
 2.20221,0.1440230
 2.20679,0.1439957
 2.21138,0.1443936
 2.21598,0.1440824
 2.22059,0.1432195
 2.22520,0.1444107
 2.22983,0.1438060
 2.23447,0.1429914
 2.23911,0.1432304
 2.24377,0.1436413
 2.24844,0.1441788
 2.25311,0.1435073
 2.25780,0.1443549
 2.26249,0.1430047
 2.26720,0.1428419
 2.27191,0.1433530
 2.27663,0.1431065
 2.28137,0.1435322
 2.28611,0.1427340
 2.29087,0.1436127
 2.29563,0.1449919
 2.30040,0.1438814
 2.30519,0.1436353
 2.30998,0.1436187
 2.31478,0.1436677
 2.31960,0.1459070
 2.32442,0.1459157
 2.32925,0.1441841
 2.33410,0.1452327
 2.33895,0.1444023
 2.34382,0.1441820
 2.34869,0.1445106
 2.35357,0.1450918
 2.35847,0.1463094
 2.36337,0.1446041
 2.36829,0.1436111
 2.37321,0.1449378
 2.37815,0.1442108
 2.38309,0.1458357
 2.38805,0.1446112
 2.39301,0.1446945
 2.39799,0.1450450
 2.40298,0.1454174
 2.40797,0.1459894
 2.41298,0.1469713
 2.41800,0.1446729
 2.42302,0.1444296
 2.42806,0.1455743
 2.43311,0.1456254
 2.43817,0.1446001
 2.44324,0.1469545
 2.44832,0.1458569
 2.45341,0.1477514
 2.45852,0.1469452
 2.46363,0.1490204
 2.46875,0.1467132
 2.47388,0.1455747
 2.47903,0.1468065
 2.48418,0.1458324
 2.48935,0.1515052
 2.49453,0.1473182
 2.49971,0.1484905
 2.50491,0.1477863
 2.51012,0.1491069
 2.51534,0.1470040
 2.52057,0.1497673
 2.52581,0.1480367
 2.53106,0.1478347
 2.53633,0.1508310
 2.54160,0.1496394
 2.54689,0.1498966
 2.55218,0.1469736
 2.55749,0.1478313
 2.56281,0.1493385
 2.56814,0.1476927
 2.57348,0.1478010
 2.57883,0.1493334
 2.58419,0.1480279
 2.58956,0.1501383
 2.59495,0.1486710
 2.60035,0.1482311
 2.60575,0.1498518
 2.61117,0.1479194
 2.61660,0.1485620
 2.62204,0.1497303
 2.62749,0.1479903
 2.63296,0.1476198
 2.63843,0.1459641
 2.64392,0.1471934
 2.64942,0.1496535
 2.65493,0.1486175
 2.66045,0.1498542
 2.66598,0.1484099
 2.67152,0.1496393
 2.67708,0.1500924
 2.68265,0.1491057
 2.68822,0.1475655
 2.69381,0.1495300
 2.69942,0.1469433
 2.70503,0.1475987
 2.71065,0.1486733
 2.71629,0.1479211
 2.72194,0.1482913
 2.72760,0.1489782
 2.73327,0.1487018
 2.73895,0.1492686
 2.74465,0.1488654
 2.75036,0.1487989
 2.75608,0.1494631
 2.76181,0.1469463
 2.76755,0.1477898
 2.77331,0.1483487
 2.77907,0.1495980
 2.78485,0.1497471
 2.79064,0.1489912
 2.79645,0.1469216
 2.80226,0.1493386
 2.80809,0.1487846
 2.81393,0.1484783
 2.81978,0.1485472
 2.82564,0.1481388
 2.83152,0.1473368
 2.83741,0.1500842
 2.84331,0.1480314
 2.84922,0.1475030
 2.85514,0.1504491
 2.86108,0.1471768
 2.86703,0.1490312
 2.87299,0.1497493
 2.87897,0.1487403
 2.88495,0.1482921
 2.89095,0.1485865
 2.89696,0.1493301
 2.90299,0.1479357
 2.90902,0.1485459
 2.91507,0.1477099
 2.92113,0.1487192
 2.92721,0.1500794
 2.93330,0.1491588
 2.93940,0.1484292
 2.94551,0.1470089
 2.95163,0.1479286
 2.95777,0.1473207
 2.96392,0.1497892
 2.97008,0.1488871
 2.97626,0.1481328
 2.98245,0.1482837
 2.98865,0.1495234
 2.99487,0.1480837
 3.00109,0.1481547
 3.00733,0.1499470
 3.01359,0.1478869
 3.01985,0.1478576
 3.02613,0.1474128
 3.03243,0.1477392
 3.03873,0.1485489
 3.04505,0.1492760
 3.05138,0.1481302
 3.05773,0.1472971
 3.06409,0.1469249
 3.07046,0.1495144
 3.07684,0.1480235
 3.08324,0.1474863
 3.08965,0.1472707
 3.09608,0.1479026
 3.10252,0.1483067
 3.10897,0.1488331
 3.11543,0.1475265
 3.12191,0.1478661
 3.12840,0.1479810
 3.13491,0.1458467
 3.14143,0.1472162
 3.14796,0.1462321
 3.15450,0.1469934
 3.16106,0.1477946
 3.16764,0.1464283
 3.17422,0.1467612
 3.18082,0.1470316
 3.18744,0.1475065
 3.19407,0.1463510
 3.20071,0.1486578
 3.20736,0.1471672
 3.21403,0.1465875
 3.22072,0.1459133
 3.22741,0.1459798
 3.23413,0.1461183
 3.24085,0.1481269
 3.24759,0.1466225
 3.25434,0.1459188
 3.26111,0.1460191
 3.26789,0.1462588
 3.27469,0.1461315
 3.28150,0.1459447
 3.28832,0.1458598
 3.29516,0.1456600
 3.30201,0.1460517
 3.30888,0.1460415
 3.31576,0.1462725
 3.32265,0.1464179
 3.32956,0.1457657
 3.33649,0.1499407
 3.34342,0.1481601
 3.35038,0.1455090
 3.35734,0.1460069
 3.36432,0.1460557
 3.37132,0.1455102
 3.37833,0.1452503
 3.38536,0.1474772
 3.39240,0.1469628
 3.39945,0.1469183
 3.40652,0.1449128
 3.41360,0.1439536
 3.42070,0.1457517
 3.42781,0.1475029
 3.43494,0.1446995
 3.44208,0.1456273
 3.44924,0.1464175
 3.45641,0.1460029
 3.46360,0.1445459
 3.47080,0.1450075
 3.47802,0.1454227
 3.48525,0.1447396
 3.49250,0.1454482
 3.49976,0.1456956
 3.50704,0.1453632
 3.51433,0.1450549
 3.52164,0.1463096
 3.52896,0.1450601
 3.53630,0.1452473
 3.54366,0.1458803
 3.55103,0.1452528
 3.55841,0.1445394
 3.56581,0.1453230
 3.57322,0.1438310
 3.58065,0.1458915
 3.58810,0.1438010
 3.59556,0.1436192
 3.60304,0.1437499
 3.61053,0.1462606
 3.61804,0.1449318
 3.62556,0.1452425
 3.63310,0.1439057
 3.64066,0.1449304
 3.64823,0.1438023
 3.65581,0.1440127
 3.66341,0.1436810
 3.67103,0.1436556
 3.67867,0.1448533
 3.68632,0.1446390
 3.69398,0.1439204
 3.70166,0.1433980
 3.70936,0.1437295
 3.71707,0.1447932
 3.72480,0.1438740
 3.73255,0.1436085
 3.74031,0.1436496
 3.74809,0.1440921
 3.75588,0.1449422
 3.76369,0.1438798
 3.77152,0.1434888
 3.77936,0.1442623
 3.78722,0.1439163
 3.79509,0.1436981
 3.80299,0.1435223
 3.81089,0.1431759
 3.81882,0.1431926
 3.82676,0.1437373
 3.83472,0.1430850
 3.84269,0.1438598
 3.85068,0.1427265
 3.85869,0.1432417
 3.86671,0.1437404
 3.87475,0.1435110
 3.88281,0.1437399
 3.89089,0.1441384
 3.89898,0.1429297
 3.90708,0.1434378
 3.91521,0.1429818
 3.92335,0.1424817
 3.93151,0.1423611
 3.93968,0.1427816
 3.94788,0.1436280
 3.95609,0.1429425
 3.96431,0.1431342
 3.97256,0.1429307
 3.98082,0.1433504
 3.98909,0.1435096
 3.99739,0.1437281
 4.00570,0.1432607
 4.01403,0.1424642
 4.02238,0.1433684
 4.03074,0.1438456
 4.03912,0.1436810
 4.04752,0.1435660
 4.05594,0.1430992
 4.06437,0.1443618
 4.07283,0.1436356
 4.08129,0.1438610
 4.08978,0.1438112
 4.09829,0.1436327
 4.10681,0.1439096
 4.11535,0.1444307
 4.12391,0.1454250
 4.13248,0.1442463
 4.14107,0.1443074
 4.14968,0.1443046
 4.15831,0.1450135
 4.16696,0.1447754
 4.17563,0.1457473
 4.18431,0.1445124
 4.19301,0.1456160
 4.20173,0.1461976
 4.21047,0.1443282
 4.21922,0.1456164
 4.22800,0.1454448
 4.23679,0.1454013
 4.24560,0.1460938
 4.25443,0.1459580
 4.26327,0.1469704
 4.27214,0.1468803
 4.28102,0.1466188
 4.28992,0.1453890
 4.29884,0.1478086
 4.30778,0.1471469
 4.31674,0.1472315
 4.32572,0.1479095
 4.33471,0.1464688
 4.34373,0.1468886
 4.35276,0.1465047
 4.36181,0.1470810
 4.37088,0.1485231
 4.37997,0.1475682
 4.38908,0.1466166
 4.39820,0.1477470
 4.40735,0.1481765
 4.41651,0.1469204
 4.42570,0.1474945
 4.43490,0.1473761
 4.44412,0.1476583
 4.45336,0.1478933
 4.46263,0.1481602
 4.47191,0.1483367
 4.48120,0.1472830
 4.49052,0.1483205
 4.49986,0.1468928
 4.50922,0.1498528
 4.51859,0.1482124
 4.52799,0.1467353
 4.53741,0.1473379
 4.54684,0.1471957
 4.55630,0.1478275
 4.56577,0.1488801
 4.57527,0.1469555
 4.58478,0.1475216
 4.59431,0.1466744
 4.60387,0.1478770
 4.61344,0.1479086
 4.62303,0.1491725
 4.63265,0.1478101
 4.64228,0.1492484
 4.65193,0.1466701
 4.66161,0.1468283
 4.67130,0.1482566
 4.68101,0.1475073
 4.69075,0.1474365
 4.70050,0.1471059
 4.71028,0.1480403
 4.72007,0.1471624
 4.72989,0.1472219
 4.73972,0.1478323
 4.74958,0.1467869
 4.75945,0.1477153
 4.76935,0.1495186
 4.77927,0.1477474
 4.78921,0.1480318
 4.79917,0.1471566
 4.80915,0.1465405
 4.81915,0.1476501
 4.82917,0.1470706
 4.83921,0.1487251
 4.84927,0.1493509
 4.85936,0.1493780
 4.86946,0.1468582
 4.87959,0.1465728
 4.88973,0.1472723
 4.89990,0.1472236
 4.91009,0.1458554
 4.92030,0.1467559
 4.93053,0.1466360
 4.94078,0.1466964
 4.95106,0.1489307
 4.96135,0.1471188
 4.97167,0.1469896
 4.98201,0.1481761
 4.99237,0.1490213
 5.00275,0.1498851
 5.01315,0.1467229
 5.02358,0.1487437
 5.03402,0.1470120
 5.04449,0.1457567
 5.05498,0.1469364
 5.06549,0.1476096
 5.07603,0.1483826
 5.08658,0.1475717
 5.09716,0.1460734
 5.10776,0.1502531
 5.11838,0.1494381
 5.12902,0.1474796
 5.13969,0.1484808
 5.15038,0.1472841
 5.16109,0.1469296
 5.17182,0.1491431
 5.18257,0.1463650
 5.19335,0.1483502
 5.20415,0.1465099
 5.21497,0.1467790
 5.22581,0.1480829
 5.23668,0.1478135
 5.24757,0.1490902
 5.25848,0.1460444
 5.26942,0.1455898
 5.28038,0.1486049
 5.29136,0.1491301
 5.30236,0.1473381
 5.31339,0.1467449
 5.32443,0.1468891
 5.33551,0.1456826
 5.34660,0.1473988
 5.35772,0.1487507
 5.36886,0.1473282
 5.38002,0.1485192
 5.39121,0.1465966
 5.40242,0.1481137
 5.41366,0.1507298
 5.42491,0.1483249
 5.43619,0.1481425
 5.44750,0.1467745
 5.45883,0.1469848
 5.47018,0.1471517
 5.48155,0.1494759
 5.49295,0.1464273
 5.50437,0.1462048
 5.51582,0.1460803
 5.52729,0.1481839
 5.53878,0.1484801
 5.55030,0.1481992
 5.56184,0.1461509
 5.57341,0.1477709
 5.58500,0.1468399
 5.59661,0.1472418
 5.60825,0.1458873
 5.61991,0.1495205
 5.63160,0.1476219
 5.64331,0.1492452
 5.65504,0.1503496
 5.66680,0.1463285
 5.67858,0.1479680
 5.69039,0.1468698
 5.70222,0.1454669
 5.71408,0.1482174
 5.72596,0.1464638
 5.73787,0.1472397
 5.74980,0.1478983
 5.76176,0.1480389
 5.77374,0.1462730
 5.78575,0.1461968
 5.79778,0.1484337
 5.80983,0.1466945
 5.82191,0.1457984
 5.83402,0.1491267
 5.84615,0.1475689
 5.85831,0.1469512
 5.87049,0.1483306
 5.88270,0.1467371
 5.89493,0.1464325
 5.90719,0.1476206
 5.91948,0.1487360
 5.93178,0.1464020
 5.94412,0.1474482
 5.95648,0.1479246
 5.96886,0.1465477
 5.98128,0.1455076
 5.99371,0.1463477
 6.00618,0.1454461
 6.01867,0.1456673
 6.03118,0.1465957
 6.04373,0.1473777
 6.05629,0.1464206
 6.06888,0.1461971
 6.08151,0.1462071
 6.09415,0.1453600
 6.10682,0.1468028
 6.11952,0.1463322
 6.13225,0.1466400
 6.14500,0.1463075
 6.15778,0.1452159
 6.17058,0.1475375
 6.18341,0.1482469
 6.19627,0.1464260
 6.20916,0.1453166
 6.22207,0.1456445
 6.23501,0.1475390
 6.24797,0.1465870
 6.26096,0.1467903
 6.27398,0.1453034
 6.28703,0.1452544
 6.30010,0.1458540
 6.31321,0.1472445
 6.32633,0.1455663
 6.33949,0.1466655
 6.35267,0.1470263
 6.36588,0.1458340
 6.37912,0.1456112
 6.39238,0.1455559
 6.40567,0.1484621
 6.41900,0.1473164
 6.43234,0.1476543
 6.44572,0.1468083
 6.45912,0.1463291
 6.47255,0.1475051
 6.48601,0.1472274
 6.49950,0.1493493
 6.51302,0.1478251
 6.52656,0.1466219
 6.54013,0.1485989
 6.55373,0.1487471
 6.56736,0.1481510
 6.58102,0.1463270
 6.59470,0.1515845
 6.60841,0.1499902
 6.62215,0.1498072
 6.63592,0.1518624
 6.64973,0.1479990
 6.66355,0.1482787
 6.67741,0.1487581
 6.69129,0.1479990
 6.70521,0.1486153
 6.71915,0.1474379
 6.73312,0.1477098
 6.74712,0.1487725
 6.76115,0.1467180
 6.77521,0.1497524
 6.78930,0.1484788
 6.80342,0.1491410
 6.81757,0.1480515
 6.83174,0.1498275
 6.84595,0.1489185
 6.86019,0.1484437
 6.87445,0.1473261
 6.88875,0.1483826
 6.90307,0.1489322
 6.91743,0.1501274
 6.93181,0.1480898
 6.94622,0.1465449
 6.96067,0.1473357
 6.97514,0.1479934
 6.98965,0.1470636
 7.00418,0.1473670
 7.01875,0.1466207
 7.03334,0.1492344
 7.04797,0.1475573
 7.06262,0.1458727
 7.07731,0.1490525
 7.09203,0.1499478
 7.10677,0.1512872
 7.12155,0.1510121
 7.13636,0.1498538
 7.15120,0.1493045
 7.16607,0.1488535
 7.18097,0.1467946
 7.19590,0.1481438
 7.21087,0.1468908
 7.22586,0.1463804
 7.24089,0.1477709
 7.25595,0.1472228
 7.27103,0.1470317
 7.28615,0.1473832
 7.30131,0.1489254
 7.31649,0.1462927
 7.33170,0.1476337
 7.34695,0.1468711
 7.36222,0.1495819
 7.37753,0.1479966
 7.39288,0.1470476
 7.40825,0.1480234
 7.42365,0.1475463
 7.43909,0.1484105
 7.45456,0.1460722
 7.47006,0.1479011
 7.48559,0.1498985
 7.50116,0.1506566
 7.51676,0.1464679
 7.53239,0.1491469
 7.54805,0.1473454
 7.56375,0.1464362
 7.57948,0.1499548
 7.59524,0.1487615
 7.61103,0.1486630
 7.62686,0.1467069
 7.64272,0.1473545
 7.65861,0.1474273
 7.67453,0.1467154
 7.69049,0.1466273
 7.70649,0.1476759
 7.72251,0.1473729
 7.73857,0.1467784
 7.75466,0.1480351
 7.77079,0.1474301
 7.78695,0.1475835
 7.80314,0.1467875
 7.81936,0.1477952
 7.83562,0.1464942
 7.85192,0.1473715
 7.86825,0.1471042
 7.88461,0.1462721
 7.90100,0.1491563
 7.91743,0.1488511
 7.93390,0.1462143
 7.95039,0.1479737
 7.96693,0.1491787
 7.98349,0.1459856
 8.00009,0.1462659
 8.01673,0.1470148
 8.03340,0.1481062
 8.05010,0.1466759
 8.06685,0.1461901
 8.08362,0.1484694
 8.10043,0.1462429
 8.11727,0.1467118
 8.13415,0.1470900
 8.15107,0.1486071
 8.16802,0.1462711
 8.18500,0.1482797
 8.20202,0.1497052
 8.21908,0.1486772
 8.23617,0.1484661
 8.25330,0.1480682
 8.27046,0.1481815
 8.28766,0.1460571
 8.30489,0.1468352
 8.32216,0.1480054
 8.33946,0.1475266
 8.35681,0.1470684
 8.37418,0.1484883
 8.39160,0.1480342
 8.40905,0.1468908
 8.42653,0.1470493
 8.44405,0.1467266
 8.46161,0.1452600
 8.47921,0.1476113
 8.49684,0.1472220
 8.51451,0.1471395
 8.53221,0.1478833
 8.54996,0.1490954
 8.56774,0.1463580
 8.58555,0.1473145
 8.60341,0.1453254
 8.62130,0.1475399
 8.63922,0.1466843
 8.65719,0.1462187
 8.67519,0.1473380
 8.69323,0.1460842
 8.71131,0.1482730
 8.72942,0.1464882
 8.74757,0.1460266
 8.76576,0.1474609
 8.78399,0.1458180
 8.80226,0.1477451
 8.82056,0.1468199
 8.83890,0.1483123
 8.85728,0.1465014
 8.87570,0.1458751
 8.89416,0.1450034
 8.91265,0.1459932
 8.93119,0.1456816
 8.94976,0.1480352
 8.96837,0.1470850
 8.98702,0.1473209
 9.00571,0.1454681
 9.02443,0.1454303
 9.04320,0.1462552
 9.06200,0.1474963
 9.08085,0.1471301
 9.09973,0.1477575
 9.11865,0.1467418
 9.13761,0.1443062
 9.15662,0.1451871
 9.17566,0.1467728
 9.19473,0.1474035
 9.21386,0.1467780
 9.23302,0.1451448
 9.25221,0.1456555
 9.27145,0.1460845
 9.29074,0.1452864
 9.31005,0.1478593
 9.32941,0.1459812
 9.34881,0.1454307
 9.36825,0.1457224
 9.38773,0.1459991
 9.40725,0.1475949
 9.42682,0.1465938
 9.44642,0.1459833
 9.46606,0.1452751
 9.48575,0.1450463
 9.50547,0.1466145
 9.52524,0.1449205
 9.54505,0.1440889
 9.56489,0.1442324
 9.58478,0.1455256
 9.60471,0.1450022
 9.62469,0.1446777
 9.64470,0.1460975
 9.66475,0.1453938
 9.68485,0.1444581
 9.70499,0.1457075
 9.72517,0.1456267
 9.74540,0.1445549
 9.76566,0.1446262
 9.78597,0.1440456
 9.80632,0.1441270
 9.82671,0.1464941
 9.84714,0.1446539
 9.86762,0.1452845
 9.88814,0.1485989
 9.90870,0.1457020
 9.92931,0.1440725
 9.94995,0.1448614
 9.97064,0.1450257
 9.99138,0.1445485
10.01215,0.1478551
10.03297,0.1457501
10.05384,0.1449360
10.07474,0.1456619
10.09569,0.1467640
10.11669,0.1445968
10.13772,0.1453739
10.15880,0.1449281
10.17993,0.1449670
10.20110,0.1440625
10.22231,0.1459035
10.24357,0.1447111
10.26487,0.1450748
10.28621,0.1460857
10.30760,0.1448175
10.32904,0.1451425
10.35051,0.1446942
10.37204,0.1476427
10.39360,0.1446009
10.41522,0.1464480
10.43688,0.1448960
10.45858,0.1455386
10.48033,0.1445278
10.50212,0.1452642
10.52396,0.1449608
10.54584,0.1448395
10.56777,0.1475145
10.58975,0.1467935
10.61177,0.1448639
10.63383,0.1453505
10.65595,0.1451541
10.67810,0.1453298
10.70031,0.1450605
10.72256,0.1445858
10.74486,0.1454592
10.76720,0.1449927
10.78959,0.1455213
10.81203,0.1443200
10.83451,0.1446471
10.85704,0.1448224
10.87961,0.1455187
10.90224,0.1458708
10.92491,0.1459401
10.94763,0.1451299
10.97039,0.1455727
10.99320,0.1455814
11.01606,0.1465828
11.03897,0.1458793
11.06193,0.1451174
11.08493,0.1445981
11.10798,0.1453322
11.13108,0.1445198
11.15423,0.1454387
11.17742,0.1459587
11.20066,0.1459826
11.22395,0.1445332
11.24729,0.1443790
11.27068,0.1447609
11.29412,0.1459440
11.31760,0.1458216
11.34114,0.1437990
11.36472,0.1454179
11.38835,0.1451240
11.41204,0.1463918
11.43577,0.1461195
11.45954,0.1476225
11.48337,0.1448900
11.50725,0.1451777
11.53118,0.1464321
11.55516,0.1474839
11.57919,0.1448492
11.60327,0.1480732
11.62739,0.1463217
11.65157,0.1459639
11.67580,0.1453223
11.70008,0.1448417
11.72441,0.1467244
11.74879,0.1458541
11.77322,0.1494869
11.79770,0.1476183
11.82223,0.1460190
11.84682,0.1454829
11.87146,0.1468741
11.89614,0.1454453
11.92088,0.1451350
11.94567,0.1448402
11.97051,0.1459353
11.99540,0.1472180
12.02034,0.1466758
12.04534,0.1458250
12.07038,0.1472032
12.09548,0.1461853
12.12064,0.1450358
12.14584,0.1453808
12.17110,0.1441343
12.19641,0.1469583
12.22177,0.1450722
12.24718,0.1454424
12.27265,0.1471147
12.29817,0.1453555
12.32375,0.1471137
12.34937,0.1444280
12.37505,0.1457880
12.40078,0.1466646
12.42657,0.1473087
12.45241,0.1466542
12.47831,0.1448211
12.50425,0.1462022
12.53025,0.1473730
12.55631,0.1459662
12.58242,0.1456898
12.60858,0.1464314
12.63480,0.1466102
12.66108,0.1467458
12.68740,0.1462232
12.71379,0.1468723
12.74022,0.1477827
12.76672,0.1481419
12.79327,0.1461650
12.81987,0.1460077
12.84653,0.1483339
12.87324,0.1455496
12.90001,0.1483778
12.92683,0.1468118
12.95372,0.1462633
12.98065,0.1456446
13.00764,0.1452962
13.03469,0.1500163
13.06180,0.1451408
13.08896,0.1465042
13.11618,0.1460800
13.14345,0.1464079
13.17078,0.1464456
13.19817,0.1471221
13.22561,0.1484355
13.25312,0.1464901
13.28067,0.1463437
13.30829,0.1469815
13.33596,0.1487004
13.36370,0.1458842
13.39149,0.1465072
13.41933,0.1467305
13.44724,0.1471102
13.47520,0.1471281
13.50322,0.1487070
13.53130,0.1454716
13.55944,0.1467602
13.58763,0.1469767
13.61589,0.1466820
13.64420,0.1463464
13.67257,0.1456247
13.70101,0.1474259
13.72950,0.1473508
13.75804,0.1478122
13.78665,0.1468030
13.81532,0.1465124
13.84405,0.1480146
13.87284,0.1473480
13.90169,0.1461171
13.93060,0.1455130
13.95956,0.1470934
13.98859,0.1476147
14.01768,0.1507227
14.04683,0.1467256
14.07604,0.1453400
14.10531,0.1468486
14.13464,0.1486326
14.16403,0.1477105
14.19348,0.1464444
14.22300,0.1474753
14.25257,0.1461555
14.28221,0.1455576
14.31191,0.1463969
14.34167,0.1470524
14.37149,0.1472919
14.40138,0.1477319
14.43132,0.1464095
14.46133,0.1469573
14.49140,0.1476198
14.52154,0.1483139
14.55173,0.1477440
14.58200,0.1480272
14.61232,0.1463423
14.64270,0.1485656
14.67315,0.1468841
14.70366,0.1492204
14.73424,0.1456037
14.76488,0.1464230
14.79558,0.1494078
14.82635,0.1472186
14.85718,0.1468990
14.88807,0.1472552
14.91903,0.1469119
14.95006,0.1479300
14.98114,0.1498812
15.01229,0.1456132
15.04351,0.1477581
15.07479,0.1461502
15.10614,0.1472068
15.13755,0.1471205
15.16903,0.1504053
15.20057,0.1469591
15.23218,0.1464753
15.26386,0.1462190
15.29560,0.1461740
15.32740,0.1478034
15.35928,0.1469630
15.39121,0.1476756
15.42322,0.1498515
15.45529,0.1490593
15.48743,0.1479361
15.51964,0.1485345
15.55191,0.1479048
15.58425,0.1473494
15.61665,0.1487108
15.64913,0.1482766
15.68167,0.1471846
15.71428,0.1482406
15.74696,0.1474932
15.77970,0.1488277
15.81251,0.1464756
15.84539,0.1466986
15.87834,0.1467766
15.91136,0.1473824
15.94445,0.1480174
15.97760,0.1473387
16.01083,0.1474214
16.04412,0.1472909
16.07748,0.1466378
16.11091,0.1492564
16.14442,0.1466685
16.17799,0.1462673
16.21163,0.1490677
16.24534,0.1469781
16.27912,0.1472334
16.31297,0.1477970
16.34690,0.1456587
16.38089,0.1489468
16.41495,0.1474891
16.44908,0.1502854
16.48329,0.1476019
16.51756,0.1482330
16.55191,0.1482408
16.58633,0.1476187
16.62082,0.1472031
16.65539,0.1481233
16.69002,0.1474676
16.72472,0.1477085
16.75950,0.1462597
16.79435,0.1473158
16.82928,0.1469140
16.86427,0.1459363
16.89934,0.1472676
16.93448,0.1463928
16.96970,0.1465927
17.00498,0.1478180
17.04034,0.1460081
17.07578,0.1478889
17.11128,0.1487619
17.14687,0.1466842
17.18252,0.1473983
17.21825,0.1495584
17.25406,0.1475182
17.28994,0.1463155
17.32589,0.1477757
17.36192,0.1473378
17.39802,0.1479188
17.43420,0.1468619
17.47045,0.1486946
17.50678,0.1463735
17.54319,0.1473537
17.57967,0.1480882
17.61622,0.1476408
17.65285,0.1464020
17.68956,0.1471957
17.72634,0.1489655
17.76320,0.1466350
17.80014,0.1474215
17.83716,0.1472415
17.87425,0.1469724
17.91142,0.1477096
17.94867,0.1488782
17.98599,0.1459559
18.02339,0.1479607
18.06086,0.1473735
18.09842,0.1469954
18.13606,0.1482906
18.17377,0.1480712
18.21156,0.1471084
18.24943,0.1465795
18.28738,0.1481443
18.32541,0.1483607
18.36351,0.1478366
18.40170,0.1468190
18.43996,0.1481037
18.47831,0.1472251
18.51673,0.1510948
18.55524,0.1473594
18.59382,0.1493504
18.63249,0.1477032
18.67123,0.1464339
18.71006,0.1477532
18.74897,0.1492435
18.78795,0.1465329
18.82702,0.1473000
18.86617,0.1459113
18.90540,0.1474385
18.94471,0.1491124
18.98411,0.1499750
19.02358,0.1479898
19.06314,0.1478303
19.10278,0.1464399
19.14251,0.1482084
19.18231,0.1487380
19.22220,0.1470646
19.26217,0.1480312
19.30223,0.1491120
19.34236,0.1475853
19.38259,0.1469012
19.42289,0.1502018
19.46328,0.1479673
19.50375,0.1471925
19.54431,0.1462871
19.58495,0.1484877
19.62568,0.1467525
19.66649,0.1474436
19.70738,0.1467606
19.74836,0.1470158
19.78943,0.1467979
19.83058,0.1487749
19.87182,0.1481241
19.91314,0.1477368
19.95454,0.1489079
19.99604,0.1456763
20.03762,0.1464603
20.07929,0.1481563
20.12104,0.1467251
20.16288,0.1509576
20.20481,0.1496283
20.24682,0.1481897
20.28893,0.1482591
20.33112,0.1489431
20.37339,0.1492548
20.41576,0.1483377
20.45821,0.1495889
20.50075,0.1475098
20.54338,0.1485363
20.58610,0.1481587
20.62891,0.1484750
20.67181,0.1474114
20.71479,0.1482555
20.75787,0.1482657
20.80103,0.1500630
20.84429,0.1481936
20.88763,0.1464683
20.93106,0.1500389
20.97459,0.1484392
21.01821,0.1484643
21.06191,0.1480729
21.10571,0.1497182
21.14960,0.1471510
21.19357,0.1479702
21.23765,0.1485797
21.28181,0.1466140
21.32606,0.1477660
21.37041,0.1505229
21.41485,0.1480207
21.45938,0.1465805
21.50400,0.1477143
21.54872,0.1477553
21.59353,0.1479466
21.63843,0.1470532
21.68343,0.1500750
21.72852,0.1476910
21.77370,0.1474240
21.81898,0.1472669
21.86435,0.1479664
21.90981,0.1469166
21.95537,0.1477368
22.00103,0.1475474
22.04678,0.1484836
22.09262,0.1473861
22.13856,0.1472837
22.18460,0.1485266
22.23073,0.1490476
22.27696,0.1484930
22.32328,0.1464298
22.36970,0.1495934
22.41622,0.1480079
22.46283,0.1484261
22.50954,0.1471742
22.55635,0.1481757
22.60325,0.1490393
22.65026,0.1499337
22.69736,0.1469574
22.74455,0.1475626
22.79185,0.1461063
22.83924,0.1468730
22.88674,0.1482443
22.93433,0.1482817
22.98202,0.1479639
23.02981,0.1464470
23.07770,0.1490308
23.12569,0.1512946
23.17377,0.1465728
23.22196,0.1478601
23.27025,0.1470527
23.31864,0.1467253
23.36713,0.1501791
23.41572,0.1473577
23.46441,0.1483760
23.51320,0.1500229
23.56210,0.1480863
23.61110,0.1507009
23.66019,0.1479701
23.70939,0.1465767
23.75869,0.1484224
23.80810,0.1469917
23.85761,0.1479888
23.90722,0.1485222
23.95693,0.1480970
24.00675,0.1465434
24.05667,0.1463356
24.10669,0.1476983
24.15682,0.1465553
24.20705,0.1468108
24.25739,0.1470672
24.30783,0.1470059
24.35838,0.1483473
24.40903,0.1479021
24.45979,0.1475980
24.51065,0.1501582
24.56162,0.1474726
24.61269,0.1490427
24.66387,0.1474656
24.71516,0.1477821
24.76656,0.1498751
24.81806,0.1476021
24.86966,0.1475928
24.92138,0.1476688
24.97320,0.1491940
25.02513,0.1476722
25.07717,0.1480495
25.12932,0.1483447
25.18157,0.1477295
25.23394,0.1467116
25.28641,0.1462569
25.33899,0.1477005
25.39168,0.1476139
25.44448,0.1476356
25.49739,0.1478382
25.55041,0.1474953
25.60354,0.1482601
25.65678,0.1482929
25.71013,0.1501700
25.76360,0.1466148
25.81717,0.1466403
25.87086,0.1478422
25.92465,0.1504428
25.97856,0.1482634
26.03258,0.1483717
26.08672,0.1469643
26.14096,0.1477062
26.19532,0.1475947
26.24979,0.1467493
26.30438,0.1473074
26.35907,0.1479181
26.41389,0.1483608
26.46881,0.1474482
26.52385,0.1475218
26.57901,0.1503207
26.63428,0.1490687
26.68966,0.1486091
26.74516,0.1478222
26.80078,0.1483561
26.85651,0.1467065
26.91235,0.1471470
26.96832,0.1461221
27.02439,0.1466316
27.08059,0.1475843
27.13690,0.1486499
27.19333,0.1473005
27.24988,0.1481654
27.30654,0.1483298
27.36333,0.1459346
27.42023,0.1459077
27.47725,0.1466193
27.53438,0.1465536
27.59164,0.1479163
27.64902,0.1471480
27.70651,0.1464487
27.76412,0.1457855
27.82186,0.1473377
27.87971,0.1486996
27.93768,0.1472202
27.99578,0.1479112
28.05400,0.1481256
28.11233,0.1483206
28.17079,0.1498052
28.22937,0.1486845
28.28807,0.1474772
28.34689,0.1484474
28.40584,0.1497275
28.46491,0.1479580
28.52410,0.1485038
28.58341,0.1484396
28.64285,0.1473427
28.70241,0.1472491
28.76210,0.1471379
28.82191,0.1469497
28.88184,0.1461816
28.94190,0.1469359
29.00208,0.1473539
29.06239,0.1466883
29.12282,0.1472668
29.18338,0.1472649
29.24407,0.1485728
29.30488,0.1464139
29.36581,0.1472556
29.42688,0.1467474
29.48807,0.1509225
29.54939,0.1484313
29.61083,0.1473008
29.67241,0.1466605
29.73411,0.1483948
29.79594,0.1468603
29.85790,0.1491510
29.91999,0.1484437
29.97776,0.1507965
