wav,rprs
 0.27333,0.1412097
 0.27410,0.1412033
 0.27487,0.1411969
 0.27564,0.1411904
 0.27641,0.1411840
 0.27718,0.1411777
 0.27795,0.1411713
 0.27872,0.1411650
 0.27949,0.1411586
 0.28026,0.1411523
 0.28103,0.1411460
 0.28180,0.1411398
 0.28257,0.1411335
 0.28334,0.1411273
 0.28411,0.1411210
 0.28488,0.1411148
 0.28565,0.1411086
 0.28642,0.1411025
 0.28719,0.1410963
 0.28796,0.1410902
 0.28873,0.1410841
 0.28950,0.1410780
 0.29027,0.1410719
 0.29104,0.1410658
 0.29181,0.1410597
 0.29258,0.1410537
 0.29335,0.1410477
 0.29412,0.1410416
 0.29489,0.1410356
 0.29566,0.1410297
 0.29643,0.1410237
 0.29720,0.1410177
 0.29797,0.1410118
 0.29874,0.1410059
 0.29951,0.1410000
 0.30028,0.1409941
 0.30105,0.1409882
 0.30182,0.1409824
 0.30259,0.1409765
 0.30336,0.1409707
 0.30413,0.1409649
 0.30490,0.1409591
 0.30567,0.1409533
 0.30644,0.1409476
 0.30721,0.1409418
 0.30798,0.1409360
 0.30875,0.1409303
 0.30952,0.1409246
 0.31029,0.1409189
 0.31106,0.1409132
 0.31183,0.1409076
 0.31260,0.1409019
 0.31337,0.1408963
 0.31414,0.1408906
 0.31491,0.1408850
 0.31568,0.1408794
 0.31645,0.1408738
 0.31722,0.1408683
 0.31799,0.1408627
 0.31876,0.1408572
 0.31953,0.1408516
 0.32030,0.1408461
 0.32107,0.1408406
 0.32184,0.1408351
 0.32261,0.1408296
 0.32338,0.1408242
 0.32415,0.1408187
 0.32492,0.1408133
 0.32569,0.1408078
 0.32646,0.1408024
 0.32723,0.1407970
 0.32800,0.1407916
 0.32877,0.1407863
 0.32954,0.1407809
 0.33031,0.1407755
 0.33108,0.1407702
 0.33185,0.1407649
 0.33262,0.1407596
 0.33339,0.1407543
 0.33416,0.1407490
 0.33493,0.1407437
 0.33570,0.1407384
 0.33647,0.1407332
 0.33724,0.1407279
 0.33801,0.1407227
 0.33878,0.1407175
 0.33955,0.1407123
 0.34032,0.1407071
 0.34109,0.1407019
 0.34186,0.1406967
 0.34263,0.1406916
 0.34340,0.1406864
 0.34417,0.1406813
 0.34494,0.1406762
 0.34571,0.1406710
 0.34648,0.1406659
 0.34725,0.1406609
 0.34802,0.1406558
 0.34879,0.1406507
 0.34956,0.1406457
 0.35031,0.1406417
 0.35104,0.1406377
 0.35177,0.1406338
 0.35250,0.1406298
 0.35323,0.1406258
 0.35397,0.1406217
 0.35471,0.1406176
 0.35544,0.1406135
 0.35618,0.1406094
 0.35692,0.1406053
 0.35766,0.1406013
 0.35841,0.1405974
 0.35915,0.1405934
 0.35990,0.1405893
 0.36065,0.1405853
 0.36140,0.1405812
 0.36215,0.1405770
 0.36290,0.1405729
 0.36366,0.1405689
 0.36441,0.1405649
 0.36517,0.1405610
 0.36593,0.1405569
 0.36669,0.1405529
 0.36746,0.1405488
 0.36822,0.1405447
 0.36898,0.1405405
 0.36975,0.1405365
 0.37052,0.1405325
 0.37129,0.1405286
 0.37206,0.1405246
 0.37284,0.1405205
 0.37361,0.1405164
 0.37439,0.1405123
 0.37517,0.1405082
 0.37595,0.1405041
 0.37673,0.1405001
 0.37751,0.1404961
 0.37830,0.1404922
 0.37908,0.1404881
 0.37987,0.1404841
 0.38066,0.1404800
 0.38145,0.1404759
 0.38225,0.1404717
 0.38304,0.1404677
 0.38384,0.1404637
 0.38464,0.1404598
 0.38544,0.1404558
 0.38624,0.1404517
 0.38704,0.1404477
 0.38785,0.1404435
 0.38865,0.1404394
 0.38946,0.1404353
 0.39027,0.1404313
 0.39108,0.1404274
 0.39190,0.1404234
 0.39271,0.1404194
 0.39353,0.1404153
 0.39435,0.1404112
 0.39517,0.1404071
 0.39599,0.1404030
 0.39681,0.1403990
 0.39764,0.1403950
 0.39846,0.1403911
 0.39929,0.1403871
 0.40012,0.1403832
 0.40095,0.1403792
 0.40179,0.1403754
 0.40262,0.1403720
 0.40346,0.1403720
 0.40430,0.1406698
 0.40514,0.1404099
 0.40598,0.1403572
 0.40683,0.1403516
 0.40767,0.1403470
 0.40852,0.1403427
 0.40937,0.1403385
 0.41022,0.1403343
 0.41107,0.1403302
 0.41193,0.1403263
 0.41279,0.1403223
 0.41364,0.1403183
 0.41450,0.1403142
 0.41537,0.1403101
 0.41623,0.1403060
 0.41710,0.1403018
 0.41796,0.1402978
 0.41883,0.1402938
 0.41970,0.1402898
 0.42058,0.1402858
 0.42145,0.1402818
 0.42233,0.1402777
 0.42320,0.1402736
 0.42408,0.1402695
 0.42497,0.1402653
 0.42585,0.1402614
 0.42674,0.1402574
 0.42762,0.1402534
 0.42851,0.1402494
 0.42940,0.1402454
 0.43030,0.1402413
 0.43119,0.1402372
 0.43209,0.1402330
 0.43299,0.1402289
 0.43389,0.1402250
 0.43479,0.1402210
 0.43569,0.1402171
 0.43660,0.1402130
 0.43751,0.1402089
 0.43842,0.1402048
 0.43933,0.1402007
 0.44024,0.1401966
 0.44116,0.1401926
 0.44207,0.1401887
 0.44299,0.1401847
 0.44392,0.1401807
 0.44484,0.1401767
 0.44576,0.1401725
 0.44669,0.1401684
 0.44762,0.1401643
 0.44855,0.1401602
 0.44948,0.1401563
 0.45042,0.1401523
 0.45135,0.1401483
 0.45229,0.1401443
 0.45323,0.1401402
 0.45418,0.1401361
 0.45512,0.1401320
 0.45607,0.1401279
 0.45701,0.1401239
 0.45796,0.1401200
 0.45892,0.1401160
 0.45987,0.1401120
 0.46083,0.1401079
 0.46179,0.1401039
 0.46275,0.1400997
 0.46371,0.1400956
 0.46467,0.1400916
 0.46564,0.1400877
 0.46661,0.1400841
 0.46758,0.1400798
 0.46855,0.1400757
 0.46952,0.1400717
 0.47050,0.1400677
 0.47148,0.1400635
 0.47246,0.1400594
 0.47344,0.1400560
 0.47443,0.1400515
 0.47541,0.1400476
 0.47640,0.1400436
 0.47739,0.1400396
 0.47838,0.1400355
 0.47938,0.1400315
 0.48038,0.1400275
 0.48138,0.1400233
 0.48238,0.1400195
 0.48338,0.1400156
 0.48438,0.1400118
 0.48539,0.1400077
 0.48640,0.1400038
 0.48741,0.1400200
 0.48843,0.1399956
 0.48944,0.1399915
 0.49046,0.1399876
 0.49148,0.1399839
 0.49250,0.1399801
 0.49353,0.1399760
 0.49455,0.1399723
 0.49558,0.1399686
 0.49661,0.1399646
 0.49764,0.1399604
 0.49868,0.1399585
 0.49972,0.1399526
 0.50075,0.1399488
 0.50180,0.1399452
 0.50284,0.1399416
 0.50388,0.1399374
 0.50493,0.1399338
 0.50598,0.1399298
 0.50703,0.1399262
 0.50809,0.1399222
 0.50915,0.1399183
 0.51020,0.1399203
 0.51127,0.1399118
 0.51233,0.1399078
 0.51339,0.1399041
 0.51446,0.1399003
 0.51553,0.1398968
 0.51660,0.1398933
 0.51768,0.1398898
 0.51875,0.1398862
 0.51983,0.1398830
 0.52091,0.1398802
 0.52200,0.1398765
 0.52308,0.1398734
 0.52417,0.1398706
 0.52526,0.1398674
 0.52635,0.1398644
 0.52745,0.1398619
 0.52854,0.1398587
 0.52964,0.1398559
 0.53074,0.1398534
 0.53185,0.1398510
 0.53295,0.1398492
 0.53406,0.1398475
 0.53517,0.1398450
 0.53629,0.1398607
 0.53740,0.1398416
 0.53852,0.1398399
 0.53964,0.1398388
 0.54076,0.1398382
 0.54188,0.1398378
 0.54301,0.1398374
 0.54414,0.1398365
 0.54527,0.1398365
 0.54641,0.1398379
 0.54754,0.1398376
 0.54868,0.1398389
 0.54982,0.1398412
 0.55096,0.1398420
 0.55211,0.1398445
 0.55326,0.1398473
 0.55441,0.1398507
 0.55556,0.1398547
 0.55672,0.1398594
 0.55787,0.1398650
 0.55903,0.1398711
 0.56020,0.1398779
 0.56136,0.1398854
 0.56253,0.1398940
 0.56370,0.1399036
 0.56487,0.1399141
 0.56605,0.1399257
 0.56722,0.1399392
 0.56840,0.1399667
 0.56958,0.1399696
 0.57077,0.1399859
 0.57196,0.1400050
 0.57315,0.1400258
 0.57434,0.1400494
 0.57553,0.1400759
 0.57673,0.1401050
 0.57793,0.1401379
 0.57913,0.1401749
 0.58033,0.1402197
 0.58154,0.1402682
 0.58275,0.1403277
 0.58396,0.1404005
 0.58518,0.1404943
 0.58639,0.1406264
 0.58761,0.1408918
 0.58883,0.1418278
 0.59006,0.1414112
 0.59129,0.1407580
 0.59251,0.1405664
 0.59375,0.1404531
 0.59498,0.1403677
 0.59622,0.1403000
 0.59746,0.1402427
 0.59870,0.1401940
 0.59995,0.1401516
 0.60119,0.1401141
 0.60244,0.1400803
 0.60370,0.1400485
 0.60495,0.1400195
 0.60621,0.1399948
 0.60747,0.1399704
 0.60873,0.1399465
 0.61000,0.1399254
 0.61127,0.1399051
 0.61254,0.1398863
 0.61381,0.1398684
 0.61509,0.1398505
 0.61637,0.1398360
 0.61765,0.1398196
 0.61893,0.1398049
 0.62022,0.1397902
 0.62151,0.1397765
 0.62280,0.1397635
 0.62410,0.1397506
 0.62540,0.1397394
 0.62670,0.1397271
 0.62800,0.1397157
 0.62931,0.1397044
 0.63061,0.1396947
 0.63193,0.1396838
 0.63324,0.1396741
 0.63456,0.1396642
 0.63588,0.1396545
 0.63720,0.1396456
 0.63852,0.1396369
 0.63985,0.1396290
 0.64118,0.1396187
 0.64251,0.1396125
 0.64385,0.1396086
 0.64519,0.1396077
 0.64653,0.1395911
 0.64788,0.1395835
 0.64922,0.1395750
 0.65057,0.1395676
 0.65193,0.1395693
 0.65328,0.1395531
 0.65464,0.1395454
 0.65600,0.1395481
 0.65737,0.1395347
 0.65873,0.1395367
 0.66010,0.1395256
 0.66147,0.1395154
 0.66285,0.1395135
 0.66423,0.1395048
 0.66561,0.1395034
 0.66699,0.1394933
 0.66838,0.1394900
 0.66977,0.1394829
 0.67116,0.1394773
 0.67256,0.1394753
 0.67396,0.1394687
 0.67536,0.1394632
 0.67676,0.1394579
 0.67817,0.1394532
 0.67958,0.1394517
 0.68099,0.1394445
 0.68241,0.1394424
 0.68383,0.1394365
 0.68525,0.1394317
 0.68668,0.1394322
 0.68810,0.1394297
 0.68953,0.1394297
 0.69097,0.1394325
 0.69241,0.1395058
 0.69385,0.1394841
 0.69529,0.1394231
 0.69673,0.1394504
 0.69818,0.1394256
 0.69963,0.1394158
 0.70109,0.1394313
 0.70255,0.1394472
 0.70401,0.1394195
 0.70547,0.1394556
 0.70694,0.1394172
 0.70841,0.1394330
 0.70988,0.1394197
 0.71136,0.1394578
 0.71284,0.1394413
 0.71432,0.1394527
 0.71581,0.1394684
 0.71729,0.1395774
 0.71879,0.1394809
 0.72028,0.1394971
 0.72178,0.1395379
 0.72328,0.1395577
 0.72478,0.1395018
 0.72629,0.1395213
 0.72780,0.1395330
 0.72931,0.1394938
 0.73083,0.1395441
 0.73235,0.1395321
 0.73387,0.1395486
 0.73540,0.1395410
 0.73693,0.1395684
 0.73846,0.1395743
 0.74000,0.1396297
 0.74153,0.1395960
 0.74308,0.1396061
 0.74462,0.1396515
 0.74617,0.1396483
 0.74772,0.1397141
 0.74928,0.1397017
 0.75083,0.1397431
 0.75240,0.1397638
 0.75396,0.1398049
 0.75553,0.1398452
 0.75710,0.1398879
 0.75867,0.1399475
 0.76025,0.1400212
 0.76183,0.1401126
 0.76342,0.1402435
 0.76500,0.1405512
 0.76659,0.1412138
 0.76819,0.1405949
 0.76979,0.1410663
 0.77139,0.1404342
 0.77299,0.1401666
 0.77460,0.1400482
 0.77621,0.1399657
 0.77782,0.1399008
 0.77944,0.1398468
 0.78106,0.1398022
 0.78269,0.1397608
 0.78431,0.1397228
 0.78594,0.1396925
 0.78758,0.1396622
 0.78922,0.1396397
 0.79086,0.1396163
 0.79250,0.1395879
 0.79415,0.1395662
 0.79580,0.1395411
 0.79746,0.1395254
 0.79911,0.1395069
 0.80078,0.1394887
 0.80244,0.1394834
 0.80411,0.1394611
 0.80578,0.1394633
 0.80746,0.1394532
 0.80914,0.1394962
 0.81082,0.1394612
 0.81251,0.1395833
 0.81419,0.1395258
 0.81589,0.1394075
 0.81758,0.1396304
 0.81928,0.1395665
 0.82099,0.1393875
 0.82270,0.1393705
 0.82441,0.1393865
 0.82612,0.1395839
 0.82784,0.1393264
 0.82956,0.1394319
 0.83128,0.1393366
 0.83301,0.1393199
 0.83475,0.1392836
 0.83648,0.1393002
 0.83822,0.1393031
 0.83996,0.1392986
 0.84171,0.1393679
 0.84346,0.1392903
 0.84521,0.1394439
 0.84697,0.1392905
 0.84873,0.1392426
 0.85050,0.1392992
 0.85227,0.1392431
 0.85404,0.1391993
 0.85581,0.1393132
 0.85759,0.1392143
 0.85938,0.1393301
 0.86116,0.1392425
 0.86296,0.1392116
 0.86475,0.1391913
 0.86655,0.1392109
 0.86835,0.1391567
 0.87016,0.1391743
 0.87197,0.1392052
 0.87378,0.1391435
 0.87560,0.1391346
 0.87742,0.1391027
 0.87924,0.1391036
 0.88107,0.1390925
 0.88290,0.1391215
 0.88474,0.1390848
 0.88658,0.1390632
 0.88842,0.1390785
 0.89027,0.1391489
 0.89212,0.1395579
 0.89397,0.1391368
 0.89583,0.1391762
 0.89770,0.1392155
 0.89956,0.1391500
 0.90143,0.1393830
 0.90331,0.1392486
 0.90519,0.1391554
 0.90707,0.1391064
 0.90895,0.1394236
 0.91084,0.1391383
 0.91274,0.1391068
 0.91464,0.1393568
 0.91654,0.1392289
 0.91844,0.1394394
 0.92035,0.1391112
 0.92227,0.1393467
 0.92419,0.1396386
 0.92611,0.1393577
 0.92803,0.1402300
 0.92996,0.1396911
 0.93190,0.1399742
 0.93384,0.1398817
 0.93578,0.1398103
 0.93772,0.1398712
 0.93967,0.1397621
 0.94163,0.1397411
 0.94359,0.1396402
 0.94555,0.1398776
 0.94751,0.1399623
 0.94948,0.1394778
 0.95146,0.1394799
 0.95344,0.1396467
 0.95542,0.1400965
 0.95741,0.1399939
 0.95940,0.1397624
 0.96139,0.1397684
 0.96339,0.1397467
 0.96539,0.1399655
 0.96740,0.1396983
 0.96941,0.1398726
 0.97143,0.1400590
 0.97345,0.1398599
 0.97547,0.1396959
 0.97750,0.1400736
 0.97953,0.1397918
 0.98157,0.1398411
 0.98361,0.1398207
 0.98566,0.1396968
 0.98771,0.1396640
 0.98976,0.1398274
 0.99182,0.1398480
 0.99388,0.1396019
 0.99595,0.1397875
 0.99802,0.1397251
 1.00010,0.1396217
 1.00217,0.1396271
 1.00426,0.1395329
 1.00635,0.1396888
 1.00844,0.1398616
 1.01054,0.1396008
 1.01264,0.1396796
 1.01474,0.1396128
 1.01685,0.1393667
 1.01897,0.1394525
 1.02109,0.1394643
 1.02321,0.1393038
 1.02534,0.1392427
 1.02747,0.1393855
 1.02961,0.1393464
 1.03175,0.1393156
 1.03389,0.1392062
 1.03604,0.1391563
 1.03820,0.1393426
 1.04036,0.1391911
 1.04252,0.1392448
 1.04469,0.1391986
 1.04686,0.1392983
 1.04904,0.1392374
 1.05122,0.1391578
 1.05340,0.1392003
 1.05559,0.1391292
 1.05779,0.1392193
 1.05999,0.1391606
 1.06219,0.1390997
 1.06440,0.1391353
 1.06662,0.1391197
 1.06883,0.1391029
 1.07106,0.1391842
 1.07328,0.1391754
 1.07552,0.1389995
 1.07775,0.1391259
 1.07999,0.1390204
 1.08224,0.1389526
 1.08449,0.1390591
 1.08674,0.1391685
 1.08900,0.1393161
 1.09127,0.1393375
 1.09354,0.1399509
 1.09581,0.1395272
 1.09809,0.1398976
 1.10037,0.1400491
 1.10266,0.1401464
 1.10495,0.1397883
 1.10725,0.1400134
 1.10956,0.1397610
 1.11186,0.1400052
 1.11417,0.1397919
 1.11649,0.1401095
 1.11881,0.1396022
 1.12114,0.1400396
 1.12347,0.1399533
 1.12581,0.1402383
 1.12815,0.1403035
 1.13049,0.1402307
 1.13284,0.1400595
 1.13520,0.1401598
 1.13756,0.1398449
 1.13993,0.1402395
 1.14230,0.1403514
 1.14467,0.1402443
 1.14705,0.1401677
 1.14944,0.1398603
 1.15183,0.1402085
 1.15422,0.1399889
 1.15662,0.1398582
 1.15903,0.1399554
 1.16144,0.1404455
 1.16385,0.1399454
 1.16627,0.1399200
 1.16870,0.1399677
 1.17113,0.1398533
 1.17356,0.1404257
 1.17600,0.1398709
 1.17845,0.1398096
 1.18090,0.1401414
 1.18336,0.1399702
 1.18582,0.1397664
 1.18828,0.1401950
 1.19075,0.1401359
 1.19323,0.1399038
 1.19571,0.1398816
 1.19820,0.1402354
 1.20069,0.1400392
 1.20319,0.1397719
 1.20569,0.1397919
 1.20820,0.1398624
 1.21071,0.1398422
 1.21323,0.1399205
 1.21575,0.1397482
 1.21828,0.1397553
 1.22081,0.1396585
 1.22335,0.1396635
 1.22589,0.1399241
 1.22844,0.1399534
 1.23100,0.1396034
 1.23356,0.1395849
 1.23612,0.1398470
 1.23869,0.1396776
 1.24127,0.1395724
 1.24385,0.1396694
 1.24643,0.1396048
 1.24903,0.1395545
 1.25162,0.1396438
 1.25423,0.1397052
 1.25683,0.1393441
 1.25945,0.1396475
 1.26207,0.1396970
 1.26469,0.1395479
 1.26732,0.1393102
 1.26996,0.1394102
 1.27260,0.1393877
 1.27524,0.1395915
 1.27789,0.1393273
 1.28055,0.1394317
 1.28322,0.1394440
 1.28588,0.1399009
 1.28856,0.1395256
 1.29124,0.1393407
 1.29392,0.1391802
 1.29661,0.1393856
 1.29931,0.1394999
 1.30201,0.1395202
 1.30472,0.1395237
 1.30743,0.1397398
 1.31015,0.1397288
 1.31287,0.1398150
 1.31560,0.1399773
 1.31834,0.1397352
 1.32108,0.1398602
 1.32383,0.1395770
 1.32658,0.1396942
 1.32934,0.1403466
 1.33210,0.1408070
 1.33487,0.1407162
 1.33765,0.1409048
 1.34043,0.1406532
 1.34322,0.1410505
 1.34601,0.1409870
 1.34881,0.1408026
 1.35162,0.1413783
 1.35443,0.1410148
 1.35724,0.1407371
 1.36007,0.1409130
 1.36289,0.1411265
 1.36573,0.1408371
 1.36857,0.1406781
 1.37141,0.1410290
 1.37426,0.1406249
 1.37712,0.1413012
 1.37999,0.1410372
 1.38286,0.1409902
 1.38573,0.1413168
 1.38861,0.1409143
 1.39150,0.1413866
 1.39439,0.1412212
 1.39729,0.1414108
 1.40020,0.1414008
 1.40311,0.1410216
 1.40603,0.1414606
 1.40895,0.1412642
 1.41188,0.1410056
 1.41482,0.1412557
 1.41776,0.1415236
 1.42071,0.1412358
 1.42366,0.1414528
 1.42662,0.1413891
 1.42959,0.1411601
 1.43256,0.1411355
 1.43554,0.1412629
 1.43853,0.1410898
 1.44152,0.1413656
 1.44452,0.1413236
 1.44752,0.1411462
 1.45053,0.1408062
 1.45355,0.1413207
 1.45657,0.1417314
 1.45960,0.1409798
 1.46263,0.1412903
 1.46567,0.1413529
 1.46872,0.1410530
 1.47178,0.1410850
 1.47484,0.1413797
 1.47790,0.1415247
 1.48098,0.1412615
 1.48406,0.1412095
 1.48714,0.1409393
 1.49023,0.1411289
 1.49333,0.1410325
 1.49644,0.1410213
 1.49955,0.1410190
 1.50267,0.1410189
 1.50579,0.1408951
 1.50892,0.1409945
 1.51206,0.1409671
 1.51521,0.1409726
 1.51836,0.1408208
 1.52151,0.1406927
 1.52468,0.1408383
 1.52785,0.1408248
 1.53103,0.1408707
 1.53421,0.1409305
 1.53740,0.1407032
 1.54060,0.1409460
 1.54380,0.1409508
 1.54701,0.1409799
 1.55023,0.1407842
 1.55345,0.1406912
 1.55668,0.1405027
 1.55992,0.1404354
 1.56316,0.1404623
 1.56641,0.1404530
 1.56967,0.1404377
 1.57293,0.1406166
 1.57620,0.1406227
 1.57948,0.1404636
 1.58277,0.1404342
 1.58606,0.1406115
 1.58936,0.1403742
 1.59266,0.1400061
 1.59597,0.1402662
 1.59929,0.1402611
 1.60262,0.1402086
 1.60595,0.1401147
 1.60929,0.1403437
 1.61264,0.1403662
 1.61599,0.1403666
 1.61935,0.1401412
 1.62272,0.1400382
 1.62609,0.1401710
 1.62947,0.1401098
 1.63286,0.1400149
 1.63626,0.1402520
 1.63966,0.1398410
 1.64307,0.1400904
 1.64648,0.1397040
 1.64991,0.1402083
 1.65334,0.1399545
 1.65678,0.1398577
 1.66022,0.1399949
 1.66367,0.1399653
 1.66713,0.1396982
 1.67060,0.1399225
 1.67408,0.1398417
 1.67756,0.1396144
 1.68104,0.1397616
 1.68454,0.1398178
 1.68804,0.1395038
 1.69155,0.1396842
 1.69507,0.1397439
 1.69860,0.1397001
 1.70213,0.1399634
 1.70567,0.1398447
 1.70921,0.1401684
 1.71277,0.1400774
 1.71633,0.1402331
 1.71990,0.1402674
 1.72348,0.1401731
 1.72706,0.1407600
 1.73065,0.1402438
 1.73425,0.1403777
 1.73786,0.1401393
 1.74147,0.1403039
 1.74509,0.1407216
 1.74872,0.1404454
 1.75236,0.1409214
 1.75600,0.1405630
 1.75965,0.1408763
 1.76331,0.1413043
 1.76698,0.1410589
 1.77065,0.1402958
 1.77433,0.1413155
 1.77802,0.1407709
 1.78172,0.1413695
 1.78543,0.1409592
 1.78914,0.1409816
 1.79286,0.1408659
 1.79659,0.1404738
 1.80032,0.1413056
 1.80407,0.1412772
 1.80782,0.1405537
 1.81158,0.1407969
 1.81534,0.1407326
 1.81912,0.1409866
 1.82290,0.1410950
 1.82669,0.1412861
 1.83049,0.1409741
 1.83430,0.1412914
 1.83811,0.1412820
 1.84193,0.1418039
 1.84576,0.1408493
 1.84960,0.1406608
 1.85345,0.1413271
 1.85730,0.1415017
 1.86116,0.1411509
 1.86503,0.1411895
 1.86891,0.1416480
 1.87280,0.1414676
 1.87669,0.1408900
 1.88060,0.1414910
 1.88451,0.1413672
 1.88842,0.1410488
 1.89235,0.1412087
 1.89629,0.1407867
 1.90023,0.1406663
 1.90418,0.1410377
 1.90814,0.1412768
 1.91211,0.1415528
 1.91608,0.1411237
 1.92007,0.1412249
 1.92406,0.1409619
 1.92806,0.1411014
 1.93207,0.1409433
 1.93609,0.1411362
 1.94012,0.1412223
 1.94415,0.1413800
 1.94819,0.1407473
 1.95224,0.1412586
 1.95630,0.1406659
 1.96037,0.1412831
 1.96445,0.1409740
 1.96853,0.1414295
 1.97263,0.1413238
 1.97673,0.1415625
 1.98084,0.1407612
 1.98496,0.1412346
 1.98909,0.1412144
 1.99322,0.1414449
 1.99737,0.1410621
 2.00152,0.1411288
 2.00568,0.1412726
 2.00985,0.1415100
 2.01403,0.1411451
 2.01822,0.1411747
 2.02242,0.1411545
 2.02662,0.1414496
 2.03084,0.1412297
 2.03506,0.1407889
 2.03929,0.1411792
 2.04353,0.1407018
 2.04778,0.1415232
 2.05204,0.1407526
 2.05631,0.1413348
 2.06058,0.1409251
 2.06487,0.1408706
 2.06916,0.1406463
 2.07346,0.1410155
 2.07778,0.1405228
 2.08210,0.1404715
 2.08643,0.1409427
 2.09076,0.1406173
 2.09511,0.1410315
 2.09947,0.1406382
 2.10383,0.1404246
 2.10821,0.1407298
 2.11259,0.1403885
 2.11699,0.1408234
 2.12139,0.1403792
 2.12580,0.1404445
 2.13022,0.1405409
 2.13465,0.1405741
 2.13909,0.1407739
 2.14354,0.1403024
 2.14799,0.1404970
 2.15246,0.1406014
 2.15694,0.1405728
 2.16142,0.1405516
 2.16592,0.1401996
 2.17042,0.1402141
 2.17493,0.1407549
 2.17946,0.1403651
 2.18399,0.1399886
 2.18853,0.1401277
 2.19308,0.1402811
 2.19764,0.1402491
 2.20221,0.1403328
 2.20679,0.1401362
 2.21138,0.1404582
 2.21598,0.1402929
 2.22059,0.1401006
 2.22520,0.1403317
 2.22983,0.1401659
 2.23447,0.1400080
 2.23911,0.1400313
 2.24377,0.1399918
 2.24844,0.1403446
 2.25311,0.1400579
 2.25780,0.1403718
 2.26249,0.1399052
 2.26720,0.1397987
 2.27191,0.1400479
 2.27663,0.1398680
 2.28137,0.1400036
 2.28611,0.1396768
 2.29087,0.1398993
 2.29563,0.1405896
 2.30040,0.1401759
 2.30519,0.1401435
 2.30998,0.1400314
 2.31478,0.1401263
 2.31960,0.1407416
 2.32442,0.1410154
 2.32925,0.1402659
 2.33410,0.1405263
 2.33895,0.1404358
 2.34382,0.1403413
 2.34869,0.1402534
 2.35357,0.1405752
 2.35847,0.1412254
 2.36337,0.1404566
 2.36829,0.1398411
 2.37321,0.1403761
 2.37815,0.1400733
 2.38309,0.1406870
 2.38805,0.1406540
 2.39301,0.1404712
 2.39799,0.1405789
 2.40298,0.1407509
 2.40797,0.1412148
 2.41298,0.1412940
 2.41800,0.1405895
 2.42302,0.1404066
 2.42806,0.1409055
 2.43311,0.1408394
 2.43817,0.1406907
 2.44324,0.1411652
 2.44832,0.1410957
 2.45341,0.1414215
 2.45852,0.1413921
 2.46363,0.1420148
 2.46875,0.1413368
 2.47388,0.1410330
 2.47903,0.1413467
 2.48418,0.1410002
 2.48935,0.1425673
 2.49453,0.1414547
 2.49971,0.1418053
 2.50491,0.1415559
 2.51012,0.1419843
 2.51534,0.1412590
 2.52057,0.1421461
 2.52581,0.1417219
 2.53106,0.1414234
 2.53633,0.1424614
 2.54160,0.1421228
 2.54689,0.1422952
 2.55218,0.1411991
 2.55749,0.1415185
 2.56281,0.1420314
 2.56814,0.1415185
 2.57348,0.1414279
 2.57883,0.1420318
 2.58419,0.1414508
 2.58956,0.1420864
 2.59495,0.1418923
 2.60035,0.1417457
 2.60575,0.1420107
 2.61117,0.1416116
 2.61660,0.1418490
 2.62204,0.1421536
 2.62749,0.1415838
 2.63296,0.1413281
 2.63843,0.1410705
 2.64392,0.1413086
 2.64942,0.1421574
 2.65493,0.1417569
 2.66045,0.1421323
 2.66598,0.1416110
 2.67152,0.1418705
 2.67708,0.1421000
 2.68265,0.1418077
 2.68822,0.1413845
 2.69381,0.1419185
 2.69942,0.1411669
 2.70503,0.1414001
 2.71065,0.1415911
 2.71629,0.1413128
 2.72194,0.1415079
 2.72760,0.1419114
 2.73327,0.1418730
 2.73895,0.1419950
 2.74465,0.1417813
 2.75036,0.1419273
 2.75608,0.1420239
 2.76181,0.1411467
 2.76755,0.1416504
 2.77331,0.1416257
 2.77907,0.1420579
 2.78485,0.1420994
 2.79064,0.1419844
 2.79645,0.1414112
 2.80226,0.1419882
 2.80809,0.1417167
 2.81393,0.1417593
 2.81978,0.1417973
 2.82564,0.1417655
 2.83152,0.1416227
 2.83741,0.1422784
 2.84331,0.1418034
 2.84922,0.1415023
 2.85514,0.1425243
 2.86108,0.1413986
 2.86703,0.1419412
 2.87299,0.1422061
 2.87897,0.1419278
 2.88495,0.1417914
 2.89095,0.1417808
 2.89696,0.1420599
 2.90299,0.1417511
 2.90902,0.1418074
 2.91507,0.1416673
 2.92113,0.1417592
 2.92721,0.1424057
 2.93330,0.1419365
 2.93940,0.1415710
 2.94551,0.1413708
 2.95163,0.1416262
 2.95777,0.1415223
 2.96392,0.1423664
 2.97008,0.1420825
 2.97626,0.1417366
 2.98245,0.1417454
 2.98865,0.1422441
 2.99487,0.1419127
 3.00109,0.1418927
 3.00733,0.1423549
 3.01359,0.1417707
 3.01985,0.1417143
 3.02613,0.1415247
 3.03243,0.1417342
 3.03873,0.1416558
 3.04505,0.1420363
 3.05138,0.1418719
 3.05773,0.1415823
 3.06409,0.1417038
 3.07046,0.1423634
 3.07684,0.1417360
 3.08324,0.1416789
 3.08965,0.1416434
 3.09608,0.1415529
 3.10252,0.1416525
 3.10897,0.1419443
 3.11543,0.1416214
 3.12191,0.1418020
 3.12840,0.1418119
 3.13491,0.1412396
 3.14143,0.1416040
 3.14796,0.1413404
 3.15450,0.1415470
 3.16106,0.1418103
 3.16764,0.1414432
 3.17422,0.1414498
 3.18082,0.1416115
 3.18744,0.1417166
 3.19407,0.1411547
 3.20071,0.1420816
 3.20736,0.1414952
 3.21403,0.1414235
 3.22072,0.1413203
 3.22741,0.1412228
 3.23413,0.1412478
 3.24085,0.1418405
 3.24759,0.1414562
 3.25434,0.1412332
 3.26111,0.1411267
 3.26789,0.1414237
 3.27469,0.1413046
 3.28150,0.1411916
 3.28832,0.1411989
 3.29516,0.1412636
 3.30201,0.1411178
 3.30888,0.1411345
 3.31576,0.1411389
 3.32265,0.1411962
 3.32956,0.1410514
 3.33649,0.1422112
 3.34342,0.1417615
 3.35038,0.1410917
 3.35734,0.1410597
 3.36432,0.1410484
 3.37132,0.1410344
 3.37833,0.1409244
 3.38536,0.1416138
 3.39240,0.1412237
 3.39945,0.1413227
 3.40652,0.1409331
 3.41360,0.1406018
 3.42070,0.1410107
 3.42781,0.1415028
 3.43494,0.1406507
 3.44208,0.1409388
 3.44924,0.1412830
 3.45641,0.1410416
 3.46360,0.1404969
 3.47080,0.1408093
 3.47802,0.1408374
 3.48525,0.1407052
 3.49250,0.1410471
 3.49976,0.1409661
 3.50704,0.1406806
 3.51433,0.1407401
 3.52164,0.1410756
 3.52896,0.1407011
 3.53630,0.1409399
 3.54366,0.1409067
 3.55103,0.1409061
 3.55841,0.1405872
 3.56581,0.1409562
 3.57322,0.1403595
 3.58065,0.1409619
 3.58810,0.1403291
 3.59556,0.1401339
 3.60304,0.1403424
 3.61053,0.1411074
 3.61804,0.1408370
 3.62556,0.1409139
 3.63310,0.1402535
 3.64066,0.1407519
 3.64823,0.1403102
 3.65581,0.1404254
 3.66341,0.1403607
 3.67103,0.1403457
 3.67867,0.1407058
 3.68632,0.1406981
 3.69398,0.1404110
 3.70166,0.1403067
 3.70936,0.1404547
 3.71707,0.1406585
 3.72480,0.1403966
 3.73255,0.1401474
 3.74031,0.1403010
 3.74809,0.1405004
 3.75588,0.1407901
 3.76369,0.1403372
 3.77152,0.1403009
 3.77936,0.1406208
 3.78722,0.1403667
 3.79509,0.1403355
 3.80299,0.1403804
 3.81089,0.1400904
 3.81882,0.1402647
 3.82676,0.1404427
 3.83472,0.1401335
 3.84269,0.1403049
 3.85068,0.1400420
 3.85869,0.1402878
 3.86671,0.1403407
 3.87475,0.1405563
 3.88281,0.1403830
 3.89089,0.1405413
 3.89898,0.1399002
 3.90708,0.1403295
 3.91521,0.1400628
 3.92335,0.1399808
 3.93151,0.1399268
 3.93968,0.1399899
 3.94788,0.1402284
 3.95609,0.1404092
 3.96431,0.1401674
 3.97256,0.1399877
 3.98082,0.1403516
 3.98909,0.1403516
 3.99739,0.1406110
 4.00570,0.1401982
 4.01403,0.1398919
 4.02238,0.1402943
 4.03074,0.1405714
 4.03912,0.1404235
 4.04752,0.1401988
 4.05594,0.1399645
 4.06437,0.1405766
 4.07283,0.1404179
 4.08129,0.1403840
 4.08978,0.1404678
 4.09829,0.1402833
 4.10681,0.1403805
 4.11535,0.1406098
 4.12391,0.1409481
 4.13248,0.1403531
 4.14107,0.1402888
 4.14968,0.1404021
 4.15831,0.1407827
 4.16696,0.1406668
 4.17563,0.1408639
 4.18431,0.1404693
 4.19301,0.1407318
 4.20173,0.1407241
 4.21047,0.1406281
 4.21922,0.1407943
 4.22800,0.1407206
 4.23679,0.1406638
 4.24560,0.1408754
 4.25443,0.1409691
 4.26327,0.1410712
 4.27214,0.1409141
 4.28102,0.1409154
 4.28992,0.1403208
 4.29884,0.1415349
 4.30778,0.1410400
 4.31674,0.1409342
 4.32572,0.1414222
 4.33471,0.1407330
 4.34373,0.1409180
 4.35276,0.1410494
 4.36181,0.1413100
 4.37088,0.1416332
 4.37997,0.1413089
 4.38908,0.1408764
 4.39820,0.1413170
 4.40735,0.1415444
 4.41651,0.1412149
 4.42570,0.1414267
 4.43490,0.1411878
 4.44412,0.1412414
 4.45336,0.1413450
 4.46263,0.1414180
 4.47191,0.1415325
 4.48120,0.1412664
 4.49052,0.1413957
 4.49986,0.1410062
 4.50922,0.1418230
 4.51859,0.1416811
 4.52799,0.1410852
 4.53741,0.1411374
 4.54684,0.1410224
 4.55630,0.1413174
 4.56577,0.1418345
 4.57527,0.1410756
 4.58478,0.1411337
 4.59431,0.1410428
 4.60387,0.1413917
 4.61344,0.1414663
 4.62303,0.1418515
 4.63265,0.1412832
 4.64228,0.1416792
 4.65193,0.1410478
 4.66161,0.1411259
 4.67130,0.1414975
 4.68101,0.1412019
 4.69075,0.1413983
 4.70050,0.1411231
 4.71028,0.1412391
 4.72007,0.1411801
 4.72989,0.1409738
 4.73972,0.1413888
 4.74958,0.1410820
 4.75945,0.1411637
 4.76935,0.1419374
 4.77927,0.1414260
 4.78921,0.1414792
 4.79917,0.1413064
 4.80915,0.1410673
 4.81915,0.1414089
 4.82917,0.1412441
 4.83921,0.1419589
 4.84927,0.1419842
 4.85936,0.1417475
 4.86946,0.1410568
 4.87959,0.1413088
 4.88973,0.1411253
 4.89990,0.1412999
 4.91009,0.1405563
 4.92030,0.1408362
 4.93053,0.1408696
 4.94078,0.1408091
 4.95106,0.1418791
 4.96135,0.1412520
 4.97167,0.1412630
 4.98201,0.1417674
 4.99237,0.1418675
 5.00275,0.1423796
 5.01315,0.1411019
 5.02358,0.1417947
 5.03402,0.1414990
 5.04449,0.1408033
 5.05498,0.1410477
 5.06549,0.1415880
 5.07603,0.1418926
 5.08658,0.1414281
 5.09716,0.1412364
 5.10776,0.1421877
 5.11838,0.1423429
 5.12902,0.1416728
 5.13969,0.1417297
 5.15038,0.1412648
 5.16109,0.1416332
 5.17182,0.1419938
 5.18257,0.1411009
 5.19335,0.1420316
 5.20415,0.1409831
 5.21497,0.1412036
 5.22581,0.1417046
 5.23668,0.1415574
 5.24757,0.1419698
 5.25848,0.1409478
 5.26942,0.1409086
 5.28038,0.1417930
 5.29136,0.1420519
 5.30236,0.1413206
 5.31339,0.1411443
 5.32443,0.1411404
 5.33551,0.1409973
 5.34660,0.1413485
 5.35772,0.1420058
 5.36886,0.1413549
 5.38002,0.1417947
 5.39121,0.1411236
 5.40242,0.1416598
 5.41366,0.1426690
 5.42491,0.1415195
 5.43619,0.1416450
 5.44750,0.1413443
 5.45883,0.1414290
 5.47018,0.1413951
 5.48155,0.1422707
 5.49295,0.1411298
 5.50437,0.1410369
 5.51582,0.1409045
 5.52729,0.1416399
 5.53878,0.1418963
 5.55030,0.1415410
 5.56184,0.1409009
 5.57341,0.1414019
 5.58500,0.1411459
 5.59661,0.1415610
 5.60825,0.1410665
 5.61991,0.1423022
 5.63160,0.1416529
 5.64331,0.1418936
 5.65504,0.1422844
 5.66680,0.1411224
 5.67858,0.1418200
 5.69039,0.1412130
 5.70222,0.1407458
 5.71408,0.1417300
 5.72596,0.1409600
 5.73787,0.1413189
 5.74980,0.1415713
 5.76176,0.1416771
 5.77374,0.1407821
 5.78575,0.1408440
 5.79778,0.1418081
 5.80983,0.1414369
 5.82191,0.1405720
 5.83402,0.1418796
 5.84615,0.1414176
 5.85831,0.1412431
 5.87049,0.1416589
 5.88270,0.1412101
 5.89493,0.1410084
 5.90719,0.1415494
 5.91948,0.1419775
 5.93178,0.1409844
 5.94412,0.1412916
 5.95648,0.1415693
 5.96886,0.1410570
 5.98128,0.1407990
 5.99371,0.1409741
 6.00618,0.1408671
 6.01867,0.1407690
 6.03118,0.1412814
 6.04373,0.1413487
 6.05629,0.1409427
 6.06888,0.1411164
 6.08151,0.1412028
 6.09415,0.1406440
 6.10682,0.1413100
 6.11952,0.1410520
 6.13225,0.1413513
 6.14500,0.1410140
 6.15778,0.1406651
 6.17058,0.1412960
 6.18341,0.1416287
 6.19627,0.1411654
 6.20916,0.1407850
 6.22207,0.1407716
 6.23501,0.1415415
 6.24797,0.1410364
 6.26096,0.1412140
 6.27398,0.1408583
 6.28703,0.1409019
 6.30010,0.1409525
 6.31321,0.1413127
 6.32633,0.1408113
 6.33949,0.1410855
 6.35267,0.1415123
 6.36588,0.1408367
 6.37912,0.1409355
 6.39238,0.1409067
 6.40567,0.1415205
 6.41900,0.1411160
 6.43234,0.1412934
 6.44572,0.1413829
 6.45912,0.1408381
 6.47255,0.1414844
 6.48601,0.1411763
 6.49950,0.1419236
 6.51302,0.1414982
 6.52656,0.1410674
 6.54013,0.1419833
 6.55373,0.1419242
 6.56736,0.1415480
 6.58102,0.1410365
 6.59470,0.1427985
 6.60841,0.1419725
 6.62215,0.1420617
 6.63592,0.1429727
 6.64973,0.1417672
 6.66355,0.1417063
 6.67741,0.1419181
 6.69129,0.1416102
 6.70521,0.1418832
 6.71915,0.1412520
 6.73312,0.1416238
 6.74712,0.1421394
 6.76115,0.1413446
 6.77521,0.1423163
 6.78930,0.1416782
 6.80342,0.1421843
 6.81757,0.1417571
 6.83174,0.1422205
 6.84595,0.1420017
 6.86019,0.1418875
 6.87445,0.1411099
 6.88875,0.1419532
 6.90307,0.1421316
 6.91743,0.1423936
 6.93181,0.1419373
 6.94622,0.1410993
 6.96067,0.1415483
 6.97514,0.1418057
 6.98965,0.1414316
 7.00418,0.1414176
 7.01875,0.1413840
 7.03334,0.1422827
 7.04797,0.1415453
 7.06262,0.1411097
 7.07731,0.1420286
 7.09203,0.1424092
 7.10677,0.1429566
 7.12155,0.1425190
 7.13636,0.1423263
 7.15120,0.1421946
 7.16607,0.1422070
 7.18097,0.1413604
 7.19590,0.1417769
 7.21087,0.1414440
 7.22586,0.1412655
 7.24089,0.1416170
 7.25595,0.1415163
 7.27103,0.1416673
 7.28615,0.1414473
 7.30131,0.1421230
 7.31649,0.1413787
 7.33170,0.1418227
 7.34695,0.1413748
 7.36222,0.1420645
 7.37753,0.1416323
 7.39288,0.1414731
 7.40825,0.1419325
 7.42365,0.1416135
 7.43909,0.1418855
 7.45456,0.1408744
 7.47006,0.1415127
 7.48559,0.1423190
 7.50116,0.1426011
 7.51676,0.1414709
 7.53239,0.1419328
 7.54805,0.1413701
 7.56375,0.1413294
 7.57948,0.1421083
 7.59524,0.1420078
 7.61103,0.1421175
 7.62686,0.1412221
 7.64272,0.1415666
 7.65861,0.1416970
 7.67453,0.1413789
 7.69049,0.1412902
 7.70649,0.1417423
 7.72251,0.1416209
 7.73857,0.1414997
 7.75466,0.1418025
 7.77079,0.1415283
 7.78695,0.1418583
 7.80314,0.1414343
 7.81936,0.1416109
 7.83562,0.1411415
 7.85192,0.1415720
 7.86825,0.1414511
 7.88461,0.1408611
 7.90100,0.1420588
 7.91743,0.1420425
 7.93390,0.1412454
 7.95039,0.1417546
 7.96693,0.1421500
 7.98349,0.1410383
 8.00009,0.1414295
 8.01673,0.1415993
 8.03340,0.1417511
 8.05010,0.1412938
 8.06685,0.1409567
 8.08362,0.1421935
 8.10043,0.1412072
 8.11727,0.1416194
 8.13415,0.1414004
 8.15107,0.1420446
 8.16802,0.1410958
 8.18500,0.1416198
 8.20202,0.1424851
 8.21908,0.1418624
 8.23617,0.1421057
 8.25330,0.1414640
 8.27046,0.1419807
 8.28766,0.1412289
 8.30489,0.1416237
 8.32216,0.1418781
 8.33946,0.1416861
 8.35681,0.1414792
 8.37418,0.1419627
 8.39160,0.1419127
 8.40905,0.1417929
 8.42653,0.1414430
 8.44405,0.1416008
 8.46161,0.1408086
 8.47921,0.1419221
 8.49684,0.1418033
 8.51451,0.1416127
 8.53221,0.1419692
 8.54996,0.1422240
 8.56774,0.1413366
 8.58555,0.1418913
 8.60341,0.1411124
 8.62130,0.1418750
 8.63922,0.1416342
 8.65719,0.1415892
 8.67519,0.1417298
 8.69323,0.1412933
 8.71131,0.1420981
 8.72942,0.1414547
 8.74757,0.1414389
 8.76576,0.1419015
 8.78399,0.1411250
 8.80226,0.1418225
 8.82056,0.1416311
 8.83890,0.1420546
 8.85728,0.1417445
 8.87570,0.1412965
 8.89416,0.1408553
 8.91265,0.1412835
 8.93119,0.1412779
 8.94976,0.1418825
 8.96837,0.1417443
 8.98702,0.1417864
 9.00571,0.1411367
 9.02443,0.1410432
 9.04320,0.1413693
 9.06200,0.1416248
 9.08085,0.1415341
 9.09973,0.1419114
 9.11865,0.1416240
 9.13761,0.1406550
 9.15662,0.1408790
 9.17566,0.1417327
 9.19473,0.1417627
 9.21386,0.1416436
 9.23302,0.1412208
 9.25221,0.1412471
 9.27145,0.1413236
 9.29074,0.1409932
 9.31005,0.1419736
 9.32941,0.1410699
 9.34881,0.1410196
 9.36825,0.1412810
 9.38773,0.1412992
 9.40725,0.1415802
 9.42682,0.1415312
 9.44642,0.1412654
 9.46606,0.1409953
 9.48575,0.1407958
 9.50547,0.1414184
 9.52524,0.1410408
 9.54505,0.1408222
 9.56489,0.1404871
 9.58478,0.1410943
 9.60471,0.1410577
 9.62469,0.1407299
 9.64470,0.1413812
 9.66475,0.1410041
 9.68485,0.1407783
 9.70499,0.1411034
 9.72517,0.1410450
 9.74540,0.1405993
 9.76566,0.1408155
 9.78597,0.1406767
 9.80632,0.1406675
 9.82671,0.1415150
 9.84714,0.1409585
 9.86762,0.1412801
 9.88814,0.1418930
 9.90870,0.1409937
 9.92931,0.1406730
 9.94995,0.1411790
 9.97064,0.1411262
 9.99138,0.1408238
10.01215,0.1421488
10.03297,0.1410829
10.05384,0.1410686
10.07474,0.1415200
10.09569,0.1416645
10.11669,0.1408395
10.13772,0.1411085
10.15880,0.1411606
10.17993,0.1408046
10.20110,0.1410621
10.22231,0.1413614
10.24357,0.1410733
10.26487,0.1410973
10.28621,0.1415748
10.30760,0.1408280
10.32904,0.1410540
10.35051,0.1408509
10.37204,0.1415282
10.39360,0.1409412
10.41522,0.1413427
10.43688,0.1409466
10.45858,0.1410064
10.48033,0.1407302
10.50212,0.1412384
10.52396,0.1413735
10.54584,0.1409192
10.56777,0.1419964
10.58975,0.1414097
10.61177,0.1410790
10.63383,0.1412072
10.65595,0.1408714
10.67810,0.1411136
10.70031,0.1412811
10.72256,0.1407280
10.74486,0.1412930
10.76720,0.1408011
10.78959,0.1415569
10.81203,0.1409296
10.83451,0.1408445
10.85704,0.1408216
10.87961,0.1409700
10.90224,0.1414469
10.92491,0.1412278
10.94763,0.1411874
10.97039,0.1409720
10.99320,0.1412695
11.01606,0.1413666
11.03897,0.1411766
11.06193,0.1410454
11.08493,0.1409118
11.10798,0.1412375
11.13108,0.1407228
11.15423,0.1413543
11.17742,0.1413476
11.20066,0.1414548
11.22395,0.1407479
11.24729,0.1406035
11.27068,0.1410346
11.29412,0.1416570
11.31760,0.1410047
11.34114,0.1404457
11.36472,0.1413246
11.38835,0.1413700
11.41204,0.1415770
11.43577,0.1418072
11.45954,0.1420710
11.48337,0.1408885
11.50725,0.1413624
11.53118,0.1416866
11.55516,0.1416115
11.57919,0.1412794
11.60327,0.1421408
11.62739,0.1415276
11.65157,0.1413682
11.67580,0.1414987
11.70008,0.1409735
11.72441,0.1414527
11.74879,0.1408270
11.77322,0.1424417
11.79770,0.1417933
11.82223,0.1416059
11.84682,0.1411565
11.87146,0.1417222
11.89614,0.1407986
11.92088,0.1411436
11.94567,0.1409670
11.97051,0.1414252
11.99540,0.1414419
12.02034,0.1416631
12.04534,0.1415448
12.07038,0.1416778
12.09548,0.1411805
12.12064,0.1408278
12.14584,0.1411242
12.17110,0.1407044
12.19641,0.1417683
12.22177,0.1410881
12.24718,0.1411202
12.27265,0.1413544
12.29817,0.1411939
12.32375,0.1418617
12.34937,0.1407307
12.37505,0.1411168
12.40078,0.1414507
12.42657,0.1416796
12.45241,0.1412531
12.47831,0.1407444
12.50425,0.1409318
12.53025,0.1414474
12.55631,0.1409384
12.58242,0.1413600
12.60858,0.1414753
12.63480,0.1415463
12.66108,0.1416427
12.68740,0.1412040
12.71379,0.1415944
12.74022,0.1420555
12.76672,0.1420367
12.79327,0.1416157
12.81987,0.1414071
12.84653,0.1418834
12.87324,0.1413847
12.90001,0.1421700
12.92683,0.1417207
12.95372,0.1413549
12.98065,0.1413199
13.00764,0.1409017
13.03469,0.1427802
13.06180,0.1408628
13.08896,0.1413160
13.11618,0.1414961
13.14345,0.1413724
13.17078,0.1417276
13.19817,0.1419704
13.22561,0.1420862
13.25312,0.1413800
13.28067,0.1413334
13.30829,0.1415075
13.33596,0.1422390
13.36370,0.1412145
13.39149,0.1417076
13.41933,0.1413504
13.44724,0.1415872
13.47520,0.1413571
13.50322,0.1418932
13.53130,0.1410305
13.55944,0.1414652
13.58763,0.1415297
13.61589,0.1415386
13.64420,0.1412742
13.67257,0.1410760
13.70101,0.1415024
13.72950,0.1417602
13.75804,0.1417719
13.78665,0.1414385
13.81532,0.1414649
13.84405,0.1416101
13.87284,0.1415251
13.90169,0.1409827
13.93060,0.1411231
13.95956,0.1416626
13.98859,0.1418358
14.01768,0.1423930
14.04683,0.1415947
14.07604,0.1407397
14.10531,0.1414972
14.13464,0.1422438
14.16403,0.1418070
14.19348,0.1409692
14.22300,0.1415194
14.25257,0.1412137
14.28221,0.1409642
14.31191,0.1413989
14.34167,0.1412240
14.37149,0.1414904
14.40138,0.1416681
14.43132,0.1409996
14.46133,0.1415984
14.49140,0.1417383
14.52154,0.1420338
14.55173,0.1419137
14.58200,0.1420218
14.61232,0.1413226
14.64270,0.1421255
14.67315,0.1412203
14.70366,0.1421006
14.73424,0.1409365
14.76488,0.1412224
14.79558,0.1420484
14.82635,0.1414835
14.85718,0.1411771
14.88807,0.1412721
14.91903,0.1411496
14.95006,0.1415746
14.98114,0.1423072
15.01229,0.1410774
15.04351,0.1418076
15.07479,0.1412919
15.10614,0.1416056
15.13755,0.1414171
15.16903,0.1425625
15.20057,0.1418098
15.23218,0.1411631
15.26386,0.1411897
15.29560,0.1415849
15.32740,0.1415696
15.35928,0.1415322
15.39121,0.1423806
15.42322,0.1423486
15.45529,0.1421786
15.48743,0.1417078
15.51964,0.1416515
15.55191,0.1420662
15.58425,0.1413262
15.61665,0.1418821
15.64913,0.1420420
15.68167,0.1415345
15.71428,0.1416323
15.74696,0.1413954
15.77970,0.1420389
15.81251,0.1410234
15.84539,0.1411757
15.87834,0.1414654
15.91136,0.1417145
15.94445,0.1417779
15.97760,0.1416191
16.01083,0.1414544
16.04412,0.1412725
16.07748,0.1414986
16.11091,0.1419426
16.14442,0.1414586
16.17799,0.1412934
16.21163,0.1423019
16.24534,0.1412014
16.27912,0.1416615
16.31297,0.1417942
16.34690,0.1407934
16.38089,0.1422640
16.41495,0.1417560
16.44908,0.1424029
16.48329,0.1416513
16.51756,0.1416029
16.55191,0.1419697
16.58633,0.1415417
16.62082,0.1411886
16.65539,0.1416261
16.69002,0.1418218
16.72472,0.1416703
16.75950,0.1412971
16.79435,0.1416002
16.82928,0.1415898
16.86427,0.1411935
16.89934,0.1414146
16.93448,0.1410937
16.96970,0.1411351
17.00498,0.1414743
17.04034,0.1412950
17.07578,0.1416756
17.11128,0.1420946
17.14687,0.1409419
17.18252,0.1413844
17.21825,0.1419848
17.25406,0.1417319
17.28994,0.1410634
17.32589,0.1415144
17.36192,0.1412521
17.39802,0.1416041
17.43420,0.1413838
17.47045,0.1420307
17.50678,0.1411329
17.54319,0.1415935
17.57967,0.1415908
17.61622,0.1418392
17.65285,0.1411824
17.68956,0.1411353
17.72634,0.1420986
17.76320,0.1412095
17.80014,0.1413588
17.83716,0.1412858
17.87425,0.1413117
17.91142,0.1415078
17.94867,0.1421572
17.98599,0.1410960
18.02339,0.1415322
18.06086,0.1415974
18.09842,0.1415642
18.13606,0.1419348
18.17377,0.1415192
18.21156,0.1417241
18.24943,0.1413368
18.28738,0.1418460
18.32541,0.1418908
18.36351,0.1414320
18.40170,0.1414818
18.43996,0.1416680
18.47831,0.1411754
18.51673,0.1425371
18.55524,0.1413261
18.59382,0.1423415
18.63249,0.1418543
18.67123,0.1413511
18.71006,0.1414314
18.74897,0.1421038
18.78795,0.1409878
18.82702,0.1415107
18.86617,0.1410759
18.90540,0.1413861
18.94471,0.1420079
18.98411,0.1424854
19.02358,0.1418605
19.06314,0.1417669
19.10278,0.1410324
19.14251,0.1418846
19.18231,0.1421968
19.22220,0.1412939
19.26217,0.1415685
19.30223,0.1421622
19.34236,0.1414329
19.38259,0.1413728
19.42289,0.1421043
19.46328,0.1414587
19.50375,0.1413924
19.54431,0.1408061
19.58495,0.1417091
19.62568,0.1412142
19.66649,0.1413840
19.70738,0.1412699
19.74836,0.1413379
19.78943,0.1413078
19.83058,0.1420997
19.87182,0.1415756
19.91314,0.1413364
19.95454,0.1421415
19.99604,0.1408157
20.03762,0.1412951
20.07929,0.1418109
20.12104,0.1413846
20.16288,0.1427993
20.20481,0.1422237
20.24682,0.1415439
20.28893,0.1418405
20.33112,0.1418713
20.37339,0.1421253
20.41576,0.1421028
20.45821,0.1422134
20.50075,0.1421388
20.54338,0.1417083
20.58610,0.1416996
20.62891,0.1419999
20.67181,0.1412286
20.71479,0.1418713
20.75787,0.1416950
20.80103,0.1422657
20.84429,0.1416952
20.88763,0.1410694
20.93106,0.1424564
20.97459,0.1418056
21.01821,0.1418036
21.06191,0.1416671
21.10571,0.1423377
21.14960,0.1414093
21.19357,0.1415080
21.23765,0.1415171
21.28181,0.1410716
21.32606,0.1412545
21.37041,0.1423257
21.41485,0.1417242
21.45938,0.1413826
21.50400,0.1416730
21.54872,0.1416654
21.59353,0.1415988
21.63843,0.1412855
21.68343,0.1421455
21.72852,0.1414782
21.77370,0.1415875
21.81898,0.1411246
21.86435,0.1413867
21.90981,0.1412308
21.95537,0.1413407
22.00103,0.1413477
22.04678,0.1417198
22.09262,0.1411403
22.13856,0.1412234
22.18460,0.1417964
22.23073,0.1419594
22.27696,0.1418674
22.32328,0.1412121
22.36970,0.1422070
22.41622,0.1413051
22.46283,0.1419777
22.50954,0.1413766
22.55635,0.1415301
22.60325,0.1421285
22.65026,0.1423425
22.69736,0.1412867
22.74455,0.1413071
22.79185,0.1407455
22.83924,0.1413588
22.88674,0.1413671
22.93433,0.1413915
22.98202,0.1412997
23.02981,0.1411165
23.07770,0.1422352
23.12569,0.1429705
23.17377,0.1410211
23.22196,0.1416926
23.27025,0.1412883
23.31864,0.1410465
23.36713,0.1423789
23.41572,0.1414407
23.46441,0.1416793
23.51320,0.1421271
23.56210,0.1419250
23.61110,0.1424665
23.66019,0.1414865
23.70939,0.1409271
23.75869,0.1419607
23.80810,0.1410755
23.85761,0.1413677
23.90722,0.1416133
23.95693,0.1414844
24.00675,0.1412758
24.05667,0.1409700
24.10669,0.1412025
24.15682,0.1410596
24.20705,0.1414737
24.25739,0.1412182
24.30783,0.1414721
24.35838,0.1418544
24.40903,0.1417434
24.45979,0.1416290
24.51065,0.1422717
24.56162,0.1414650
24.61269,0.1418291
24.66387,0.1415670
24.71516,0.1415428
24.76656,0.1423329
24.81806,0.1415526
24.86966,0.1418115
24.92138,0.1412461
24.97320,0.1418696
25.02513,0.1414407
25.07717,0.1415545
25.12932,0.1414065
25.18157,0.1412712
25.23394,0.1410747
25.28641,0.1410685
25.33899,0.1410272
25.39168,0.1414175
25.44448,0.1415688
25.49739,0.1417888
25.55041,0.1415522
25.60354,0.1413597
25.65678,0.1414830
25.71013,0.1424327
25.76360,0.1411522
25.81717,0.1413072
25.87086,0.1416582
25.92465,0.1424747
25.97856,0.1417552
26.03258,0.1414990
26.08672,0.1412454
26.14096,0.1415246
26.19532,0.1414422
26.24979,0.1410953
26.30438,0.1414667
26.35907,0.1415485
26.41389,0.1418764
26.46881,0.1417803
26.52385,0.1411450
26.57901,0.1419785
26.63428,0.1420236
26.68966,0.1414647
26.74516,0.1412813
26.80078,0.1417473
26.85651,0.1412449
26.91235,0.1411112
26.96832,0.1410245
27.02439,0.1410092
27.08059,0.1412971
27.13690,0.1419571
27.19333,0.1414369
27.24988,0.1414560
27.30654,0.1416581
27.36333,0.1408389
27.42023,0.1410382
27.47725,0.1410356
27.53438,0.1412171
27.59164,0.1414881
27.64902,0.1418278
27.70651,0.1411764
27.76412,0.1410149
27.82186,0.1413367
27.87971,0.1417531
27.93768,0.1415484
27.99578,0.1416153
28.05400,0.1414319
28.11233,0.1414550
28.17079,0.1419767
28.22937,0.1416068
28.28807,0.1413400
28.34689,0.1416473
28.40584,0.1418378
28.46491,0.1417432
28.52410,0.1417030
28.58341,0.1414795
28.64285,0.1412606
28.70241,0.1411652
28.76210,0.1409391
28.82191,0.1413562
28.88184,0.1408627
28.94190,0.1415251
29.00208,0.1416883
29.06239,0.1410469
29.12282,0.1412923
29.18338,0.1416212
29.24407,0.1419965
29.30488,0.1412719
29.36581,0.1409694
29.42688,0.1408648
29.48807,0.1426906
29.54939,0.1414440
29.61083,0.1414256
29.67241,0.1410476
29.73411,0.1417803
29.79594,0.1410232
29.85790,0.1417915
29.91999,0.1417427
29.97776,0.1430064
