wav,rprs
0.28575103,0.12013872
0.28583270,0.12012780
0.28591443,0.12012078
0.28599620,0.12011577
0.28607801,0.12011219
0.28615988,0.12010935
0.28624179,0.12010691
0.28632375,0.12010506
0.28640575,0.12010329
0.28648780,0.12010162
0.28656990,0.12010037
0.28665205,0.12009885
0.28673424,0.12009775
0.28681648,0.12009664
0.28689877,0.12009547
0.28698110,0.12009471
0.28706348,0.12013544
0.28714591,0.12014072
0.28722839,0.12009177
0.28731091,0.12014665
0.28739348,0.12009010
0.28747610,0.12014843
0.28755877,0.12008803
0.28764148,0.12015350
0.28772425,0.12008584
0.28780705,0.12015620
0.28788991,0.12008417
0.28797282,0.12008318
0.28805577,0.12015921
0.28813877,0.12008153
0.28822182,0.12008058
0.28830491,0.12016136
0.28838805,0.12007920
0.28847125,0.12007780
0.28855449,0.12007697
0.28863777,0.12016352
0.28872111,0.12007564
0.28880449,0.12007422
0.28888793,0.12007342
0.28897141,0.12007291
0.28905493,0.12016676
0.28913851,0.12007100
0.28922214,0.12006992
0.28930581,0.12006915
0.28938953,0.12006836
0.28947330,0.12020137
0.28955712,0.12007357
0.28964099,0.12006571
0.28972491,0.12006485
0.28980887,0.12006395
0.28989288,0.12006312
0.28997695,0.12006246
0.29006106,0.12022900
0.29014522,0.12006182
0.29022943,0.12005978
0.29031368,0.12005882
0.29039799,0.12005789
0.29048235,0.12005715
0.29056675,0.12005628
0.29065120,0.12005552
0.29073571,0.12005704
0.29082026,0.12025681
0.29090486,0.12005312
0.29098951,0.12005194
0.29107421,0.12005128
0.29115896,0.12005040
0.29124376,0.12004950
0.29132860,0.12004843
0.29141350,0.12004777
0.29149845,0.12004707
0.29158344,0.12004663
0.29166849,0.12028466
0.29175358,0.12004616
0.29183873,0.12004373
0.29192392,0.12004256
0.29200917,0.12004182
0.29209446,0.12004090
0.29217981,0.12004006
0.29226520,0.12003924
0.29235065,0.12003842
0.29243614,0.12003750
0.29252168,0.12003671
0.29260728,0.12003607
0.29269292,0.12003535
0.29277862,0.12003953
0.29286436,0.12030676
0.29295015,0.12003313
0.29303600,0.12003163
0.29312189,0.12003076
0.29320784,0.12002986
0.29329384,0.12002898
0.29337988,0.12002816
0.29346598,0.12002716
0.29355213,0.12002634
0.29363833,0.12002555
0.29372457,0.12002480
0.29381087,0.12002367
0.29389722,0.12002299
0.29398363,0.12002231
0.29407008,0.12002129
0.29415658,0.12002065
0.29424313,0.12002037
0.29432974,0.12031994
0.29441639,0.12002126
0.29450310,0.12001746
0.29458986,0.12001631
0.29467667,0.12001534
0.29476353,0.12001453
0.29485044,0.12001365
0.29493740,0.12001267
0.29502441,0.12001173
0.29511148,0.12001099
0.29519859,0.12001022
0.29528576,0.12000928
0.29537298,0.12000847
0.29546025,0.12000768
0.29554758,0.12000663
0.29563495,0.12000583
0.29572238,0.12000496
0.29580985,0.12000427
0.29589738,0.12000329
0.29598496,0.12000243
0.29607260,0.12000158
0.29616028,0.12000077
0.29624802,0.12000028
0.29633581,0.12000302
0.29642365,0.12033565
0.29651154,0.11999850
0.29659949,0.11999671
0.29668748,0.11999565
0.29677553,0.11999475
0.29686364,0.11999373
0.29695179,0.11999297
0.29704000,0.11999206
0.29712826,0.11999106
0.29721657,0.11999029
0.29730493,0.11998945
0.29739335,0.11998874
0.29748182,0.11998762
0.29757034,0.11998685
0.29765891,0.11998607
0.29774754,0.11998515
0.29783622,0.11998430
0.29792495,0.11998340
0.29801374,0.11998255
0.29810258,0.11998172
0.29819147,0.11998088
0.29828041,0.11997985
0.29836941,0.11997922
0.29845846,0.11997819
0.29854757,0.11997753
0.29863672,0.11997662
0.29872593,0.11997571
0.29881520,0.11997514
0.29890451,0.11997422
0.29899389,0.11997362
0.29908331,0.11997347
0.29917279,0.11997545
0.29926232,0.12044770
0.29935190,0.12001215
0.29944154,0.11997168
0.29953123,0.11996885
0.29962098,0.11996743
0.29971078,0.11996643
0.29980063,0.11996546
0.29989054,0.11996449
0.29998050,0.11996365
0.30007052,0.11996255
0.30016059,0.11996183
0.30025071,0.11996084
0.30034089,0.11995999
0.30043112,0.11995915
0.30052140,0.11995818
0.30061174,0.11995731
0.30070214,0.11995644
0.30079259,0.11995562
0.30088309,0.11995487
0.30097365,0.11995386
0.30106426,0.11995285
0.30115493,0.11995210
0.30124565,0.11995129
0.30133643,0.11995022
0.30142726,0.11994946
0.30151814,0.11994865
0.30160908,0.11994763
0.30170008,0.11994684
0.30179113,0.11994604
0.30188224,0.11994497
0.30197340,0.11994432
0.30206461,0.11994341
0.30215588,0.11994250
0.30224721,0.11994148
0.30233859,0.11994069
0.30243003,0.11993983
0.30252152,0.11993887
0.30261306,0.11993825
0.30270467,0.11993717
0.30279632,0.11993629
0.30288804,0.11993547
0.30297981,0.11993474
0.30307163,0.11993390
0.30316351,0.11993309
0.30325545,0.11993217
0.30334744,0.11993180
0.30343949,0.11993248
0.30353159,0.12037403
0.30362375,0.11996534
0.30371596,0.11992918
0.30380824,0.11992737
0.30390056,0.11992591
0.30399295,0.11992502
0.30408539,0.11992409
0.30417788,0.11992310
0.30427044,0.11992224
0.30436304,0.11992138
0.30445571,0.11992056
0.30454843,0.11991964
0.30464121,0.11991875
0.30473404,0.11991796
0.30482693,0.11991705
0.30491988,0.11991594
0.30501289,0.11991511
0.30510595,0.11991436
0.30519907,0.11991325
0.30529224,0.11991250
0.30538547,0.11991164
0.30547876,0.11991087
0.30557211,0.11990979
0.30566551,0.11990895
0.30575897,0.11990814
0.30585249,0.11990708
0.30594606,0.11990639
0.30603969,0.11990527
0.30613338,0.11990450
0.30622713,0.11990364
0.30632093,0.11990268
0.30641479,0.11990186
0.30650871,0.11990102
0.30660269,0.11990009
0.30669672,0.11989941
0.30679081,0.11989845
0.30688496,0.11989740
0.30697917,0.11989650
0.30707344,0.11989571
0.30716776,0.11989478
0.30726214,0.11989396
0.30735658,0.11989304
0.30745108,0.11989212
0.30754563,0.11989125
0.30764025,0.11989036
0.30773492,0.11988937
0.30782965,0.11988854
0.30792444,0.11988778
0.30801928,0.11988677
0.30811419,0.11988586
0.30820915,0.11988493
0.30830417,0.11988407
0.30839925,0.11988323
0.30849439,0.11988221
0.30858959,0.11988145
0.30868485,0.11988057
0.30878016,0.11987960
0.30887554,0.11987893
0.30897097,0.11987785
0.30906646,0.11987692
0.30916202,0.11987630
0.30925763,0.11987522
0.30935330,0.11987464
0.30944903,0.11987356
0.30954481,0.11987277
0.30964066,0.11987198
0.30973657,0.11987131
0.30983254,0.11987055
0.30992856,0.11987039
0.31002465,0.11987106
0.31012079,0.11987545
0.31021700,0.12017684
0.31031326,0.12034184
0.31040959,0.11987488
0.31050597,0.11986699
0.31060241,0.11986446
0.31069892,0.11986276
0.31079548,0.11986150
0.31089210,0.11986030
0.31098879,0.11985932
0.31108553,0.11985847
0.31118234,0.11985734
0.31127920,0.11985651
0.31137613,0.11985554
0.31147311,0.11985459
0.31157016,0.11985378
0.31166726,0.11985273
0.31176443,0.11985176
0.31186166,0.11985096
0.31195895,0.11984990
0.31205629,0.11984918
0.31215370,0.11984818
0.31225117,0.11984731
0.31234871,0.11984634
0.31244630,0.11984546
0.31254395,0.11984468
0.31264167,0.11984363
0.31273944,0.11984276
0.31283728,0.11984193
0.31293518,0.11984108
0.31303313,0.11984009
0.31313115,0.11983925
0.31322924,0.11983826
0.31332738,0.11983728
0.31342558,0.11983650
0.31352385,0.11983538
0.31362218,0.11983471
0.31372057,0.11983382
0.31381902,0.11983282
0.31391753,0.11983199
0.31401611,0.11983108
0.31411475,0.11983014
0.31421345,0.11982919
0.31431221,0.11982838
0.31441103,0.11982750
0.31450991,0.11982640
0.31460886,0.11982546
0.31470787,0.11982466
0.31480694,0.11982384
0.31490608,0.11982284
0.31500528,0.11982193
0.31510454,0.11982105
0.31520386,0.11982013
0.31530324,0.11981927
0.31540269,0.11981832
0.31550220,0.11981760
0.31560177,0.11981658
0.31570141,0.11981577
0.31580111,0.11991552
0.31590087,0.11987659
0.31600070,0.11981304
0.31610058,0.11981203
0.31620053,0.11981108
0.31630055,0.11981016
0.31640063,0.11980920
0.31650077,0.11980835
0.31660097,0.11980749
0.31670124,0.11980657
0.31680157,0.11980559
0.31690197,0.11980475
0.31700243,0.11980376
0.31710295,0.11980291
0.31720353,0.11980197
0.31730418,0.11980103
0.31740490,0.11980022
0.31750568,0.11979924
0.31760652,0.11979844
0.31770742,0.11979743
0.31780839,0.11979665
0.31790943,0.11979566
0.31801053,0.11979483
0.31811169,0.11979386
0.31821292,0.11979298
0.31831421,0.11979199
0.31841556,0.11979100
0.31851698,0.11979020
0.31861847,0.11978922
0.31872002,0.11978851
0.31882164,0.11978752
0.31892331,0.11978663
0.31902506,0.11978570
0.31912687,0.11978480
0.31922874,0.11978388
0.31933068,0.11978304
0.31943269,0.11978209
0.31953476,0.11978120
0.31963689,0.11978023
0.31973909,0.11977941
0.31984136,0.11977840
0.31994369,0.11977761
0.32004609,0.11977678
0.32014855,0.11977576
0.32025108,0.11977498
0.32035367,0.11977410
0.32045633,0.11977322
0.32055905,0.11977239
0.32066185,0.11977144
0.32076470,0.11977085
0.32086763,0.11976993
0.32097062,0.11976914
0.32107367,0.11976858
0.32117679,0.11976789
0.32127998,0.11976752
0.32138323,0.11976776
0.32148655,0.11976890
0.32158994,0.11977334
0.32169339,0.11979694
0.32179691,0.12048096
0.32190050,0.12009135
0.32200415,0.11977560
0.32210787,0.11976514
0.32221166,0.11976143
0.32231551,0.11975905
0.32241944,0.11975751
0.32252342,0.11975638
0.32262748,0.11975541
0.32273160,0.11975452
0.32283579,0.11986297
0.32294005,0.11976546
0.32304437,0.11982880
0.32314876,0.11975355
0.32325322,0.11976550
0.32335775,0.12062630
0.32346234,0.11976122
0.32356700,0.11974949
0.32367173,0.11974715
0.32377653,0.11974547
0.32388139,0.11974447
0.32398633,0.11974361
0.32409133,0.11974249
0.32419640,0.11974160
0.32430154,0.11974068
0.32440674,0.11973994
0.32451202,0.11973893
0.32461736,0.11973827
0.32472277,0.11973739
0.32482825,0.11973659
0.32493379,0.11973589
0.32503941,0.11973500
0.32514510,0.11973433
0.32525085,0.11973359
0.32535667,0.11973287
0.32546256,0.11973214
0.32556852,0.11973121
0.32567455,0.11973071
0.32578065,0.11973002
0.32588682,0.11972932
0.32599306,0.11972866
0.32609936,0.11972801
0.32620574,0.11972753
0.32631218,0.11972694
0.32641870,0.11972647
0.32652528,0.11972595
0.32663193,0.11972547
0.32673866,0.11972503
0.32684545,0.11972465
0.32695231,0.11972427
0.32705925,0.11972406
0.32716625,0.11972405
0.32727332,0.11972386
0.32738047,0.11972383
0.32748768,0.11972389
0.32759496,0.11972410
0.32770232,0.11972446
0.32780974,0.11972498
0.32791723,0.11972567
0.32802480,0.11972649
0.32813243,0.11972764
0.32824014,0.11972914
0.32834792,0.11973101
0.32845577,0.11973312
0.32856368,0.11973590
0.32867167,0.11973931
0.32877973,0.11974342
0.32888787,0.11974859
0.32899607,0.11975497
0.32910434,0.11976302
0.32921269,0.11977295
0.32932110,0.11978583
0.32942959,0.11980238
0.32953815,0.11982410
0.32964678,0.11985322
0.32975549,0.11989346
0.32986426,0.11995117
0.32997311,0.12003853
0.33008203,0.12018327
0.33019102,0.12047108
0.33030008,0.12176087
0.33040921,0.12160802
0.33051842,0.12042009
0.33062770,0.12015607
0.33073705,0.12002016
0.33084647,0.11993632
0.33095597,0.11987992
0.33106553,0.11983970
0.33117518,0.11980982
0.33128489,0.11978715
0.33139467,0.11976909
0.33150453,0.11975485
0.33161447,0.11974306
0.33172447,0.11973333
0.33183455,0.11972500
0.33194470,0.11971802
0.33205492,0.11971198
0.33216522,0.11970666
0.33227559,0.11970204
0.33238603,0.11969788
0.33249655,0.11969410
0.33260714,0.11969080
0.33271781,0.11968771
0.33282854,0.11968478
0.33293936,0.11968222
0.33305024,0.11967974
0.33316120,0.11967741
0.33327223,0.11967539
0.33338334,0.11967325
0.33349452,0.11967137
0.33360578,0.11966956
0.33371711,0.11966789
0.33382851,0.11966623
0.33393999,0.11966454
0.33405154,0.11966310
0.33416317,0.11966133
0.33427487,0.11966007
0.33438665,0.11965845
0.33449850,0.11965711
0.33461043,0.11965575
0.33472243,0.11965459
0.33483451,0.11968226
0.33494666,0.11980282
0.33505889,0.11965185
0.33517119,0.11974545
0.33528357,0.11964817
0.33539602,0.11964668
0.33550855,0.11964546
0.33562115,0.11964420
0.33573383,0.11964301
0.33584659,0.11964186
0.33595942,0.11964066
0.33607232,0.11963962
0.33618531,0.11963847
0.33629836,0.11963708
0.33641150,0.11963605
0.33652471,0.11963496
0.33663800,0.11963396
0.33675136,0.11963271
0.33686480,0.11963169
0.33697832,0.11963068
0.33709191,0.11962941
0.33720558,0.11962834
0.33731932,0.11962736
0.33743315,0.11962614
0.33754705,0.11962513
0.33766102,0.11962407
0.33777508,0.11962297
0.33788921,0.11962194
0.33800341,0.11962090
0.33811770,0.11962001
0.33823206,0.11961870
0.33834650,0.11961777
0.33846102,0.11961687
0.33857561,0.11961577
0.33869028,0.11961473
0.33880503,0.11961377
0.33891986,0.11961274
0.33903477,0.11961197
0.33914975,0.11961113
0.33926481,0.11960990
0.33937995,0.11960902
0.33949517,0.11960792
0.33961047,0.11960691
0.33972584,0.11960578
0.33984129,0.11963945
0.33995683,0.11960395
0.34007244,0.11960263
0.34018812,0.11960167
0.34030389,0.11960055
0.34041974,0.11959957
0.34053566,0.11959866
0.34065167,0.11959744
0.34076775,0.11959640
0.34088391,0.11959537
0.34100015,0.11959443
0.34111647,0.11959333
0.34123287,0.11959235
0.34134935,0.11959141
0.34146591,0.11959048
0.34158255,0.11958952
0.34169927,0.11958869
0.34181607,0.11958782
0.34193295,0.11958688
0.34204991,0.11958662
0.34216694,0.11958582
0.34228406,0.11958543
0.34240126,0.11958416
0.34251854,0.11958303
0.34263590,0.11958228
0.34275334,0.11958093
0.34287086,0.11958025
0.34298846,0.11957909
0.34310614,0.11957807
0.34322390,0.11957743
0.34334175,0.11957620
0.34345967,0.11957540
0.34357767,0.11957497
0.34369576,0.11957431
0.34381393,0.11957397
0.34393218,0.11957389
0.34405051,0.11957435
0.34416892,0.11957635
0.34428741,0.11958001
0.34440599,0.11958932
0.34452464,0.11961659
0.34464338,0.11977774
0.34476220,0.12052439
0.34488110,0.12018676
0.34500009,0.11961758
0.34511915,0.11958648
0.34523830,0.11957573
0.34535753,0.11956926
0.34547684,0.11956675
0.34559624,0.11956328
0.34571572,0.11956095
0.34583528,0.11955942
0.34595492,0.11955731
0.34607465,0.11955602
0.34619446,0.11955449
0.34631435,0.11955283
0.34643432,0.11955098
0.34655438,0.11955047
0.34667452,0.11954834
0.34679475,0.11954752
0.34691506,0.11954631
0.34703545,0.11954467
0.34715593,0.11954407
0.34727648,0.11954352
0.34739713,0.11954197
0.34751785,0.11954084
0.34763866,0.11954144
0.34775956,0.11958342
0.34788054,0.11954071
0.34800160,0.11953897
0.34812275,0.11955045
0.34824398,0.11953584
0.34836530,0.11953493
0.34848670,0.11953400
0.34860818,0.11953308
0.34872975,0.11953158
0.34885141,0.11953015
0.34897315,0.11952847
0.34909497,0.11952766
0.34921688,0.11952637
0.34933888,0.11952553
0.34946096,0.11952427
0.34958312,0.11952311
0.34970537,0.11952206
0.34982771,0.11952045
0.34995013,0.11951973
0.35007264,0.11951866
0.35019523,0.11951765
0.35031791,0.11951739
0.35044068,0.11951604
0.35056353,0.11951618
0.35068647,0.11951524
0.35080949,0.11951602
0.35093260,0.11951747
0.35105580,0.11951633
0.35117908,0.11951581
0.35130245,0.11951317
0.35142591,0.11951250
0.35154945,0.11951138
0.35167308,0.11950930
0.35179680,0.11950877
0.35192061,0.11950599
0.35204450,0.11950538
0.35216848,0.11950386
0.35229254,0.11950321
0.35241670,0.11950227
0.35254094,0.11949939
0.35266527,0.11949938
0.35278968,0.11949710
0.35291419,0.11949623
0.35303878,0.11949555
0.35316346,0.11949397
0.35328823,0.11949274
0.35341309,0.11949212
0.35353803,0.11949232
0.35366307,0.11949104
0.35378819,0.11949197
0.35391340,0.11949069
0.35403870,0.11949511
0.35416408,0.11949777
0.35428956,0.11949653
0.35441513,0.11949735
0.35454078,0.11949736
0.35466652,0.11949381
0.35479236,0.11949189
0.35491828,0.11948928
0.35504429,0.11948681
0.35517039,0.11948543
0.35529658,0.11948367
0.35542286,0.11948199
0.35554923,0.11948014
0.35567569,0.11947905
0.35580225,0.11947707
0.35592889,0.11947473
0.35605562,0.11947343
0.35618244,0.11947235
0.35630935,0.11947210
0.35643635,0.11947240
0.35656344,0.11947103
0.35669062,0.11947032
0.35681790,0.11947406
0.35694526,0.11947706
0.35707272,0.11947952
0.35720026,0.11948916
0.35732790,0.11949514
0.35745563,0.11949652
0.35758345,0.11950010
0.35771136,0.11949625
0.35783937,0.11948872
0.35796746,0.11948838
0.35809565,0.11948717
0.35822393,0.11948220
0.35835230,0.11947864
0.35848076,0.11947925
0.35860931,0.11947266
0.35873796,0.11963851
0.35886670,0.11951576
0.35899553,0.11946469
0.35912445,0.11946209
0.35925347,0.11959906
0.35938258,0.11945863
0.35951178,0.11945513
0.35964108,0.11945670
0.35977047,0.11945729
0.35989995,0.11945897
0.36002952,0.11945604
0.36015919,0.11946496
0.36028895,0.11947326
0.36041881,0.11948039
0.36054876,0.11947319
0.36067880,0.11947362
0.36080893,0.11946825
0.36093916,0.11948557
0.36106949,0.11946198
0.36119991,0.11952362
0.36133042,0.11945676
0.36146103,0.11945220
0.36159173,0.11944892
0.36172252,0.11946778
0.36185341,0.11948081
0.36198440,0.11943848
0.36211548,0.11944007
0.36224665,0.11943512
0.36237792,0.11943387
0.36250929,0.11942994
0.36264075,0.11942844
0.36277231,0.11943030
0.36290396,0.11942743
0.36303570,0.11943077
0.36316755,0.11943306
0.36329949,0.11943808
0.36343152,0.11947307
0.36356365,0.11947293
0.36369588,0.11947607
0.36382820,0.11947950
0.36396062,0.11950468
0.36409314,0.11950717
0.36422575,0.11948453
0.36435846,0.11949011
0.36449126,0.11948763
0.36462416,0.11949766
0.36475716,0.11948438
0.36489026,0.11947480
0.36502345,0.11947654
0.36515674,0.11945899
0.36529013,0.11947188
0.36542362,0.11944489
0.36555720,0.11946057
0.36569088,0.11945462
0.36582466,0.11943959
0.36595854,0.11945709
0.36609251,0.11943310
0.36622658,0.11944794
0.36636076,0.11945322
0.36649502,0.11945343
0.36662939,0.11947964
0.36676386,0.11950954
0.36689842,0.11956319
0.36703309,0.11958367
0.36716785,0.11956127
0.36730271,0.11957145
0.36743767,0.11958339
0.36757273,0.11958168
0.36770789,0.11958205
0.36784315,0.11956437
0.36797851,0.11956901
0.36811397,0.11955537
0.36824953,0.11952883
0.36838518,0.11954326
0.36852094,0.11951245
0.36865680,0.11952527
0.36879276,0.11949821
0.36892882,0.11950426
0.36906497,0.11951306
0.36920123,0.11947444
0.36933759,0.11947687
0.36947405,0.11948224
0.36961062,0.11947074
0.36974728,0.11950949
0.36988404,0.11952322
0.37002091,0.11959672
0.37015787,0.11969257
0.37029494,0.11971886
0.37043211,0.11975941
0.37056938,0.11973042
0.37070675,0.11976300
0.37084423,0.11976128
0.37098180,0.11973573
0.37111948,0.11971517
0.37125726,0.11971762
0.37139515,0.11969980
0.37153313,0.11965775
0.37167122,0.11968725
0.37180941,0.11965125
0.37194770,0.11965211
0.37208610,0.11963025
0.37222460,0.11962450
0.37236320,0.11963215
0.37250191,0.11957024
0.37264072,0.11959331
0.37277963,0.11961110
0.37291865,0.11957137
0.37305777,0.11956501
0.37319699,0.11957410
0.37333632,0.11960994
0.37347575,0.11970454
0.37361529,0.11977090
0.37375493,0.11979813
0.37389467,0.11979305
0.37403452,0.11980247
0.37417448,0.11976759
0.37431454,0.11975998
0.37445470,0.11977724
0.37459497,0.11973962
0.37473534,0.11971386
0.37487582,0.11970375
0.37501641,0.11970187
0.37515710,0.11963719
0.37529789,0.11967917
0.37543879,0.11962659
0.37557980,0.11964907
0.37572091,0.11959469
0.37586213,0.11962026
0.37600346,0.11957498
0.37614489,0.11960918
0.37628643,0.11955925
0.37642807,0.11957935
0.37656983,0.11959403
0.37671168,0.11961030
0.37685365,0.11976970
0.37699572,0.11988438
0.37713790,0.11993044
0.37728019,0.12003270
0.37742258,0.12003262
0.37756508,0.12002415
0.37770769,0.11999579
0.37785041,0.12000762
0.37799323,0.11996289
0.37813617,0.11991086
0.37827921,0.11991717
0.37842236,0.11990305
0.37856561,0.11989412
0.37870898,0.11987323
0.37885246,0.11985039
0.37899604,0.11981647
0.37913973,0.11982826
0.37928353,0.11975721
0.37942744,0.11980433
0.37957146,0.11972919
0.37971559,0.11974881
0.37985983,0.11975907
0.38000418,0.11979318
0.38014864,0.11977044
0.38029321,0.11989961
0.38043788,0.12005274
0.38058267,0.12011623
0.38072757,0.12031531
0.38087258,0.12031281
0.38101770,0.12034439
0.38116293,0.12029522
0.38130827,0.12028971
0.38145372,0.12027809
0.38159928,0.12024650
0.38174496,0.12018995
0.38189074,0.12016845
0.38203664,0.12016799
0.38218265,0.12015192
0.38232876,0.12008977
0.38247500,0.12013186
0.38262134,0.12008166
0.38276779,0.12001825
0.38291436,0.12002241
0.38306104,0.11997857
0.38320783,0.11999234
0.38335474,0.11997515
0.38350175,0.12000391
0.38364888,0.12000577
0.38379613,0.12017929
0.38394348,0.12027293
0.38409095,0.12035492
0.38423854,0.12054811
0.38438623,0.12058031
0.38453404,0.12060480
0.38468196,0.12056041
0.38483000,0.12055663
0.38497815,0.12052871
0.38512642,0.12045176
0.38527480,0.12045460
0.38542329,0.12042656
0.38557190,0.12041550
0.38572062,0.12036314
0.38586946,0.12035143
0.38601841,0.12030721
0.38616748,0.12026006
0.38631666,0.12025840
0.38646596,0.12025141
0.38661538,0.12018890
0.38676490,0.12018662
0.38691455,0.12011060
0.38706431,0.12013531
0.38721419,0.12014808
0.38736418,0.12018666
0.38751429,0.12014563
0.38766452,0.12042795
0.38781486,0.12055150
0.38796532,0.12061073
0.38811589,0.12064202
0.38826658,0.12064285
0.38841739,0.12074903
0.38856832,0.12076109
0.38871936,0.12076675
0.38887053,0.12068047
0.38902180,0.12068639
0.38917320,0.12064808
0.38932472,0.12056867
0.38947635,0.12058850
0.38962810,0.12049677
0.38977997,0.12052646
0.38993196,0.12042450
0.39008406,0.12047267
0.39023629,0.12035671
0.39038863,0.12042452
0.39054109,0.12035473
0.39069368,0.12028739
0.39084638,0.12038597
0.39099920,0.12033942
0.39115214,0.12047318
0.39130520,0.12066292
0.39145838,0.12067510
0.39161168,0.12084653
0.39176510,0.12085599
0.39191864,0.12094094
0.39207230,0.12106720
0.39222608,0.12111992
0.39237998,0.12107837
0.39253400,0.12107799
0.39268815,0.12100270
0.39284241,0.12092309
0.39299680,0.12096116
0.39315130,0.12087515
0.39330593,0.12084695
0.39346068,0.12082906
0.39361556,0.12078752
0.39377055,0.12072978
0.39392567,0.12075469
0.39408090,0.12063693
0.39423627,0.12067825
0.39439175,0.12057537
0.39454736,0.12072632
0.39470308,0.12068451
0.39485894,0.12081712
0.39501491,0.12085499
0.39517101,0.12096431
0.39532723,0.12099325
0.39548358,0.12108701
0.39564005,0.12127763
0.39579664,0.12132601
0.39595336,0.12137972
0.39611020,0.12130686
0.39626716,0.12126826
0.39642425,0.12122080
0.39658147,0.12121697
0.39673881,0.12115327
0.39689627,0.12108200
0.39705386,0.12108498
0.39721157,0.12104844
0.39736941,0.12102637
0.39752738,0.12094780
0.39768547,0.12090517
0.39784369,0.12087485
0.39800203,0.12085867
0.39816050,0.12086160
0.39831909,0.12089555
0.39847781,0.12096531
0.39863666,0.12095162
0.39879564,0.12108774
0.39895474,0.12113152
0.39911397,0.12117631
0.39927332,0.12137888
0.39943281,0.12141392
0.39959242,0.12151411
0.39975215,0.12148241
0.39991202,0.12145192
0.40007201,0.12142348
0.40023213,0.12136694
0.40039238,0.12154695
0.40055276,0.12161177
0.40071327,0.12161964
0.40087391,0.12159243
0.40103467,0.12151926
0.40119556,0.12146831
0.40135659,0.12146550
0.40151774,0.12139806
0.40167902,0.12137319
0.40184043,0.12132550
0.40200197,0.12127465
0.40216364,0.12127274
0.40232544,0.12115608
0.40248737,0.12121390
0.40264943,0.12125255
0.40281163,0.12136839
0.40297395,0.12146853
0.40313640,0.12146590
0.40329899,0.12160962
0.40346170,0.12147134
0.40362455,0.12158588
0.40378753,0.12154733
0.40395064,0.12154912
0.40411388,0.12189420
0.40427725,0.12198136
0.40444076,0.12222990
0.40460440,0.12206221
0.40476817,0.12218605
0.40493207,0.12184537
0.40509611,0.12175136
0.40526028,0.12169397
0.40542458,0.12172556
0.40558902,0.12164823
0.40575359,0.12165201
0.40591829,0.12146810
0.40608313,0.12152265
0.40624810,0.12137369
0.40641320,0.12142957
0.40657844,0.12158240
0.40674381,0.12171786
0.40690932,0.12168948
0.40707496,0.12173774
0.40724074,0.12166048
0.40740665,0.12166414
0.40757270,0.12177494
0.40773888,0.12185182
0.40790520,0.12207252
0.40807166,0.12220721
0.40823825,0.12209731
0.40840497,0.12211329
0.40857184,0.12206127
0.40873884,0.12207618
0.40890597,0.12182141
0.40907324,0.12194639
0.40924065,0.12181276
0.40940820,0.12176744
0.40957588,0.12177531
0.40974371,0.12179331
0.40991166,0.12171074
0.41007976,0.12162070
0.41024799,0.12177409
0.41041637,0.12180426
0.41058488,0.12173290
0.41075353,0.12177991
0.41092232,0.12178145
0.41109124,0.12176535
0.41126031,0.12179373
0.41142951,0.12173173
0.41159886,0.12214096
0.41176834,0.12211206
0.41193796,0.12228643
0.41210772,0.12224268
0.41227763,0.12220820
0.41244767,0.12209401
0.41261785,0.12203402
0.41278818,0.12195378
0.41295864,0.12209056
0.41312925,0.12211540
0.41329999,0.12242027
0.41347088,0.12247827
0.41364191,0.12248153
0.41381308,0.12239796
0.41398439,0.12242161
0.41415585,0.12234381
0.41432744,0.12238194
0.41449918,0.12232451
0.41467106,0.12228629
0.41484309,0.12224875
0.41501525,0.12218298
0.41518756,0.12220474
0.41536001,0.12225796
0.41553261,0.12241363
0.41570535,0.12250482
0.41587823,0.12246767
0.41605126,0.12241581
0.41622443,0.12232999
0.41639774,0.12227190
0.41657120,0.12219845
0.41674481,0.12236800
0.41691855,0.12234775
0.41709245,0.12278159
0.41726649,0.12283622
0.41744067,0.12290725
0.41761500,0.12276169
0.41778948,0.12277286
0.41796410,0.12265682
0.41813886,0.12260967
0.41831378,0.12257424
0.41848884,0.12249511
0.41866404,0.12240366
0.41883940,0.12234128
0.41901490,0.12233966
0.41919054,0.12259663
0.41936634,0.12258518
0.41954228,0.12253543
0.41971837,0.12250643
0.41989461,0.12248935
0.42007099,0.12235776
0.42024753,0.12254999
0.42042421,0.12235781
0.42060104,0.12244491
0.42077802,0.12249854
0.42095515,0.12286667
0.42113243,0.12295331
0.42130985,0.12305617
0.42148743,0.12288462
0.42166516,0.12302284
0.42184303,0.12281302
0.42202106,0.12277334
0.42219924,0.12264938
0.42237756,0.12270325
0.42255604,0.12252767
0.42273467,0.12254804
0.42291345,0.12260319
0.42309238,0.12258329
0.42327147,0.12259252
0.42345070,0.12256098
0.42363009,0.12255140
0.42380962,0.12246840
0.42398932,0.12243816
0.42416916,0.12234585
0.42434915,0.12233442
0.42452930,0.12239671
0.42470960,0.12263775
0.42489006,0.12285861
0.42507067,0.12299750
0.42525143,0.12306761
0.42543235,0.12291703
0.42561342,0.12285951
0.42579464,0.12276842
0.42597602,0.12273240
0.42615755,0.12271839
0.42633924,0.12266994
0.42652108,0.12255805
0.42670308,0.12259793
0.42688523,0.12279340
0.42706754,0.12297742
0.42725001,0.12338062
0.42743263,0.12349825
0.42761540,0.12338275
0.42779834,0.12330867
0.42798143,0.12318455
0.42816467,0.12315279
0.42834808,0.12308295
0.42853164,0.12317900
0.42871535,0.12316512
0.42889923,0.12320998
0.42908326,0.12334641
0.42926746,0.12322485
0.42945180,0.12329579
0.42963631,0.12314652
0.42982098,0.12300458
0.43000581,0.12313605
0.43019079,0.12296290
0.43037593,0.12294229
0.43056124,0.12283790
0.43074670,0.12306890
0.43093232,0.12313447
0.43111810,0.12363683
0.43130405,0.12380551
0.43149015,0.12367803
0.43167642,0.12374034
0.43186284,0.12364359
0.43204943,0.12349599
0.43223617,0.12345684
0.43242308,0.12328499
0.43261015,0.12337132
0.43279739,0.12344250
0.43298478,0.12348470
0.43317234,0.12344691
0.43336006,0.12343028
0.43354794,0.12330745
0.43373598,0.12321553
0.43392419,0.12322190
0.43411257,0.12311182
0.43430110,0.12301788
0.43448980,0.12305057
0.43467866,0.12299326
0.43486769,0.12320412
0.43505688,0.12362223
0.43524624,0.12373661
0.43543576,0.12387900
0.43562545,0.12374334
0.43581530,0.12369140
0.43600532,0.12353186
0.43619550,0.12353462
0.43638585,0.12344693
0.43657637,0.12343692
0.43676705,0.12341335
0.43695790,0.12339369
0.43714891,0.12334111
0.43734010,0.12324467
0.43753145,0.12324998
0.43772297,0.12317222
0.43791465,0.12309219
0.43810650,0.12297246
0.43829853,0.12300220
0.43849071,0.12299149
0.43868307,0.12298393
0.43887560,0.12308997
0.43906830,0.12353504
0.43926116,0.12365040
0.43945420,0.12372776
0.43964740,0.12360606
0.43984078,0.12353141
0.44003432,0.12345664
0.44022804,0.12343953
0.44042192,0.12336537
0.44061598,0.12334033
0.44081021,0.12318226
0.44100461,0.12319248
0.44119918,0.12312825
0.44139392,0.12312975
0.44158884,0.12308846
0.44178392,0.12315934
0.44197918,0.12345015
0.44217461,0.12398459
0.44237022,0.12425193
0.44256600,0.12420198
0.44276195,0.12421373
0.44295807,0.12398170
0.44315437,0.12418855
0.44335085,0.12410975
0.44354749,0.12404177
0.44374431,0.12405499
0.44394131,0.12400469
0.44413848,0.12390607
0.44433583,0.12385653
0.44453335,0.12383133
0.44473105,0.12377223
0.44492892,0.12375046
0.44512697,0.12358979
0.44532520,0.12352727
0.44552360,0.12350944
0.44572218,0.12344558
0.44592094,0.12361504
0.44611987,0.12383519
0.44631898,0.12445349
0.44651827,0.12463420
0.44671774,0.12446806
0.44691739,0.12445936
0.44711721,0.12444548
0.44731722,0.12420597
0.44751740,0.12417134
0.44771776,0.12417279
0.44791830,0.12412527
0.44811902,0.12397411
0.44831992,0.12403600
0.44852100,0.12386608
0.44872226,0.12373559
0.44892371,0.12385699
0.44912533,0.12373558
0.44932713,0.12375085
0.44952912,0.12360633
0.44973129,0.12366491
0.44993363,0.12346393
0.45013617,0.12392260
0.45033888,0.12431176
0.45054178,0.12445810
0.45074486,0.12448430
0.45094812,0.12437886
0.45115156,0.12428761
0.45135519,0.12432378
0.45155901,0.12423304
0.45176301,0.12415131
0.45196719,0.12412265
0.45217155,0.12395081
0.45237611,0.12390465
0.45258084,0.12389630
0.45278576,0.12379354
0.45299087,0.12373813
0.45319617,0.12370951
0.45340165,0.12359974
0.45360731,0.12362375
0.45381317,0.12349714
0.45401921,0.12351535
0.45422543,0.12348608
0.45443185,0.12389543
0.45463845,0.12413580
0.45484524,0.12427096
0.45505222,0.12408924
0.45525938,0.12411276
0.45546674,0.12399501
0.45567428,0.12397255
0.45588202,0.12389390
0.45608994,0.12379192
0.45629805,0.12368728
0.45650636,0.12369828
0.45671485,0.12358598
0.45692353,0.12348156
0.45713241,0.12342371
0.45734147,0.12342433
0.45755073,0.12311832
0.45776018,0.12333413
0.45796982,0.12312500
0.45817965,0.12369088
0.45838968,0.12456289
0.45859989,0.12507604
0.45881030,0.12519061
0.45902091,0.12507844
0.45923171,0.12495131
0.45944270,0.12489260
0.45965388,0.12471304
0.45986526,0.12476124
0.46007683,0.12444770
0.46028860,0.12460736
0.46050056,0.12442677
0.46071272,0.12434108
0.46092508,0.12422758
0.46113763,0.12400093
0.46135037,0.12385718
0.46156331,0.12400648
0.46177645,0.12404729
0.46198979,0.12387498
0.46220332,0.12389127
0.46241705,0.12424940
0.46263098,0.12490784
0.46284511,0.12511894
0.46305943,0.12519475
0.46327396,0.12500657
0.46348868,0.12496556
0.46370360,0.12492049
0.46391872,0.12488140
0.46413404,0.12481086
0.46434956,0.12462617
0.46456528,0.12473133
0.46478120,0.12455874
0.46499733,0.12428283
0.46521365,0.12438915
0.46543017,0.12429127
0.46564690,0.12425288
0.46586383,0.12406627
0.46608096,0.12425396
0.46629829,0.12403182
0.46651583,0.12392907
0.46673357,0.12432430
0.46695151,0.12497498
0.46716965,0.12498504
0.46738800,0.12488993
0.46760656,0.12481147
0.46782531,0.12478924
0.46804428,0.12468171
0.46826345,0.12444690
0.46848282,0.12459276
0.46870240,0.12433193
0.46892218,0.12427728
0.46914217,0.12418630
0.46936237,0.12429708
0.46958278,0.12414496
0.46980339,0.12395482
0.47002421,0.12383570
0.47024523,0.12382596
0.47046647,0.12388918
0.47068791,0.12376892
0.47090956,0.12385983
0.47113142,0.12426133
0.47135349,0.12453194
0.47157577,0.12447948
0.47179826,0.12439810
0.47202096,0.12428873
0.47224387,0.12416792
0.47246699,0.12415432
0.47269032,0.12405499
0.47291386,0.12408862
0.47313761,0.12390918
0.47336158,0.12379850
0.47358575,0.12373473
0.47381014,0.12372558
0.47403475,0.12361160
0.47425956,0.12362483
0.47448459,0.12361597
0.47470983,0.12335800
0.47493529,0.12339074
0.47516096,0.12333179
0.47538685,0.12350356
0.47561295,0.12383195
0.47583926,0.12412193
0.47606579,0.12503857
0.47629254,0.12563292
0.47651950,0.12571636
0.47674668,0.12550969
0.47697408,0.12539908
0.47720169,0.12533129
0.47742952,0.12507927
0.47765757,0.12488241
0.47788583,0.12505152
0.47811432,0.12493790
0.47834302,0.12466108
0.47857194,0.12450668
0.47880108,0.12461661
0.47903044,0.12451814
0.47926002,0.12431772
0.47948982,0.12435369
0.47971984,0.12441557
0.47995009,0.12417957
0.48018055,0.12431632
0.48041123,0.12526599
0.48064214,0.12551466
0.48087327,0.12554902
0.48110462,0.12543924
0.48133619,0.12531463
0.48156799,0.12517591
0.48180000,0.12495088
0.48203225,0.12498975
0.48226472,0.12479636
0.48249741,0.12473407
0.48273032,0.12469621
0.48296346,0.12475730
0.48319683,0.12465559
0.48343042,0.12451886
0.48366424,0.12459118
0.48389828,0.12451152
0.48413256,0.12434423
0.48436705,0.12432696
0.48460178,0.12428060
0.48483673,0.12485513
0.48507191,0.12507868
0.48530732,0.12487866
0.48554296,0.12489246
0.48577882,0.12463890
0.48601492,0.12472651
0.48625125,0.12461670
0.48648780,0.12458017
0.48672459,0.12443623
0.48696160,0.12445821
0.48719885,0.12443936
0.48743633,0.12435092
0.48767404,0.12420000
0.48791198,0.12415383
0.48815015,0.12416265
0.48838856,0.12404266
0.48862720,0.12394664
0.48886608,0.12390245
0.48910518,0.12388528
0.48934452,0.12427813
0.48958410,0.12434405
0.48982391,0.12417461
0.49006395,0.12417093
0.49030423,0.12405222
0.49054475,0.12405473
0.49078550,0.12396404
0.49102649,0.12400500
0.49126772,0.12371165
0.49150918,0.12383930
0.49175088,0.12373842
0.49199282,0.12371128
0.49223499,0.12349715
0.49247741,0.12345616
0.49272006,0.12337869
0.49296295,0.12326786
0.49320609,0.12332564
0.49344946,0.12333224
0.49369307,0.12331111
0.49393692,0.12333014
0.49418102,0.12335317
0.49442535,0.12321858
0.49466993,0.12316566
0.49491475,0.12314587
0.49515981,0.12308951
0.49540512,0.12491577
0.49565067,0.12613363
0.49589646,0.12598695
0.49614249,0.12579801
0.49638877,0.12570727
0.49663530,0.12552580
0.49688207,0.12506394
0.49712908,0.12532204
0.49737634,0.12499516
0.49762385,0.12494362
0.49787160,0.12505851
0.49811960,0.12494558
0.49836785,0.12475965
0.49861634,0.12438454
0.49886508,0.12453248
0.49911407,0.12447353
0.49936331,0.12440078
0.49961280,0.12415724
0.49986254,0.12494747
0.50011253,0.12543350
0.50036276,0.12548695
0.50061325,0.12526034
0.50086399,0.12520385
0.50111498,0.12531168
0.50136622,0.12529026
0.50161772,0.12517254
0.50186946,0.12507546
0.50212146,0.12506109
0.50237372,0.12486211
0.50262622,0.12475614
0.50287898,0.12478119
0.50313200,0.12455610
0.50338527,0.12454398
0.50363879,0.12454148
0.50389257,0.12447335
0.50414661,0.12399397
0.50440090,0.12435471
0.50465545,0.12487342
0.50491025,0.12472877
0.50516532,0.12458586
0.50542064,0.12458890
0.50567622,0.12438693
0.50593205,0.12440598
0.50618815,0.12438037
0.50644451,0.12417642
0.50670112,0.12411609
0.50695800,0.12401270
0.50721514,0.12391181
0.50747253,0.12401671
0.50773019,0.12400316
0.50798811,0.12402204
0.50824630,0.12396998
0.50850474,0.12380188
0.50876345,0.12378148
0.50902242,0.12374072
0.50928166,0.12356144
0.50954116,0.12364816
0.50980092,0.12358304
0.51006095,0.12357756
0.51032125,0.12354031
0.51058181,0.12357861
0.51084263,0.12341225
0.51110373,0.12335619
0.51136509,0.12346376
0.51162672,0.12340265
0.51188861,0.12349814
0.51215078,0.12335063
0.51241321,0.12330537
0.51267591,0.12326410
0.51293888,0.12317866
0.51320212,0.12314307
0.51346564,0.12311167
0.51372942,0.12327847
0.51399347,0.12338123
0.51425780,0.12341774
0.51452239,0.12337203
0.51478726,0.12330014
0.51505241,0.12329811
0.51531782,0.12329648
0.51558351,0.12325518
0.51584948,0.12320882
0.51611571,0.12326550
0.51638223,0.12319318
0.51664901,0.12465292
0.51691608,0.12615941
0.51718342,0.12592102
0.51745104,0.12577965
0.51771893,0.12569638
0.51798710,0.12551676
0.51825555,0.12541044
0.51852428,0.12518682
0.51879329,0.12521303
0.51906257,0.12521539
0.51933214,0.12493747
0.51960198,0.12484015
0.51987211,0.12479052
0.52014252,0.12483752
0.52041321,0.12479091
0.52068418,0.12444431
0.52095543,0.12446160
0.52122697,0.12461722
0.52149879,0.12459503
0.52177089,0.12457506
0.52204328,0.12446281
0.52231595,0.12445260
0.52258891,0.12428382
0.52286215,0.12416052
0.52313568,0.12453938
0.52340949,0.12440517
0.52368359,0.12444305
0.52395798,0.12485482
0.52423265,0.12470699
0.52450762,0.12465201
0.52478287,0.12447871
0.52505841,0.12435436
0.52533424,0.12431182
0.52561037,0.12428771
0.52588678,0.12441535
0.52616348,0.12459057
0.52644047,0.12462532
0.52671776,0.12442835
0.52699534,0.12446054
0.52727321,0.12427139
0.52755137,0.12433514
0.52782983,0.12453336
0.52810858,0.12438423
0.52838763,0.12431065
0.52866697,0.12430844
0.52894660,0.12420139
0.52922654,0.12416029
0.52950676,0.12400688
0.52978729,0.12392349
0.53006811,0.12388705
0.53034923,0.12390101
0.53063065,0.12404917
0.53091237,0.12436318
0.53119439,0.12442213
0.53147671,0.12434326
0.53175933,0.12429179
0.53204224,0.12433382
0.53232546,0.12431954
0.53260899,0.12426547
0.53289281,0.12446397
0.53317693,0.12439760
0.53346136,0.12440982
0.53374610,0.12435960
0.53403113,0.12432220
0.53431648,0.12435045
0.53460212,0.12430815
0.53488807,0.12420478
0.53517433,0.12413567
0.53546090,0.12410548
0.53574777,0.12428371
0.53603495,0.12448447
0.53632244,0.12449697
0.53661023,0.12451110
0.53689834,0.12466962
0.53718675,0.12458911
0.53747548,0.12450602
0.53776451,0.12440848
0.53805386,0.12435878
0.53834352,0.12432867
0.53863349,0.12430109
0.53892377,0.12434826
0.53921436,0.12448367
0.53950527,0.12435953
0.53979650,0.12433836
0.54008803,0.12426579
0.54037989,0.12423602
0.54067206,0.12420827
0.54096454,0.12421083
0.54125734,0.12432875
0.54155046,0.12440669
0.54184389,0.12451697
0.54213765,0.12441127
0.54243172,0.12442164
0.54272611,0.12431813
0.54302082,0.12431926
0.54331586,0.12424552
0.54361121,0.12419282
0.54390688,0.12430900
0.54420288,0.12428447
0.54449920,0.12422316
0.54479584,0.12511084
0.54509280,0.12561627
0.54539009,0.12550426
0.54568770,0.12540231
0.54598564,0.12522295
0.54628390,0.12534216
0.54658249,0.12523598
0.54688141,0.12514739
0.54718065,0.12523626
0.54748022,0.12506992
0.54778012,0.12503140
0.54808035,0.12493662
0.54838091,0.12486435
0.54868179,0.12482515
0.54898301,0.12480421
0.54928456,0.12475144
0.54958644,0.12494237
0.54988865,0.12525665
0.55019119,0.12520903
0.55049407,0.12508115
0.55079728,0.12498481
0.55110082,0.12492801
0.55140470,0.12490524
0.55170892,0.12490887
0.55201347,0.12488329
0.55231836,0.12478054
0.55262358,0.12479509
0.55292914,0.12483374
0.55323504,0.12467879
0.55354128,0.12460078
0.55384786,0.12450157
0.55415478,0.12456105
0.55446203,0.12450589
0.55476963,0.12458886
0.55507757,0.12450806
0.55538585,0.12442949
0.55569448,0.12431808
0.55600345,0.12432636
0.55631276,0.12454426
0.55662242,0.12450566
0.55693242,0.12490564
0.55724276,0.12506287
0.55755346,0.12496384
0.55786449,0.12491035
0.55817588,0.12483008
0.55848762,0.12486711
0.55879970,0.12476921
0.55911213,0.12484120
0.55942491,0.12505514
0.55973804,0.12546598
0.56005152,0.12532118
0.56036536,0.12528581
0.56067954,0.12535507
0.56099408,0.12526676
0.56130897,0.12517317
0.56162422,0.12527906
0.56193982,0.12548782
0.56225577,0.12563125
0.56257208,0.12554590
0.56288875,0.12557394
0.56320577,0.12549769
0.56352315,0.12546651
0.56384088,0.12540835
0.56415898,0.12540344
0.56447744,0.12543370
0.56479625,0.12538446
0.56511542,0.12528779
0.56543496,0.12526069
0.56575486,0.12512756
0.56607512,0.12515024
0.56639574,0.12510030
0.56671673,0.12527864
0.56703808,0.12541545
0.56735979,0.12553345
0.56768187,0.12542806
0.56800432,0.12531675
0.56832713,0.12526202
0.56865031,0.12515977
0.56897386,0.12512222
0.56929777,0.12520875
0.56962206,0.12523052
0.56994671,0.12511649
0.57027173,0.12508044
0.57059713,0.12497057
0.57092290,0.12489773
0.57124904,0.12485765
0.57157555,0.12478805
0.57190243,0.12505754
0.57222969,0.12508069
0.57255733,0.12514785
0.57288534,0.12504503
0.57321372,0.12498725
0.57354249,0.12491083
0.57387162,0.12501293
0.57420114,0.12490513
0.57453104,0.12493465
0.57486131,0.12493273
0.57519197,0.12484569
0.57552301,0.12475879
0.57585442,0.12496033
0.57618622,0.12508291
0.57651841,0.12504774
0.57685097,0.12490122
0.57718392,0.12502121
0.57751725,0.12506440
0.57785097,0.12503546
0.57818508,0.12489778
0.57851957,0.12483630
0.57885445,0.12479142
0.57918971,0.12471323
0.57952537,0.12462047
0.57986141,0.12465910
0.58019785,0.12461666
0.58053467,0.12457451
0.58087189,0.12462027
0.58120950,0.12478600
0.58154750,0.12476671
0.58188589,0.12467272
0.58222468,0.12458816
0.58256386,0.12467855
0.58290344,0.12480730
0.58324342,0.12467477
0.58358379,0.12461521
0.58392456,0.12498014
0.58426572,0.12494493
0.58460729,0.12514465
0.58494926,0.12573084
0.58529162,0.12569011
0.58563439,0.12558462
0.58597756,0.12550277
0.58632113,0.12573905
0.58666510,0.12551463
0.58700948,0.12557690
0.58735426,0.12590377
0.58769945,0.12592115
0.58804504,0.12585706
0.58839104,0.12580106
0.58873745,0.12573782
0.58908427,0.12591305
0.58943149,0.12569878
0.58977913,0.12603975
0.59012717,0.12613245
0.59047563,0.12614192
0.59082450,0.12618377
0.59117378,0.12603444
0.59152347,0.12609538
0.59187358,0.12593229
0.59222410,0.12592701
0.59257503,0.12603636
0.59292639,0.12603679
0.59327816,0.12594087
0.59363035,0.12581179
0.59398295,0.12578629
0.59433598,0.12573673
0.59468942,0.12568518
0.59504329,0.12592911
0.59539758,0.12590292
0.59575229,0.12601838
0.59610742,0.12595336
0.59646297,0.12586508
0.59681895,0.12582633
0.59717536,0.12567534
0.59753219,0.12572891
0.59788945,0.12572377
0.59824714,0.12568805
0.59860525,0.12561858
0.59896379,0.12548694
0.59932277,0.12541602
0.59968217,0.12534763
0.60004200,0.12532254
0.60040227,0.12554026
0.60076297,0.12541954
0.60112410,0.12557406
0.60148567,0.12544757
0.60184767,0.12536345
0.60221011,0.12528778
0.60257299,0.12520466
0.60293630,0.12527275
0.60330005,0.12523261
0.60366424,0.12518379
0.60402887,0.12510743
0.60439394,0.12503707
0.60475946,0.12498067
0.60512541,0.12489377
0.60549181,0.12477123
0.60585865,0.12498917
0.60622594,0.12497939
0.60659367,0.12504207
0.60696185,0.12492359
0.60733048,0.12483751
0.60769955,0.12473029
0.60806908,0.12464933
0.60843905,0.12463273
0.60880947,0.12477654
0.60918035,0.12475423
0.60955167,0.12473547
0.60992345,0.12469423
0.61029569,0.12466232
0.61066838,0.12463354
0.61104152,0.12453661
0.61141512,0.12459071
0.61178918,0.12448420
0.61216369,0.12464337
0.61253867,0.12455474
0.61291410,0.12444829
0.61328999,0.12434431
0.61366635,0.12459271
0.61404317,0.12438520
0.61442045,0.12426934
0.61479819,0.12490496
0.61517640,0.12519974
0.61555508,0.12523625
0.61593422,0.12600402
0.61631383,0.12623035
0.61669390,0.12600921
0.61707445,0.12595163
0.61745547,0.12607116
0.61783695,0.12593330
0.61821891,0.12584607
0.61860134,0.12627691
0.61898425,0.12630322
0.61936763,0.12628888
0.61975148,0.12618236
0.62013581,0.12615695
0.62052062,0.12609501
0.62090590,0.12603682
0.62129167,0.12617299
0.62167791,0.12648232
0.62206463,0.12624302
0.62245184,0.12649123
0.62283953,0.12642264
0.62322770,0.12627855
0.62361635,0.12622269
0.62400549,0.12625138
0.62439512,0.12622191
0.62478523,0.12615867
0.62517583,0.12604856
0.62556692,0.12596787
0.62595850,0.12586853
0.62635057,0.12583534
0.62674313,0.12584856
0.62713618,0.12584313
0.62752973,0.12586095
0.62792377,0.12588102
0.62831831,0.12574877
0.62871334,0.12567987
0.62910887,0.12565459
0.62950489,0.12562851
0.62990142,0.12561547
0.63029845,0.12549324
0.63069597,0.12541259
0.63109400,0.12532503
0.63149253,0.12523073
0.63189157,0.12522647
0.63229111,0.12543247
0.63269115,0.12527199
0.63309170,0.12525328
0.63349276,0.12518345
0.63389433,0.12507725
0.63429641,0.12497393
0.63469899,0.12496425
0.63510209,0.12508493
0.63550570,0.12512682
0.63590983,0.12528803
0.63631447,0.12512787
0.63671962,0.12500768
0.63712529,0.12494051
0.63753148,0.12479655
0.63793818,0.12478885
0.63834541,0.12490573
0.63875315,0.12495922
0.63916142,0.12488110
0.63957021,0.12472319
0.63997952,0.12462870
0.64038936,0.12459486
0.64079972,0.12448266
0.64121061,0.12455792
0.64162202,0.12481333
0.64203396,0.12493918
0.64244644,0.12491281
0.64285944,0.12475599
0.64327297,0.12468901
0.64368704,0.12463979
0.64410164,0.12451398
0.64451677,0.12449025
0.64493244,0.12468774
0.64534865,0.12463502
0.64576539,0.12454812
0.64618268,0.12448074
0.64660050,0.12431733
0.64701886,0.12425991
0.64743777,0.12423013
0.64785721,0.12455348
0.64827720,0.12474102
0.64869774,0.12469070
0.64911882,0.12464608
0.64954045,0.12452027
0.64996263,0.12439215
0.65038535,0.12437668
0.65080863,0.12424020
0.65123246,0.12443039
0.65165684,0.12431782
0.65208177,0.12432006
0.65250726,0.12417506
0.65293330,0.12413965
0.65335990,0.12416862
0.65378706,0.12398512
0.65421478,0.12413893
0.65464306,0.12434504
0.65507189,0.12461489
0.65550129,0.12456653
0.65593126,0.12452341
0.65636179,0.12485964
0.65679288,0.12492809
0.65722454,0.12477375
0.65765677,0.12484059
0.65808957,0.12495893
0.65852293,0.12471634
0.65895687,0.12466707
0.65939138,0.12496732
0.65982647,0.12492283
0.66026212,0.12490365
0.66069836,0.12497922
0.66113517,0.12495278
0.66157256,0.12495914
0.66201053,0.12510817
0.66244907,0.12518442
0.66288820,0.12518833
0.66332792,0.12511017
0.66376821,0.12527937
0.66420909,0.12517503
0.66465056,0.12513847
0.66509261,0.12570886
0.66553526,0.12563289
0.66597849,0.12560474
0.66642231,0.12543452
0.66686673,0.12536349
0.66731173,0.12530882
0.66775734,0.12541383
0.66820353,0.12586194
0.66865033,0.12580943
0.66909772,0.12568685
0.66954571,0.12569121
0.66999431,0.12551405
0.67044350,0.12546327
0.67089329,0.12571835
0.67134369,0.12564854
0.67179470,0.12599696
0.67224631,0.12594652
0.67269853,0.12581676
0.67315136,0.12569718
0.67360480,0.12566160
0.67405885,0.12559483
0.67451351,0.12559176
0.67496878,0.12579941
0.67542467,0.12571580
0.67588118,0.12555050
0.67633830,0.12548429
0.67679605,0.12532089
0.67725441,0.12529410
0.67771340,0.12522017
0.67817300,0.12559464
0.67863323,0.12567641
0.67909409,0.12557062
0.67955557,0.12543424
0.68001768,0.12531584
0.68048042,0.12525372
0.68094379,0.12517037
0.68140779,0.12525947
0.68187242,0.12532811
0.68233769,0.12516774
0.68280359,0.12507057
0.68327013,0.12498572
0.68373731,0.12487303
0.68420512,0.12479496
0.68467358,0.12472084
0.68514268,0.12515961
0.68561242,0.12506937
0.68608281,0.12498883
0.68655384,0.12487239
0.68702552,0.12480256
0.68749785,0.12462395
0.68797083,0.12461754
0.68844446,0.12467587
0.68891874,0.12464720
0.68939368,0.12448912
0.68986927,0.12443029
0.69034552,0.12436258
0.69082242,0.12422847
0.69129999,0.12409268
0.69177822,0.12439533
0.69225710,0.12452472
0.69273666,0.12443224
0.69321687,0.12435756
0.69369776,0.12423551
0.69417931,0.12411007
0.69466153,0.12402210
0.69514442,0.12414665
0.69562798,0.12408112
0.69611221,0.12397387
0.69659712,0.12389221
0.69708271,0.12380034
0.69756897,0.12377836
0.69805591,0.12369407
0.69854354,0.12375268
0.69903184,0.12403567
0.69952083,0.12388568
0.70001050,0.12381530
0.70050086,0.12395183
0.70099190,0.12388643
0.70148364,0.12380661
0.70197606,0.12389189
0.70246918,0.12393534
0.70296299,0.12385262
0.70345749,0.12376607
0.70395269,0.12397706
0.70444859,0.12389502
0.70494519,0.12384943
0.70544249,0.12511018
0.70594049,0.12536615
0.70643919,0.12527170
0.70693860,0.12507757
0.70743872,0.12497251
0.70793954,0.12495285
0.70844108,0.12484705
0.70894332,0.12600130
0.70944628,0.12584467
0.70994995,0.12567816
0.71045434,0.12554447
0.71095944,0.12534391
0.71146526,0.12527395
0.71197181,0.12507335
0.71247907,0.12581891
0.71298706,0.12606120
0.71349577,0.12605512
0.71400521,0.12597063
0.71451538,0.12574681
0.71502628,0.12573818
0.71553791,0.12550472
0.71605027,0.12581447
0.71656336,0.12565407
0.71707719,0.12551434
0.71759176,0.12545802
0.71810707,0.12524988
0.71862312,0.12527943
0.71913991,0.12511132
0.71965744,0.12539434
0.72017572,0.12544907
0.72069475,0.12545537
0.72121453,0.12534691
0.72173505,0.12520514
0.72225633,0.12502211
0.72277836,0.12496892
0.72330115,0.12501378
0.72382469,0.12491637
0.72434899,0.12477299
0.72487405,0.12464813
0.72539988,0.12460390
0.72592646,0.12450199
0.72645382,0.12433874
0.72698193,0.12456144
0.72751082,0.12445483
0.72804048,0.12440428
0.72857091,0.12425588
0.72910211,0.12412194
0.72963409,0.12405240
0.73016684,0.12396503
0.73070038,0.12386547
0.73123469,0.12375572
0.73176979,0.12364143
0.73230566,0.12353475
0.73284233,0.12348284
0.73337978,0.12342713
0.73391802,0.12340707
0.73445705,0.12336144
0.73499688,0.12348166
0.73553749,0.12346709
0.73607891,0.12327755
0.73662112,0.12318409
0.73716413,0.12325420
0.73770794,0.12327474
0.73825256,0.12314503
0.73879798,0.12310173
0.73934420,0.12316264
0.73989124,0.12319334
0.74043908,0.12296168
0.74098774,0.12335303
0.74153721,0.12330502
0.74208749,0.12328607
0.74263859,0.12312331
0.74319052,0.12325534
0.74374326,0.12330305
0.74429683,0.12318038
0.74485122,0.12339237
0.74540643,0.12345279
0.74596248,0.12344856
0.74651935,0.12323894
0.74707706,0.12340293
0.74763560,0.12327036
0.74819498,0.12327970
0.74875519,0.12320146
0.74931625,0.12323376
0.74987814,0.12332499
0.75044088,0.12311585
0.75100447,0.12326188
0.75156890,0.12328621
0.75213418,0.12320017
0.75270031,0.12307578
0.75326730,0.12319713
0.75383514,0.12306121
0.75440383,0.12304930
0.75497339,0.12298135
0.75554380,0.12299621
0.75611508,0.12286296
0.75668722,0.12290086
0.75726023,0.12306969
0.75783411,0.12300031
0.75840886,0.12306197
0.75898448,0.12405888
0.75956097,0.12394782
0.76013835,0.12391573
0.76071660,0.12374453
0.76129573,0.12359117
0.76187574,0.12351686
0.76245664,0.12375625
0.76303842,0.12448031
0.76362109,0.12425543
0.76420465,0.12410679
0.76478911,0.12396208
0.76537446,0.12388898
0.76596071,0.12387094
0.76654785,0.12449952
0.76713590,0.12472640
0.76772485,0.12474447
0.76831470,0.12461052
0.76890546,0.12442064
0.76949713,0.12434017
0.77008972,0.12454313
0.77068321,0.12455053
0.77127762,0.12443934
0.77187295,0.12438998
0.77246920,0.12419872
0.77306637,0.12409934
0.77366446,0.12398176
0.77426348,0.12406766
0.77486343,0.12444180
0.77546431,0.12438848
0.77606612,0.12439487
0.77666887,0.12432327
0.77727255,0.12414984
0.77787717,0.12405604
0.77848274,0.12422676
0.77908924,0.12410340
0.77969670,0.12400145
0.78030510,0.12398265
0.78091445,0.12373731
0.78152475,0.12360218
0.78213601,0.12384574
0.78274823,0.12405601
0.78336140,0.12402523
0.78397554,0.12403430
0.78459064,0.12390918
0.78520671,0.12393157
0.78582374,0.12390620
0.78644174,0.12387090
0.78706072,0.12398050
0.78768067,0.12395492
0.78830160,0.12372216
0.78892351,0.12370713
0.78954641,0.12386419
0.79017028,0.12391497
0.79079514,0.12406617
0.79142100,0.12401704
0.79204784,0.12404694
0.79267568,0.12391633
0.79330451,0.12382278
0.79393434,0.12399877
0.79456517,0.12387913
0.79519701,0.12396421
0.79582985,0.12388258
0.79646370,0.12387565
0.79709856,0.12381065
0.79773443,0.12376689
0.79837132,0.12397007
0.79900923,0.12405293
0.79964815,0.12386665
0.80028810,0.12382344
0.80092908,0.12374468
0.80157108,0.12359174
0.80221411,0.12359888
0.80285818,0.12355836
0.80350327,0.12354523
0.80414941,0.12342269
0.80479659,0.12338378
0.80544481,0.12336726
0.80609407,0.12326151
0.80674438,0.12327149
0.80739575,0.12318026
0.80804816,0.12306685
0.80870163,0.12297697
0.80935616,0.12297929
0.81001175,0.12281238
0.81066840,0.12275198
0.81132611,0.12274394
0.81198490,0.12270816
0.81264475,0.12257720
0.81330568,0.12247380
0.81396769,0.12239014
0.81463077,0.12233311
0.81529493,0.12229434
0.81596018,0.12243861
0.81662652,0.12213538
0.81729394,0.12212774
0.81796246,0.12211421
0.81863207,0.12207174
0.81930277,0.12193852
0.81997458,0.12230459
0.82064749,0.12314254
0.82132151,0.12314535
0.82199663,0.12302483
0.82267286,0.12291089
0.82335021,0.12276168
0.82402868,0.12267152
0.82470826,0.12268396
0.82538896,0.12286614
0.82607079,0.12279526
0.82675375,0.12264287
0.82743784,0.12298384
0.82812306,0.12302318
0.82880942,0.12314316
0.82949691,0.12312161
0.83018555,0.12321352
0.83087533,0.12315841
0.83156626,0.12302992
0.83225833,0.12298382
0.83295156,0.12291504
0.83364595,0.12300554
0.83434150,0.12298709
0.83503820,0.12310165
0.83573607,0.12303274
0.83643511,0.12290428
0.83713532,0.12297481
0.83783671,0.12289386
0.83853926,0.12301331
0.83924300,0.12298018
0.83994792,0.12292657
0.84065403,0.12280732
0.84136132,0.12269748
0.84206981,0.12293902
0.84277949,0.12288555
0.84349036,0.12410145
0.84420244,0.12419123
0.84491572,0.12432399
0.84563021,0.12449552
0.84634590,0.12443904
0.84706281,0.12435801
0.84778093,0.12422503
0.84850028,0.12408344
0.84922084,0.12409539
0.84994263,0.12413008
0.85066565,0.12418850
0.85138989,0.12420904
0.85211538,0.12415464
0.85284210,0.12408018
0.85357006,0.12389636
0.85429926,0.12389066
0.85502971,0.12368522
0.85576141,0.12375229
0.85649437,0.12371783
0.85722858,0.12378581
0.85796405,0.12376580
0.85870079,0.12361878
0.85943879,0.12364122
0.86017806,0.12357814
0.86091860,0.12350350
0.86166042,0.12331885
0.86240352,0.12342633
0.86314790,0.12329610
0.86389357,0.12337314
0.86464053,0.12336714
0.86538878,0.12330638
0.86613832,0.12326000
0.86688917,0.12320149
0.86764132,0.12329687
0.86839477,0.12319315
0.86914954,0.12321606
0.86990562,0.12319337
0.87066301,0.12313649
0.87142172,0.12308826
0.87218176,0.12302592
0.87294313,0.12298676
0.87370582,0.12303985
0.87446985,0.12299456
0.87523522,0.12303178
0.87600193,0.12293504
0.87676998,0.12289286
0.87753938,0.12282068
0.87831013,0.12276310
0.87908224,0.12267962
0.87985570,0.12262050
0.88063053,0.12275135
0.88140673,0.12270545
0.88218429,0.12260982
0.88296322,0.12259295
0.88374354,0.12253538
0.88452523,0.12244771
0.88530831,0.12238748
0.88609277,0.12340518
0.88687863,0.12351243
0.88766588,0.12361903
0.88845453,0.12348482
0.88924459,0.12331061
0.89003605,0.12316037
0.89082892,0.12300962
0.89162320,0.12294079
0.89241890,0.12289286
0.89321602,0.12275268
0.89401457,0.12324617
0.89481455,0.12316622
0.89561596,0.12310005
0.89641881,0.12294095
0.89722309,0.12282775
0.89802883,0.12279313
0.89883601,0.12260646
0.89964464,0.12250444
0.90045473,0.12243211
0.90126628,0.12250810
0.90207929,0.12254491
0.90289377,0.12267440
0.90370973,0.12251045
0.90452716,0.12234642
0.90534607,0.12230226
0.90616646,0.12235322
0.90698835,0.12231563
0.90781172,0.12210788
0.90863659,0.12228786
0.90946296,0.12214658
0.91029084,0.12200249
0.91112022,0.12207469
0.91195112,0.12194184
0.91278353,0.12200898
0.91361747,0.12188746
0.91445293,0.12181171
0.91528992,0.12188361
0.91612844,0.12183341
0.91696850,0.12151367
0.91781011,0.12184652
0.91865325,0.12147999
0.91949795,0.12147103
0.92034421,0.12193631
0.92119202,0.12263740
0.92204140,0.12285772
0.92289234,0.12301903
0.92374486,0.12299529
0.92459896,0.12291098
0.92545463,0.12280079
0.92631189,0.12274180
0.92717074,0.12293485
0.92803118,0.12311251
0.92889322,0.12303363
0.92975687,0.12323221
0.93062212,0.12311814
0.93148899,0.12309019
0.93235747,0.12300418
0.93322757,0.12289479
0.93409929,0.12296743
0.93497265,0.12292626
0.93584764,0.12291238
0.93672428,0.12304812
0.93760255,0.12281440
0.93848247,0.12286197
0.93936405,0.12284357
0.94024729,0.12278459
0.94113218,0.12269821
0.94201875,0.12264948
0.94290698,0.12266714
0.94379689,0.12273698
0.94468849,0.12263091
0.94558177,0.12248636
0.94647674,0.12251734
0.94737341,0.12246025
0.94827177,0.12238576
0.94917185,0.12239845
0.95007363,0.12242513
0.95097713,0.12246780
0.95188235,0.12253598
0.95278929,0.12241352
0.95369796,0.12247477
0.95460837,0.12247510
0.95552052,0.12241570
0.95643441,0.12247631
0.95735006,0.12253059
0.95826745,0.12249002
0.95918661,0.12263685
0.96010753,0.12252916
0.96103022,0.12263185
0.96195469,0.12260942
0.96288094,0.12254562
0.96380897,0.12246115
0.96473880,0.12255133
0.96567042,0.12253134
0.96660384,0.12247392
0.96753906,0.12235431
0.96847610,0.12240825
0.96941496,0.12231328
0.97035564,0.12223222
0.97129814,0.12229643
0.97224248,0.12267745
0.97318865,0.12252559
0.97413667,0.12255320
0.97508654,0.12245038
0.97603826,0.12241302
0.97699184,0.12226357
0.97794729,0.12223471
0.97890461,0.12209751
0.97986380,0.12208476
0.98082487,0.12237619
0.98178784,0.12224108
0.98275269,0.12229214
0.98371944,0.12218871
0.98468810,0.12204310
0.98565867,0.12191793
0.98663115,0.12185548
0.98760555,0.12178719
0.98858188,0.12174639
0.98956014,0.12196938
0.99054034,0.12233657
0.99152248,0.12241992
0.99250658,0.12236983
0.99349262,0.12231285
0.99448063,0.12187615
0.99547061,0.12183083
0.99646256,0.12167950
0.99745649,0.12217910
0.99845240,0.12217458
0.99945030,0.12210821
 1.0004502,0.12174525
 1.0014521,0.12218117
 1.0024560,0.12180740
 1.0034619,0.12207246
 1.0044699,0.12188461
 1.0054799,0.12235534
 1.0064919,0.12212501
 1.0075059,0.12176270
 1.0085220,0.12160201
 1.0095402,0.12201650
 1.0105604,0.12151272
 1.0115826,0.12187748
 1.0126070,0.12157028
 1.0136334,0.12170699
 1.0146619,0.12180626
 1.0156924,0.12189019
 1.0167251,0.12180467
 1.0177599,0.12188295
 1.0187968,0.12196059
 1.0198358,0.12178944
 1.0208769,0.12166769
 1.0219202,0.12220534
 1.0229656,0.12184591
 1.0240131,0.12159857
 1.0250628,0.12194160
 1.0261146,0.12208152
 1.0271686,0.12234210
 1.0282248,0.12251631
 1.0292831,0.12197772
 1.0303436,0.12206455
 1.0314063,0.12147792
 1.0324712,0.12213224
 1.0335383,0.12207931
 1.0346076,0.12186476
 1.0356791,0.12201373
 1.0367529,0.12175426
 1.0378289,0.12181945
 1.0389071,0.12177221
 1.0399875,0.12168727
 1.0410702,0.12171423
 1.0421552,0.12184774
 1.0432424,0.12194394
 1.0443319,0.12157432
 1.0454237,0.12124935
 1.0465177,0.12198738
 1.0476141,0.12204282
 1.0487127,0.12193424
 1.0498137,0.12189518
 1.0509169,0.12226457
 1.0520225,0.12216616
 1.0531304,0.12235806
 1.0542407,0.12239481
 1.0553533,0.12244485
 1.0564682,0.12233450
 1.0575855,0.12252555
 1.0587052,0.12271613
 1.0598272,0.12243604
 1.0609517,0.12245805
 1.0620785,0.12232729
 1.0632077,0.12223733
 1.0643393,0.12240401
 1.0654733,0.12240397
 1.0666098,0.12226158
 1.0677487,0.12210370
 1.0688900,0.12212763
 1.0700337,0.12212474
 1.0711799,0.12196473
 1.0723286,0.12194096
 1.0734797,0.12195681
 1.0746333,0.12177031
 1.0757894,0.12186296
 1.0769479,0.12170022
 1.0781090,0.12147132
 1.0792726,0.12155292
 1.0804387,0.12163831
 1.0816073,0.12184627
 1.0827784,0.12138908
 1.0839521,0.12128718
 1.0851283,0.12131770
 1.0863071,0.12145029
 1.0874884,0.12123985
 1.0886724,0.12129993
 1.0898589,0.12125285
 1.0910480,0.12109889
 1.0922396,0.12121530
 1.0934339,0.12118329
 1.0946308,0.12110742
 1.0958304,0.12113269
 1.0970325,0.12136306
 1.0982373,0.12156171
 1.0994448,0.12140474
 1.1006549,0.12117528
 1.1018677,0.12122526
 1.1030831,0.12188191
 1.1043013,0.12193868
 1.1055221,0.12180838
 1.1067456,0.12187958
 1.1079719,0.12174319
 1.1092008,0.12173237
 1.1104325,0.12172110
 1.1116669,0.12166341
 1.1129041,0.12170295
 1.1141441,0.12132088
 1.1153868,0.12156353
 1.1166322,0.12149385
 1.1178805,0.12149971
 1.1191316,0.12155517
 1.1203854,0.12146907
 1.1216421,0.12152027
 1.1229016,0.12123491
 1.1241639,0.12132474
 1.1254291,0.12110697
 1.1266971,0.12105180
 1.1279680,0.12119295
 1.1292417,0.12098143
 1.1305183,0.12097200
 1.1317979,0.12107823
 1.1330803,0.12103898
 1.1343656,0.12109057
 1.1356539,0.12127033
 1.1369450,0.12106875
 1.1382391,0.12070101
 1.1395362,0.12085362
 1.1408362,0.12070258
 1.1421392,0.12077163
 1.1434452,0.12086097
 1.1447542,0.12084560
 1.1460661,0.12076014
 1.1473811,0.12079518
 1.1486991,0.12061943
 1.1500201,0.12055208
 1.1513442,0.12061522
 1.1526713,0.12067699
 1.1540015,0.12069595
 1.1553348,0.12072486
 1.1566711,0.12071918
 1.1580105,0.12062335
 1.1593531,0.12054351
 1.1606987,0.12071899
 1.1620475,0.12064712
 1.1633995,0.12053107
 1.1647545,0.12042276
 1.1661128,0.12095703
 1.1674742,0.12066897
 1.1688388,0.12131455
 1.1702065,0.12108582
 1.1715775,0.12121190
 1.1729517,0.12100738
 1.1743292,0.12148613
 1.1757098,0.12145909
 1.1770938,0.12184243
 1.1784809,0.12150031
 1.1798714,0.12169761
 1.1812651,0.12159087
 1.1826622,0.12179513
 1.1840625,0.12172205
 1.1854662,0.12186504
 1.1868732,0.12168004
 1.1882835,0.12177314
 1.1896972,0.12174215
 1.1911143,0.12174238
 1.1925347,0.12155026
 1.1939586,0.12165021
 1.1953858,0.12165577
 1.1968165,0.12166398
 1.1982506,0.12151578
 1.1996881,0.12166802
 1.2011291,0.12152226
 1.2025735,0.12151853
 1.2040214,0.12131107
 1.2054728,0.12119769
 1.2069278,0.12124437
 1.2083862,0.12119036
 1.2098482,0.12117159
 1.2113137,0.12143910
 1.2127827,0.12108221
 1.2142554,0.12076252
 1.2157316,0.12086193
 1.2172114,0.12077591
 1.2186948,0.12078034
 1.2201818,0.12132471
 1.2216725,0.12075394
 1.2231668,0.12095177
 1.2246647,0.12057012
 1.2261664,0.12058502
 1.2276717,0.12031785
 1.2291808,0.12062588
 1.2306935,0.12028784
 1.2322100,0.12041222
 1.2337302,0.12023466
 1.2352542,0.12041104
 1.2367819,0.12029062
 1.2383134,0.12012543
 1.2398487,0.12103056
 1.2413879,0.12134687
 1.2429308,0.12134554
 1.2444776,0.12119674
 1.2460283,0.12101027
 1.2475828,0.12081388
 1.2491412,0.12079108
 1.2507035,0.12096828
 1.2522697,0.12124536
 1.2538399,0.12076938
 1.2554140,0.12109788
 1.2569920,0.12092071
 1.2585740,0.12074401
 1.2601600,0.12073728
 1.2617500,0.12101366
 1.2633441,0.12106643
 1.2649421,0.12088618
 1.2665442,0.12066145
 1.2681504,0.12040174
 1.2697607,0.12067538
 1.2713750,0.12058595
 1.2729934,0.12036549
 1.2746160,0.12096997
 1.2762427,0.12042120
 1.2778736,0.12052107
 1.2795087,0.12034716
 1.2811479,0.12050971
 1.2827914,0.12016953
 1.2844390,0.12032696
 1.2860909,0.12088177
 1.2877471,0.12075037
 1.2894075,0.12091124
 1.2910722,0.12074241
 1.2927413,0.12095426
 1.2944146,0.12065840
 1.2960923,0.12065846
 1.2977743,0.12063571
 1.2994607,0.12079915
 1.3011515,0.12075144
 1.3028467,0.12052776
 1.3045463,0.12042437
 1.3062504,0.12063989
 1.3079589,0.12060291
 1.3096719,0.12075167
 1.3113894,0.12050273
 1.3131114,0.12054089
 1.3148379,0.12035479
 1.3165690,0.12034328
 1.3183047,0.12026697
 1.3200449,0.12056413
 1.3217897,0.12077075
 1.3235391,0.12057074
 1.3252932,0.12085365
 1.3270520,0.12076862
 1.3288154,0.12085700
 1.3305835,0.12104194
 1.3323563,0.12124554
 1.3341338,0.12146819
 1.3359161,0.12159167
 1.3377032,0.12180085
 1.3394950,0.12168540
 1.3412917,0.12156991
 1.3430931,0.12182597
 1.3448995,0.12170987
 1.3467107,0.12168606
 1.3485267,0.12162819
 1.3503477,0.12183319
 1.3521736,0.12170225
 1.3540045,0.12173092
 1.3558403,0.12161648
 1.3576811,0.12175765
 1.3595269,0.12162893
 1.3613777,0.12174141
 1.3632336,0.12157094
 1.3650945,0.12159853
 1.3669606,0.12162553
 1.3688317,0.12151987
 1.3707080,0.12161214
 1.3725894,0.12164402
 1.3744760,0.12157663
 1.3763678,0.12155254
 1.3782648,0.12152453
 1.3801670,0.12143570
 1.3820745,0.12150902
 1.3839873,0.12137205
 1.3859053,0.12138498
 1.3878287,0.12144348
 1.3897575,0.12136659
 1.3916916,0.12150109
 1.3936311,0.12151130
 1.3955760,0.12143102
 1.3975264,0.12151643
 1.3994822,0.12155428
 1.4014435,0.12155524
 1.4034103,0.12151051
 1.4053826,0.12147005
 1.4073605,0.12163690
 1.4093440,0.12157407
 1.4113330,0.12167698
 1.4133277,0.12157497
 1.4153280,0.12171519
 1.4173340,0.12179835
 1.4193457,0.12166856
 1.4213631,0.12170096
 1.4233862,0.12166721
 1.4254152,0.12176727
 1.4274499,0.12173373
 1.4294904,0.12169004
 1.4315368,0.12173457
 1.4335890,0.12171403
 1.4356471,0.12166522
 1.4377112,0.12156810
 1.4397812,0.12163757
 1.4418571,0.12165114
 1.4439391,0.12151845
 1.4460270,0.12163776
 1.4481211,0.12149058
 1.4502212,0.12165392
 1.4523274,0.12130410
 1.4544397,0.12139296
 1.4565582,0.12159704
 1.4586828,0.12126934
 1.4608137,0.12142434
 1.4629508,0.12153316
 1.4650941,0.12136308
 1.4672438,0.12151698
 1.4693998,0.12153482
 1.4715621,0.12142160
 1.4737307,0.12144636
 1.4759058,0.12145759
 1.4780874,0.12129124
 1.4802753,0.12143513
 1.4824698,0.12141108
 1.4846708,0.12138262
 1.4868783,0.12130676
 1.4890924,0.12135599
 1.4913131,0.12127431
 1.4935404,0.12136044
 1.4957744,0.12131354
 1.4980151,0.12121447
 1.5002625,0.12132252
 1.5025167,0.12135175
 1.5047777,0.12123763
 1.5070454,0.12130537
 1.5093201,0.12120668
 1.5116015,0.12119815
 1.5138899,0.12108560
 1.5161853,0.12107870
 1.5184876,0.12113393
 1.5207969,0.12107455
 1.5231132,0.12104150
 1.5254367,0.12118038
 1.5277672,0.12101737
 1.5301048,0.12092014
 1.5324496,0.12112636
 1.5348016,0.12100258
 1.5371609,0.12097188
 1.5395274,0.12093511
 1.5419012,0.12093089
 1.5442823,0.12089930
 1.5466708,0.12085477
 1.5490667,0.12088141
 1.5514700,0.12085607
 1.5538808,0.12090075
 1.5562991,0.12087545
 1.5587250,0.12087939
 1.5611584,0.12074469
 1.5635994,0.12072937
 1.5660481,0.12076287
 1.5685044,0.12061088
 1.5709685,0.12070213
 1.5734403,0.12061015
 1.5759199,0.12051833
 1.5784074,0.12048637
 1.5809027,0.12053693
 1.5834059,0.12047698
 1.5859171,0.12045593
 1.5884362,0.12033876
 1.5909633,0.12042477
 1.5934985,0.12033860
 1.5960418,0.12025815
 1.5985932,0.12025701
 1.6011528,0.12028332
 1.6037206,0.12026488
 1.6062967,0.12033957
 1.6088810,0.12024932
 1.6114737,0.12015692
 1.6140747,0.12019374
 1.6166842,0.11998235
 1.6193021,0.12008237
 1.6219285,0.12014925
 1.6245634,0.12006198
 1.6272069,0.11992270
 1.6298590,0.11998709
 1.6325198,0.11990988
 1.6351893,0.11991134
 1.6378675,0.11982317
 1.6405545,0.11988561
 1.6432503,0.11986823
 1.6459551,0.11972513
 1.6486687,0.11974285
 1.6513913,0.11974461
 1.6541229,0.11970451
 1.6568636,0.11962469
 1.6596133,0.11974187
 1.6623722,0.11963744
 1.6651403,0.11959391
 1.6679176,0.11960665
 1.6707042,0.11945398
 1.6735001,0.11951621
 1.6763054,0.11950155
 1.6791201,0.11944583
 1.6819443,0.11941143
 1.6847780,0.11940547
 1.6876213,0.11952014
 1.6904742,0.11940825
 1.6933367,0.11955043
 1.6962090,0.11960155
 1.6990910,0.11957119
 1.7019828,0.11957914
 1.7048845,0.11967187
 1.7077961,0.11980696
 1.7107176,0.11979632
 1.7136492,0.11997600
 1.7165909,0.12000745
 1.7195426,0.12016690
 1.7225045,0.12011373
 1.7254767,0.12010476
 1.7284591,0.12016824
 1.7314518,0.12020042
 1.7344549,0.12031961
 1.7374685,0.12019274
 1.7404926,0.12027957
 1.7435272,0.12033448
 1.7465724,0.12036825
 1.7496282,0.12042754
 1.7526948,0.12039180
 1.7557721,0.12054665
 1.7588603,0.12045160
 1.7619593,0.12072602
 1.7650693,0.12038896
 1.7681903,0.12079426
 1.7713223,0.12077870
 1.7744654,0.12079360
 1.7776198,0.12085932
 1.7807853,0.12093819
 1.7839622,0.12080582
 1.7871504,0.12115002
 1.7903500,0.12093603
 1.7935611,0.12114276
 1.7967838,0.12093975
 1.8000180,0.12124876
 1.8032639,0.12113429
 1.8065215,0.12126464
 1.8097910,0.12132991
 1.8130723,0.12104958
 1.8163655,0.12115081
 1.8196706,0.12132051
 1.8229879,0.12120292
 1.8263172,0.12138901
 1.8296588,0.12121078
 1.8330126,0.12134505
 1.8363787,0.12133584
 1.8397572,0.12124370
 1.8431481,0.12155780
 1.8465516,0.12156629
 1.8499676,0.12152010
 1.8533963,0.12152015
 1.8568378,0.12174794
 1.8602921,0.12186390
 1.8637592,0.12168490
 1.8672393,0.12152718
 1.8707324,0.12140399
 1.8742386,0.12161285
 1.8777580,0.12169916
 1.8812906,0.12137689
 1.8848365,0.12138519
 1.8883958,0.12131418
 1.8919686,0.12158764
 1.8955549,0.12136055
 1.8991549,0.12136855
 1.9027685,0.12137527
 1.9063960,0.12124569
 1.9100372,0.12144595
 1.9136925,0.12109417
 1.9173617,0.12138686
 1.9210450,0.12131471
 1.9247426,0.12130747
 1.9284543,0.12131770
 1.9321805,0.12142006
 1.9359210,0.12113022
 1.9396761,0.12149626
 1.9434457,0.12130312
 1.9472301,0.12130122
 1.9510292,0.12129703
 1.9548431,0.12146216
 1.9586720,0.12123095
 1.9625159,0.12131831
 1.9663750,0.12142251
 1.9702492,0.12123729
 1.9741388,0.12143854
 1.9780437,0.12121211
 1.9819641,0.12150863
 1.9859001,0.12131499
 1.9898518,0.12157803
 1.9938192,0.12130129
 1.9978024,0.12144281
 2.0018016,0.12146757
 2.0058169,0.12142735
 2.0098483,0.12146520
 2.0138959,0.12137640
 2.0179598,0.12149217
 2.0220402,0.12126768
 2.0261372,0.12138172
 2.0302507,0.12134066
 2.0343810,0.12138194
 2.0385282,0.12128165
 2.0426923,0.12128064
 2.0468734,0.12121087
 2.0510717,0.12119428
 2.0552872,0.12123827
 2.0595201,0.12104488
 2.0637705,0.12126946
 2.0680385,0.12099436
 2.0723241,0.12103170
 2.0766276,0.12100672
 2.0809489,0.12094070
 2.0852883,0.12096052
 2.0896458,0.12088218
 2.0940216,0.12082298
 2.0984157,0.12079536
 2.1028283,0.12074768
 2.1072595,0.12074610
 2.1117094,0.12063116
 2.1161782,0.12055471
 2.1206659,0.12053091
 2.1251727,0.12050474
 2.1296986,0.12051589
 2.1342439,0.12038264
 2.1388087,0.12044015
 2.1433930,0.12029318
 2.1479970,0.12032338
 2.1526208,0.12028100
 2.1572646,0.12024750
 2.1619284,0.12018746
 2.1666125,0.12012124
 2.1713169,0.12016529
 2.1760418,0.12013866
 2.1807873,0.12012586
 2.1855535,0.12006542
 2.1903406,0.12002774
 2.1951487,0.12004557
 2.1999780,0.11992470
 2.2048286,0.12004095
 2.2097006,0.11991484
 2.2145942,0.11991425
 2.2195095,0.12003323
 2.2244467,0.11985289
 2.2294059,0.11991191
 2.2343872,0.11994233
 2.2393909,0.11982923
 2.2444170,0.11980641
 2.2494658,0.11981975
 2.2545373,0.11982732
 2.2596317,0.11986364
 2.2647492,0.11981322
 2.2698899,0.11980199
 2.2750540,0.11977156
 2.2802417,0.11981987
 2.2854531,0.11980549
 2.2906884,0.11980354
 2.2959477,0.12043091
 2.3012312,0.12011071
 2.3065390,0.12004155
 2.3118715,0.12019655
 2.3172286,0.12014243
 2.3226106,0.12046256
 2.3280177,0.12041208
 2.3334500,0.12035244
 2.3389077,0.12045952
 2.3443910,0.12036749
 2.3499001,0.12064438
 2.3554352,0.12061751
 2.3609963,0.12072748
 2.3665838,0.12054142
 2.3721978,0.12048820
 2.3778385,0.12055770
 2.3835061,0.12089859
 2.3892008,0.12081188
 2.3949228,0.12082258
 2.4006722,0.12081104
 2.4064493,0.12105386
 2.4122543,0.12106287
 2.4180873,0.12112110
 2.4239486,0.12116179
 2.4298384,0.12132981
 2.4357569,0.12138127
 2.4417043,0.12135101
 2.4476808,0.12134229
 2.4536867,0.12158869
 2.4597221,0.12159857
 2.4657872,0.12161486
 2.4718823,0.12171589
 2.4780077,0.12171701
 2.4841635,0.12173388
 2.4903499,0.12193952
 2.4965672,0.12178094
 2.5028157,0.12208301
 2.5090955,0.12196229
 2.5154069,0.12202437
 2.5217501,0.12219478
 2.5281254,0.12208642
 2.5345330,0.12211317
 2.5409732,0.12220996
 2.5474462,0.12228653
 2.5539522,0.12212463
 2.5604916,0.12229455
 2.5670646,0.12230834
 2.5736713,0.12220338
 2.5803122,0.12222003
 2.5869875,0.12211829
 2.5936973,0.12215861
 2.6004421,0.12218259
 2.6072220,0.12209009
 2.6140374,0.12197498
 2.6208885,0.12219608
 2.6277756,0.12216886
 2.6346990,0.12218561
 2.6416590,0.12222325
 2.6486558,0.12218109
 2.6556898,0.12191910
 2.6627613,0.12202055
 2.6698705,0.12211711
 2.6770178,0.12212322
 2.6842035,0.12207741
 2.6914278,0.12220471
 2.6986911,0.12209705
 2.7059938,0.12219230
 2.7133360,0.12229273
 2.7207183,0.12232921
 2.7281408,0.12232625
 2.7356039,0.12238639
 2.7431079,0.12229546
 2.7506533,0.12241618
 2.7582402,0.12225941
 2.7658692,0.12253413
 2.7735404,0.12232129
 2.7812543,0.12254541
 2.7890113,0.12256360
 2.7968116,0.12225899
 2.8046557,0.12257312
 2.8125439,0.12239815
 2.8204767,0.12273990
 2.8284542,0.12235073
 2.8364771,0.12259167
 2.8445456,0.12245446
 2.8526601,0.12272946
 2.8608211,0.12230417
 2.8690288,0.12263509
 2.8772838,0.12235611
 2.8855865,0.12248103
 2.8939372,0.12227599
 2.9023364,0.12266704
 2.9107845,0.12275269
 2.9192819,0.12258432
 2.9278290,0.12262208
 2.9364264,0.12237979
 2.9450744,0.12279919
 2.9537734,0.12241787
 2.9625241,0.12253561
 2.9713267,0.12261377
 2.9801818,0.12236781
 2.9890898,0.12262918
 2.9980513,0.12226617
 3.0070666,0.12275956
 3.0161363,0.12222116
 3.0252609,0.12251552
 3.0344409,0.12239326
 3.0436768,0.12237953
 3.0529690,0.12239249
 3.0623182,0.12225607
 3.0717248,0.12241591
 3.0811893,0.12216396
 3.0907124,0.12233456
 3.1002945,0.12211456
 3.1099362,0.12229973
 3.1196381,0.12212497
 3.1294007,0.12212521
 3.1392246,0.12213302
 3.1491104,0.12201868
 3.1590586,0.12198669
 3.1690699,0.12201639
 3.1791448,0.12196066
 3.1892840,0.12193798
 3.1994881,0.12209276
 3.2097577,0.12171292
 3.2200934,0.12180031
 3.2304959,0.12174065
 3.2409658,0.12185928
 3.2515038,0.12163236
 3.2621106,0.12152478
 3.2727868,0.12167827
 3.2835331,0.12158179
 3.2943502,0.12161847
 3.3052388,0.12147307
 3.3161996,0.12154707
 3.3272334,0.12126577
 3.3383408,0.12141968
 3.3495227,0.12137667
 3.3607797,0.12133556
 3.3721126,0.12128517
 3.3835222,0.12121301
 3.3950093,0.12120546
 3.4065747,0.12115916
 3.4182191,0.12122993
 3.4299434,0.12106287
 3.4417484,0.12111016
 3.4536350,0.12109595
 3.4656039,0.12092979
 3.4776561,0.12096245
 3.4897924,0.12105977
 3.5020137,0.12086062
 3.5143209,0.12086171
 3.5267149,0.12089941
 3.5391966,0.12087972
 3.5517670,0.12076334
 3.5644270,0.12081578
 3.5771776,0.12069149
 3.5900197,0.12063866
 3.6029544,0.12066997
 3.6159826,0.12067588
 3.6291054,0.12052856
 3.6423238,0.12057545
 3.6556388,0.12059502
 3.6690516,0.12049133
 3.6825631,0.12044378
 3.6961745,0.12038053
 3.7098868,0.12030955
 3.7237014,0.12021076
 3.7376191,0.12030665
 3.7516413,0.12012815
 3.7657692,0.12017822
 3.7800038,0.11999643
 3.7943464,0.12001750
 3.8087983,0.11998674
 3.8233607,0.12000787
 3.8380349,0.11997215
 3.8528222,0.11990827
 3.8677238,0.11988197
 3.8827412,0.11979187
 3.8978757,0.11990271
 3.9131285,0.11988693
 3.9285013,0.11982370
 3.9439953,0.11989085
 3.9596120,0.11988178
 3.9753528,0.11998911
 3.9912193,0.12000306
 4.0072130,0.12006050
 4.0233353,0.12006689
 4.0395880,0.12010642
 4.0559724,0.12025581
 4.0724903,0.12030172
 4.0891433,0.12050541
 4.1059331,0.12034952
 4.1228613,0.12043159
 4.1399296,0.12044275
 4.1571399,0.12058879
 4.1744938,0.12059643
 4.1919933,0.12071151
 4.2096401,0.12086195
 4.2274361,0.12090823
 4.2453831,0.12114967
 4.2634833,0.12120046
 4.2817384,0.12121873
 4.3001505,0.12141678
 4.3187217,0.12141173
 4.3374539,0.12149237
 4.3563494,0.12148856
 4.3754102,0.12155605
 4.3946385,0.12159718
 4.4140366,0.12156337
 4.4336067,0.12174194
 4.4533511,0.12158254
 4.4732722,0.12163598
 4.4933723,0.12167406
 4.5136538,0.12162064
 4.5341192,0.12161183
 4.5547711,0.12162695
 4.5756120,0.12164292
 4.5966444,0.12162113
 4.6178712,0.12166340
 4.6392948,0.12171977
 4.6609182,0.12163230
 4.6827441,0.12164906
 4.7047753,0.12173421
 4.7270149,0.12168576
 4.7494657,0.12158914
 4.7721308,0.12189599
 4.7950132,0.12176510
 4.8181161,0.12185925
 4.8414427,0.12181351
 4.8649964,0.12178002
 4.8887802,0.12173859
 4.9127978,0.12175222
 4.9370526,0.12185265
 4.9615480,0.12190384
 4.9862877,0.12185181
 5.0112754,0.12207583
 5.0365147,0.12193290
 5.0620096,0.12199744
 5.0877639,0.12193895
 5.1137816,0.12203659
 5.1400668,0.12206871
 5.1666236,0.12205895
 5.1934562,0.12208438
 5.2205690,0.12193482
 5.2479664,0.12200176
 5.2756529,0.12205010
 5.3036330,0.12196115
 5.3319115,0.12204484
 5.3604932,0.12205651
 5.3893829,0.12198590
 5.4185857,0.12219628
 5.4481068,0.12200620
 5.4779512,0.12206212
 5.5081245,0.12196207
 5.5386320,0.12221340
 5.5694793,0.12210983
 5.6006721,0.12189630
 5.6322163,0.12187442
 5.6641178,0.12192499
 5.6963828,0.12190881
 5.7290175,0.12200053
 5.7620282,0.12179201
 5.7954216,0.12180006
 5.8292043,0.12193455
 5.8633832,0.12177927
 5.8979652,0.12180380
 5.9329576,0.12174508
 5.9683677,0.12170815
 6.0042029,0.12164915
 6.0404712,0.12182847
 6.0771802,0.12139306
 6.1143381,0.12156657
 6.1519532,0.12145047
 6.1900340,0.12138851
 6.2285892,0.12138588
 6.2676277,0.12132435
 6.3071586,0.12133068
 6.3471914,0.12130816
 6.3877355,0.12145549
 6.4288010,0.12161875
 6.4703979,0.12192598
 6.5125366,0.12200360
 6.5552278,0.12226965
 6.5984823,0.12237842
 6.6423115,0.12256684
 6.6867268,0.12243835
 6.7317402,0.12231381
 6.7773636,0.12247124
 6.8236097,0.12238536
 6.8704912,0.12240728
 6.9180214,0.12231065
 6.9662139,0.12227384
 7.0150824,0.12228876
 7.0646415,0.12229808
 7.1149057,0.12232476
 7.1658904,0.12212143
 7.2176110,0.12213186
 7.2700836,0.12212575
 7.3233248,0.12214328
 7.3773515,0.12208547
 7.4321813,0.12210301
 7.4878323,0.12200992
 7.5443229,0.12201376
 7.6016724,0.12228383
 7.6599004,0.12200087
 7.7190274,0.12206204
 7.7790743,0.12200993
 7.8400627,0.12192173
 7.9020150,0.12208508
 7.9649542,0.12206288
 8.0289041,0.12199887
 8.0938891,0.12204769
 8.1599347,0.12193288
 8.2270671,0.12205322
 8.2953131,0.12209079
 8.3647010,0.12213527
 8.4352594,0.12188780
 8.5070183,0.12196699
 8.5800086,0.12199086
 8.6542622,0.12183678
 8.7298123,0.12195486
 8.8066931,0.12179618
 8.8849400,0.12166743
 8.9645899,0.12170773
 9.0456807,0.12154490
 9.1282519,0.12156325
 9.2123445,0.12148675
 9.2980009,0.12149304
 9.3852651,0.12140422
 9.4741829,0.12133696
 9.5648015,0.12121241
 9.6571704,0.12133253
 9.7513408,0.12118515
 9.8473658,0.12126691
 9.9453008,0.12118947
 10.045203,0.12122405
 10.147133,0.12107925
 10.251153,0.12117051
 10.357328,0.12116802
 10.465725,0.12121635
 10.576415,0.12124883
 10.689471,0.12114877
 10.804970,0.12116962
 10.922993,0.12133689
 11.043622,0.12127607
 11.166946,0.12134824
 11.293055,0.12129877
 11.422045,0.12132038
 11.554015,0.12142041
 11.689071,0.12147685
 11.827321,0.12148452
 11.968881,0.12143923
 12.113870,0.12139102
 12.262416,0.12144721
 12.414649,0.12153860
 12.570710,0.12157462
 12.730745,0.12167421
 12.894907,0.12153188
 13.063357,0.12154984
 13.236267,0.12165836
 13.413816,0.12159281
 13.596193,0.12163299
 13.783598,0.12168264
 13.976240,0.12162824
 14.174344,0.12172674
 14.378145,0.12171186
 14.587892,0.12177663
 14.803849,0.12171531
 15.026296,0.12170615
 15.255530,0.12175674
 15.491867,0.12173995
 15.735641,0.12169956
 15.987210,0.12178784
 16.246954,0.12171465
 16.515277,0.12182309
 16.792611,0.12173539
 17.079419,0.12170500
 17.376195,0.12180294
 17.683466,0.12175232
 18.001800,0.12176718
 18.331806,0.12163360
 18.674136,0.12184860
 19.029496,0.12170756
 19.398642,0.12175641
 19.782394,0.12176027
 20.181635,0.12166727
 20.597322,0.12175874
 21.030494,0.12174595
 21.482277,0.12172398
 21.953897,0.12172247
 22.446689,0.12179853
 22.962113,0.12166571
 23.501763,0.12167056
 24.067389,0.12164872
 24.660912,0.12176522
 25.284450,0.12172346
 25.940337,0.12161104
 26.631158,0.12163746
 27.359781,0.12165504
 28.129395,0.12177345
 28.943560,0.12166137
 29.806259,0.12178457
 30.721966,0.12186441
 31.695721,0.12168218
 32.733224,0.12189205
 33.840948,0.12175513
 35.026270,0.12197236
 36.297641,0.12181457
 37.664783,0.12184796
 39.138943,0.12172639
 40.733198,0.12173992
 42.462845,0.12158674
 44.345898,0.12158930
 46.403712,0.12148602
 48.661800,0.12149216
 51.150895,0.12140902
 53.908356,0.12125110
 56.980057,0.12132673
 60.422961,0.12106958
 64.308682,0.12118011
 68.728522,0.12095859
 73.800738,0.12092626
 79.681275,0.12084514
 86.580087,0.12062420
 94.786730,0.12052995
 104.71204,0.12042226
 116.95906,0.12028476
 132.45033,0.12014547
 152.67176,0.11978551
 180.18018,0.11963779
 219.78022,0.11933494
 281.69014,0.11911058
 392.15686,0.11837065
 645.16129,0.11802944
 1818.1818,0.11687046
