wav,rprs
 0.30056,0.1296148
 0.30168,0.1295839
 0.30280,0.1295531
 0.30392,0.1295224
 0.30504,0.1294918
 0.30616,0.1294614
 0.30728,0.1294310
 0.30840,0.1294008
 0.30952,0.1293707
 0.31064,0.1293407
 0.31176,0.1293107
 0.31288,0.1292809
 0.31400,0.1292513
 0.31512,0.1292217
 0.31624,0.1291922
 0.31736,0.1291628
 0.31848,0.1291335
 0.31960,0.1291044
 0.32072,0.1290753
 0.32184,0.1290463
 0.32296,0.1290175
 0.32408,0.1289887
 0.32520,0.1289600
 0.32632,0.1289315
 0.32744,0.1289030
 0.32856,0.1288746
 0.32968,0.1288463
 0.33080,0.1288182
 0.33192,0.1287901
 0.33304,0.1287621
 0.33416,0.1287342
 0.33528,0.1287064
 0.33640,0.1286787
 0.33752,0.1286511
 0.33864,0.1286235
 0.33976,0.1285961
 0.34088,0.1285687
 0.34200,0.1285415
 0.34312,0.1285143
 0.34424,0.1284872
 0.34536,0.1284603
 0.34648,0.1284334
 0.34760,0.1284065
 0.34872,0.1283798
 0.34984,0.1283532
 0.35096,0.1283266
 0.35208,0.1283001
 0.35320,0.1282737
 0.35432,0.1282474
 0.35544,0.1282212
 0.35656,0.1281951
 0.35768,0.1281690
 0.35880,0.1281430
 0.35992,0.1281172
 0.36104,0.1280913
 0.36216,0.1280656
 0.36328,0.1280399
 0.36440,0.1280144
 0.36552,0.1279889
 0.36664,0.1279635
 0.36776,0.1279381
 0.36888,0.1279129
 0.37000,0.1278877
 0.37112,0.1278626
 0.37224,0.1278375
 0.37336,0.1278126
 0.37448,0.1277877
 0.37560,0.1277629
 0.37672,0.1277381
 0.37784,0.1277135
 0.37896,0.1276889
 0.38008,0.1276644
 0.38120,0.1276399
 0.38232,0.1276156
 0.38344,0.1275913
 0.38456,0.1275670
 0.38568,0.1275429
 0.38680,0.1275188
 0.38792,0.1274948
 0.38904,0.1274708
 0.39016,0.1274469
 0.39128,0.1274231
 0.39240,0.1273994
 0.39352,0.1273757
 0.39464,0.1273521
 0.39576,0.1273286
 0.39688,0.1273051
 0.39800,0.1272817
 0.39912,0.1272583
 0.40024,0.1272351
 0.40136,0.1272119
 0.40248,0.1271887
 0.40360,0.1271656
 0.40472,0.1271426
 0.40584,0.1271197
 0.40696,0.1270968
 0.40808,0.1270740
 0.40920,0.1270512
 0.41032,0.1270285
 0.41144,0.1270059
 0.41256,0.1269833
 0.41368,0.1269608
 0.41480,0.1269383
 0.41592,0.1269160
 0.41704,0.1268936
 0.41816,0.1268714
 0.41928,0.1268492
 0.42040,0.1268270
 0.42152,0.1268049
 0.42264,0.1267829
 0.42376,0.1267609
 0.42488,0.1267390
 0.42600,0.1267172
 0.42712,0.1266954
 0.42824,0.1266737
 0.42936,0.1266520
 0.43048,0.1266304
 0.43160,0.1266088
 0.43272,0.1265873
 0.43384,0.1265658
 0.43496,0.1265444
 0.43608,0.1265231
 0.43720,0.1265018
 0.43832,0.1264806
 0.43944,0.1264594
 0.44056,0.1264383
 0.44168,0.1264173
 0.44280,0.1263963
 0.44392,0.1263753
 0.44504,0.1263544
 0.44616,0.1263336
 0.44728,0.1263128
 0.44840,0.1262920
 0.44952,0.1262714
 0.45064,0.1262507
 0.45176,0.1262302
 0.45288,0.1262096
 0.45400,0.1261892
 0.45512,0.1261687
 0.45624,0.1261484
 0.45736,0.1261281
 0.45848,0.1261078
 0.45960,0.1260876
 0.46072,0.1260674
 0.46184,0.1260473
 0.46296,0.1260273
 0.46408,0.1260072
 0.46520,0.1259873
 0.46632,0.1259674
 0.46744,0.1259475
 0.46856,0.1259277
 0.46968,0.1259080
 0.47080,0.1258882
 0.47192,0.1258686
 0.47304,0.1258490
 0.47416,0.1258294
 0.47528,0.1258099
 0.47640,0.1257904
 0.47752,0.1257710
 0.47864,0.1257516
 0.47976,0.1257323
 0.48088,0.1257131
 0.48200,0.1256938
 0.48312,0.1256747
 0.48424,0.1256555
 0.48536,0.1256365
 0.48648,0.1256174
 0.48760,0.1255984
 0.48872,0.1255795
 0.48984,0.1255606
 0.49096,0.1255418
 0.49208,0.1255230
 0.49320,0.1255042
 0.49432,0.1254855
 0.49544,0.1254669
 0.49656,0.1254483
 0.49768,0.1254297
 0.49880,0.1254112
 0.49992,0.1253927
 0.50104,0.1253743
 0.50216,0.1253559
 0.50328,0.1253376
 0.50440,0.1253193
 0.50552,0.1253011
 0.50664,0.1252829
 0.50776,0.1252647
 0.50888,0.1252466
 0.51000,0.1252286
 0.51112,0.1252106
 0.51224,0.1251926
 0.51336,0.1251747
 0.51448,0.1251568
 0.51560,0.1251390
 0.51672,0.1251212
 0.51784,0.1251035
 0.51896,0.1250858
 0.52008,0.1250682
 0.52120,0.1250506
 0.52232,0.1250330
 0.52344,0.1250156
 0.52456,0.1250016
 0.52568,0.1250005
 0.52680,0.1250005
 0.52792,0.1250005
 0.52904,0.1250005
 0.53016,0.1250005
 0.53128,0.1250005
 0.53240,0.1250005
 0.53352,0.1250005
 0.53464,0.1250005
 0.53576,0.1250005
 0.53688,0.1250005
 0.53800,0.1250005
 0.53912,0.1250005
 0.54024,0.1250005
 0.54136,0.1250005
 0.54248,0.1250005
 0.54360,0.1250005
 0.54472,0.1250005
 0.54584,0.1250005
 0.54696,0.1250005
 0.54808,0.1250005
 0.54920,0.1250005
 0.55032,0.1250005
 0.55144,0.1250005
 0.55256,0.1250005
 0.55368,0.1250005
 0.55480,0.1250005
 0.55592,0.1250005
 0.55704,0.1250005
 0.55816,0.1250005
 0.55928,0.1250005
 0.56040,0.1250005
 0.56152,0.1250005
 0.56264,0.1250005
 0.56376,0.1250005
 0.56488,0.1250005
 0.56600,0.1250005
 0.56712,0.1250005
 0.56824,0.1250005
 0.56936,0.1250005
 0.57048,0.1250005
 0.57160,0.1250005
 0.57272,0.1250005
 0.57384,0.1250005
 0.57496,0.1250005
 0.57608,0.1250005
 0.57720,0.1250005
 0.57832,0.1250005
 0.57944,0.1250005
 0.58056,0.1250005
 0.58168,0.1250005
 0.58280,0.1250005
 0.58392,0.1250005
 0.58504,0.1250005
 0.58616,0.1250005
 0.58728,0.1250005
 0.58840,0.1262843
 0.58952,0.1299869
 0.59064,0.1250145
 0.59176,0.1250005
 0.59288,0.1250005
 0.59400,0.1250005
 0.59512,0.1250005
 0.59624,0.1250005
 0.59736,0.1250005
 0.59848,0.1250005
 0.59960,0.1250005
 0.60072,0.1250005
 0.60184,0.1250005
 0.60296,0.1250005
 0.60408,0.1250005
 0.60520,0.1250005
 0.60632,0.1250005
 0.60744,0.1250005
 0.60856,0.1250005
 0.60968,0.1250005
 0.61080,0.1250005
 0.61192,0.1250005
 0.61304,0.1250005
 0.61416,0.1250005
 0.61528,0.1250005
 0.61640,0.1250005
 0.61752,0.1250005
 0.61864,0.1250005
 0.61976,0.1250005
 0.62088,0.1250005
 0.62200,0.1250005
 0.62312,0.1250005
 0.62424,0.1250005
 0.62536,0.1250005
 0.62648,0.1250005
 0.62760,0.1250005
 0.62872,0.1250005
 0.62984,0.1250005
 0.63096,0.1250005
 0.63208,0.1250005
 0.63320,0.1250005
 0.63432,0.1250005
 0.63544,0.1250005
 0.63656,0.1250005
 0.63768,0.1250005
 0.63880,0.1250005
 0.63992,0.1250005
 0.64104,0.1250005
 0.64216,0.1250005
 0.64328,0.1250005
 0.64440,0.1250005
 0.64552,0.1250005
 0.64664,0.1250005
 0.64776,0.1250005
 0.64888,0.1250005
 0.65000,0.1250005
 0.65112,0.1250005
 0.65224,0.1250005
 0.65336,0.1250005
 0.65448,0.1250005
 0.65560,0.1250005
 0.65672,0.1250005
 0.65784,0.1250005
 0.65896,0.1250005
 0.66008,0.1250005
 0.66120,0.1250005
 0.66232,0.1250005
 0.66344,0.1250005
 0.66456,0.1250005
 0.66568,0.1250005
 0.66680,0.1250005
 0.66792,0.1250005
 0.66904,0.1250005
 0.67016,0.1250005
 0.67128,0.1250005
 0.67240,0.1250005
 0.67352,0.1250005
 0.67464,0.1250005
 0.67576,0.1250005
 0.67688,0.1250005
 0.67800,0.1250005
 0.67912,0.1250005
 0.68024,0.1250005
 0.68136,0.1250005
 0.68248,0.1250005
 0.68360,0.1250005
 0.68472,0.1250005
 0.68584,0.1250005
 0.68696,0.1250005
 0.68808,0.1250005
 0.68920,0.1250005
 0.69032,0.1250005
 0.69144,0.1250005
 0.69256,0.1250005
 0.69368,0.1250005
 0.69480,0.1250005
 0.69592,0.1250005
 0.69704,0.1250005
 0.69816,0.1250005
 0.69928,0.1250005
 0.70040,0.1250005
 0.70152,0.1250005
 0.70264,0.1250005
 0.70376,0.1250005
 0.70488,0.1250005
 0.70600,0.1250005
 0.70712,0.1250005
 0.70824,0.1250005
 0.70936,0.1250005
 0.71048,0.1250005
 0.71160,0.1250005
 0.71272,0.1250005
 0.71384,0.1250005
 0.71496,0.1250005
 0.71608,0.1250005
 0.71720,0.1250005
 0.71832,0.1250005
 0.71944,0.1250005
 0.72056,0.1250005
 0.72168,0.1250005
 0.72280,0.1250005
 0.72392,0.1250005
 0.72504,0.1250005
 0.72616,0.1250005
 0.72728,0.1250005
 0.72840,0.1250005
 0.72952,0.1250005
 0.73064,0.1250005
 0.73176,0.1250005
 0.73288,0.1250005
 0.73400,0.1250005
 0.73512,0.1250005
 0.73624,0.1250005
 0.73736,0.1250005
 0.73848,0.1250005
 0.73960,0.1250005
 0.74072,0.1250005
 0.74184,0.1250005
 0.74296,0.1250005
 0.74408,0.1250005
 0.74520,0.1250005
 0.74632,0.1250005
 0.74744,0.1250005
 0.74856,0.1250005
 0.74968,0.1250005
 0.75080,0.1250005
 0.75192,0.1250005
 0.75304,0.1250005
 0.75416,0.1250005
 0.75528,0.1250005
 0.75640,0.1250071
 0.75752,0.1251467
 0.75864,0.1253606
 0.75976,0.1256122
 0.76088,0.1259150
 0.76200,0.1262923
 0.76312,0.1267913
 0.76424,0.1279630
 0.76536,0.1306880
 0.76648,0.1375909
 0.76760,0.1309998
 0.76872,0.1300261
 0.76984,0.1361645
 0.77096,0.1298460
 0.77208,0.1273777
 0.77320,0.1264053
 0.77432,0.1259789
 0.77544,0.1256549
 0.77656,0.1253895
 0.77768,0.1251648
 0.77880,0.1250107
 0.77992,0.1250005
 0.78104,0.1250005
 0.78216,0.1250005
 0.78328,0.1250005
 0.78440,0.1250005
 0.78552,0.1250005
 0.78664,0.1250005
 0.78776,0.1250005
 0.78888,0.1250005
 0.79000,0.1250005
 0.79112,0.1250005
 0.79224,0.1250005
 0.79336,0.1250005
 0.79448,0.1250005
 0.79560,0.1250005
 0.79672,0.1250005
 0.79784,0.1250005
 0.79896,0.1250005
 0.80008,0.1250005
 0.80120,0.1250005
 0.80232,0.1250005
 0.80344,0.1250005
 0.80456,0.1250005
 0.80568,0.1250005
 0.80680,0.1250005
 0.80792,0.1250005
 0.80904,0.1250005
 0.81016,0.1250005
 0.81128,0.1250005
 0.81240,0.1250005
 0.81352,0.1250005
 0.81464,0.1250005
 0.81576,0.1250005
 0.81688,0.1250005
 0.81800,0.1250005
 0.81912,0.1250005
 0.82024,0.1250005
 0.82136,0.1250005
 0.82248,0.1250005
 0.82360,0.1250005
 0.82472,0.1250005
 0.82584,0.1250005
 0.82696,0.1250005
 0.82808,0.1250005
 0.82920,0.1250005
 0.83032,0.1250005
 0.83144,0.1250005
 0.83256,0.1250005
 0.83368,0.1250005
 0.83480,0.1250005
 0.83592,0.1250005
 0.83704,0.1250005
 0.83816,0.1250005
 0.83928,0.1250005
 0.84040,0.1250005
 0.84152,0.1250005
 0.84264,0.1250005
 0.84376,0.1250005
 0.84488,0.1250005
 0.84600,0.1250005
 0.84712,0.1250005
 0.84824,0.1250005
 0.84936,0.1250005
 0.85048,0.1250005
 0.85160,0.1250005
 0.85272,0.1250005
 0.85384,0.1250005
 0.85496,0.1250005
 0.85608,0.1250005
 0.85720,0.1250005
 0.85832,0.1250005
 0.85944,0.1250005
 0.86056,0.1250005
 0.86168,0.1250005
 0.86280,0.1250005
 0.86392,0.1250005
 0.86504,0.1250005
 0.86616,0.1250005
 0.86728,0.1250005
 0.86840,0.1250005
 0.86952,0.1250005
 0.87064,0.1250005
 0.87176,0.1250005
 0.87288,0.1250005
 0.87400,0.1250005
 0.87512,0.1250005
 0.87624,0.1250005
 0.87736,0.1250005
 0.87848,0.1250005
 0.87960,0.1250005
 0.88072,0.1250005
 0.88184,0.1250005
 0.88296,0.1250005
 0.88408,0.1250005
 0.88520,0.1250005
 0.88632,0.1250005
 0.88744,0.1250005
 0.88856,0.1250005
 0.88968,0.1250005
 0.89080,0.1250005
 0.89192,0.1250005
 0.89304,0.1250005
 0.89416,0.1250005
 0.89528,0.1250005
 0.89640,0.1250005
 0.89752,0.1250005
 0.89864,0.1250005
 0.89976,0.1250005
 0.90088,0.1250005
 0.90200,0.1250005
 0.90312,0.1250005
 0.90424,0.1250005
 0.90536,0.1250005
 0.90648,0.1250005
 0.90760,0.1250005
 0.90872,0.1250005
 0.90984,0.1250005
 0.91096,0.1250005
 0.91208,0.1250005
 0.91320,0.1250005
 0.91432,0.1250005
 0.91544,0.1250005
 0.91656,0.1250005
 0.91768,0.1250005
 0.91880,0.1250005
 0.91992,0.1250005
 0.92104,0.1250005
 0.92216,0.1250005
 0.92328,0.1250005
 0.92440,0.1250005
 0.92552,0.1250005
 0.92664,0.1250005
 0.92776,0.1250005
 0.92888,0.1250005
 0.93000,0.1250005
 0.93112,0.1250005
 0.93224,0.1250005
 0.93336,0.1250005
 0.93448,0.1250005
 0.93560,0.1250005
 0.93672,0.1250005
 0.93784,0.1250005
 0.93896,0.1250005
 0.94008,0.1250005
 0.94120,0.1250005
 0.94232,0.1250005
 0.94344,0.1250005
 0.94456,0.1250005
 0.94568,0.1250005
 0.94680,0.1250005
 0.94792,0.1250005
 0.94904,0.1250005
 0.95016,0.1250005
 0.95128,0.1250005
 0.95240,0.1250005
 0.95352,0.1250005
 0.95464,0.1250005
 0.95576,0.1250005
 0.95688,0.1250005
 0.95800,0.1250005
 0.95912,0.1250005
 0.96024,0.1250005
 0.96136,0.1250005
 0.96248,0.1250005
 0.96360,0.1250005
 0.96472,0.1250005
 0.96584,0.1250005
 0.96696,0.1250005
 0.96808,0.1250005
 0.96920,0.1250005
 0.97032,0.1250005
 0.97144,0.1250005
 0.97256,0.1250005
 0.97368,0.1250005
 0.97480,0.1250005
 0.97592,0.1250005
 0.97704,0.1250005
 0.97816,0.1250005
 0.97928,0.1250005
 0.98040,0.1250005
 0.98152,0.1250005
 0.98264,0.1250005
 0.98376,0.1250005
 0.98488,0.1250005
 0.98600,0.1250005
 0.98712,0.1250005
 0.98824,0.1250005
 0.98936,0.1250005
 0.99048,0.1250005
 0.99160,0.1250005
 0.99272,0.1250005
 0.99384,0.1250005
 0.99496,0.1250005
 0.99608,0.1250005
 0.99720,0.1250005
 0.99832,0.1250005
 0.99944,0.1250005
 1.00056,0.1250005
 1.00168,0.1250005
 1.00280,0.1250005
 1.00392,0.1250005
 1.00504,0.1250005
 1.00616,0.1250005
 1.00728,0.1250005
 1.00840,0.1250005
 1.00952,0.1250005
 1.01064,0.1250005
 1.01176,0.1250005
 1.01288,0.1250005
 1.01400,0.1250005
 1.01512,0.1250005
 1.01624,0.1250005
 1.01736,0.1250005
 1.01848,0.1250005
 1.01960,0.1250005
 1.02072,0.1250005
 1.02184,0.1250005
 1.02296,0.1250005
 1.02408,0.1250005
 1.02520,0.1250005
 1.02632,0.1250005
 1.02744,0.1250005
 1.02856,0.1250005
 1.02968,0.1250005
 1.03080,0.1250005
 1.03192,0.1250005
 1.03304,0.1250005
 1.03416,0.1250005
 1.03528,0.1250005
 1.03640,0.1250005
 1.03752,0.1250005
 1.03864,0.1250005
 1.03976,0.1250005
 1.04088,0.1250005
 1.04200,0.1250005
 1.04312,0.1250005
 1.04424,0.1250005
 1.04536,0.1250005
 1.04648,0.1250005
 1.04760,0.1250005
 1.04872,0.1250005
 1.04984,0.1250019
 1.05096,0.1250053
 1.05208,0.1250047
 1.05320,0.1250053
 1.05432,0.1250043
 1.05544,0.1250044
 1.05656,0.1250047
 1.05768,0.1250047
 1.05880,0.1250049
 1.05992,0.1250035
 1.06104,0.1250078
 1.06216,0.1250035
 1.06328,0.1250029
 1.06440,0.1250046
 1.06552,0.1250032
 1.06664,0.1250076
 1.06776,0.1250029
 1.06888,0.1250039
 1.07000,0.1250063
 1.07112,0.1250065
 1.07224,0.1250050
 1.07336,0.1250048
 1.07448,0.1250072
 1.07560,0.1250028
 1.07672,0.1250049
 1.07784,0.1250050
 1.07896,0.1250020
 1.08008,0.1250036
 1.08120,0.1250042
 1.08232,0.1250027
 1.08344,0.1250033
 1.08456,0.1250046
 1.08568,0.1250034
 1.08680,0.1250056
 1.08792,0.1250044
 1.08904,0.1250050
 1.09016,0.1250728
 1.09128,0.1250154
 1.09240,0.1250308
 1.09352,0.1250685
 1.09464,0.1250101
 1.09576,0.1250138
 1.09688,0.1250446
 1.09800,0.1250670
 1.09912,0.1250371
 1.10024,0.1251219
 1.10136,0.1256917
 1.10248,0.1252170
 1.10360,0.1250301
 1.10472,0.1250242
 1.10584,0.1250299
 1.10696,0.1250716
 1.10808,0.1250310
 1.10920,0.1250266
 1.11032,0.1250889
 1.11144,0.1251568
 1.11256,0.1250369
 1.11368,0.1250161
 1.11480,0.1254167
 1.11592,0.1255088
 1.11704,0.1250172
 1.11816,0.1250254
 1.11928,0.1250444
 1.12040,0.1250306
 1.12152,0.1252052
 1.12264,0.1251064
 1.12376,0.1250700
 1.12488,0.1250761
 1.12600,0.1252935
 1.12712,0.1251436
 1.12824,0.1251286
 1.12936,0.1251830
 1.13048,0.1251041
 1.13160,0.1250895
 1.13272,0.1250314
 1.13384,0.1250748
 1.13496,0.1251982
 1.13608,0.1250399
 1.13720,0.1250398
 1.13832,0.1250747
 1.13944,0.1251952
 1.14056,0.1250618
 1.14168,0.1250850
 1.14280,0.1251077
 1.14392,0.1251046
 1.14504,0.1251169
 1.14616,0.1251915
 1.14728,0.1251002
 1.14840,0.1250310
 1.14952,0.1250283
 1.15064,0.1250341
 1.15176,0.1251181
 1.15288,0.1251215
 1.15400,0.1250461
 1.15512,0.1250431
 1.15624,0.1250231
 1.15736,0.1250491
 1.15848,0.1250355
 1.15960,0.1255843
 1.16072,0.1254219
 1.16184,0.1250595
 1.16296,0.1250309
 1.16408,0.1250296
 1.16520,0.1250696
 1.16632,0.1251420
 1.16744,0.1250457
 1.16856,0.1250519
 1.16968,0.1250175
 1.17080,0.1250377
 1.17192,0.1250253
 1.17304,0.1255307
 1.17416,0.1252194
 1.17528,0.1250273
 1.17640,0.1250198
 1.17752,0.1250266
 1.17864,0.1250187
 1.17976,0.1250416
 1.18088,0.1250945
 1.18200,0.1250492
 1.18312,0.1250291
 1.18424,0.1250288
 1.18536,0.1250294
 1.18648,0.1250318
 1.18760,0.1251107
 1.18872,0.1251141
 1.18984,0.1250370
 1.19096,0.1250577
 1.19208,0.1251013
 1.19320,0.1250297
 1.19432,0.1250269
 1.19544,0.1250770
 1.19656,0.1250219
 1.19768,0.1250469
 1.19880,0.1250974
 1.19992,0.1251676
 1.20104,0.1250612
 1.20216,0.1250249
 1.20328,0.1250268
 1.20440,0.1250209
 1.20552,0.1250160
 1.20664,0.1250341
 1.20776,0.1250494
 1.20888,0.1250239
 1.21000,0.1250203
 1.21112,0.1250274
 1.21224,0.1250519
 1.21336,0.1250276
 1.21448,0.1250214
 1.21560,0.1250271
 1.21672,0.1250145
 1.21784,0.1250322
 1.21896,0.1250161
 1.22008,0.1250222
 1.22120,0.1250183
 1.22232,0.1250292
 1.22344,0.1250206
 1.22456,0.1250303
 1.22568,0.1250327
 1.22680,0.1250303
 1.22792,0.1250400
 1.22904,0.1250256
 1.23016,0.1250192
 1.23128,0.1250108
 1.23240,0.1250273
 1.23352,0.1250124
 1.23464,0.1250131
 1.23576,0.1250230
 1.23688,0.1250185
 1.23800,0.1250244
 1.23912,0.1250186
 1.24024,0.1250138
 1.24136,0.1250108
 1.24248,0.1250126
 1.24360,0.1250170
 1.24472,0.1250131
 1.24584,0.1250110
 1.24696,0.1250132
 1.24808,0.1250122
 1.24920,0.1250100
 1.25032,0.1250103
 1.25144,0.1250099
 1.25256,0.1250172
 1.25368,0.1250396
 1.25480,0.1250173
 1.25592,0.1250051
 1.25704,0.1250060
 1.25816,0.1250125
 1.25928,0.1250170
 1.26040,0.1250182
 1.26152,0.1250170
 1.26264,0.1250260
 1.26376,0.1250112
 1.26488,0.1250107
 1.26600,0.1250131
 1.26712,0.1250073
 1.26824,0.1250081
 1.26936,0.1250098
 1.27048,0.1250058
 1.27160,0.1250096
 1.27272,0.1250082
 1.27384,0.1250275
 1.27496,0.1250238
 1.27608,0.1250056
 1.27720,0.1250134
 1.27832,0.1250069
 1.27944,0.1250119
 1.28056,0.1250105
 1.28168,0.1250105
 1.28280,0.1250125
 1.28392,0.1250103
 1.28504,0.1250452
 1.28616,0.1250182
 1.28728,0.1250515
 1.28840,0.1250137
 1.28952,0.1250284
 1.29064,0.1250078
 1.29176,0.1250064
 1.29288,0.1250085
 1.29400,0.1250061
 1.29512,0.1250053
 1.29624,0.1250148
 1.29736,0.1250080
 1.29848,0.1250129
 1.29960,0.1250166
 1.30072,0.1250210
 1.30184,0.1250186
 1.30296,0.1250173
 1.30408,0.1250075
 1.30520,0.1250195
 1.30632,0.1251355
 1.30744,0.1250237
 1.30856,0.1250202
 1.30968,0.1250579
 1.31080,0.1250210
 1.31192,0.1250090
 1.31304,0.1250861
 1.31416,0.1250558
 1.31528,0.1250451
 1.31640,0.1250261
 1.31752,0.1250122
 1.31864,0.1250451
 1.31976,0.1250304
 1.32088,0.1250588
 1.32200,0.1250145
 1.32312,0.1250136
 1.32424,0.1250210
 1.32536,0.1250934
 1.32648,0.1250266
 1.32760,0.1250080
 1.32872,0.1250386
 1.32984,0.1258590
 1.33096,0.1254172
 1.33208,0.1262716
 1.33320,0.1252326
 1.33432,0.1251023
 1.33544,0.1259434
 1.33656,0.1259826
 1.33768,0.1252075
 1.33880,0.1258348
 1.33992,0.1256783
 1.34104,0.1253101
 1.34216,0.1255568
 1.34328,0.1254478
 1.34440,0.1262108
 1.34552,0.1262140
 1.34664,0.1253994
 1.34776,0.1255986
 1.34888,0.1263727
 1.35000,0.1263796
 1.35112,0.1267820
 1.35224,0.1254628
 1.35336,0.1255247
 1.35448,0.1261315
 1.35560,0.1253369
 1.35672,0.1252542
 1.35784,0.1251848
 1.35896,0.1255814
 1.36008,0.1253076
 1.36120,0.1270925
 1.36232,0.1267818
 1.36344,0.1251706
 1.36456,0.1252722
 1.36568,0.1252140
 1.36680,0.1256346
 1.36792,0.1251084
 1.36904,0.1255829
 1.37016,0.1255603
 1.37128,0.1256752
 1.37240,0.1253710
 1.37352,0.1251925
 1.37464,0.1251118
 1.37576,0.1255627
 1.37688,0.1270275
 1.37800,0.1262540
 1.37912,0.1263029
 1.38024,0.1251755
 1.38136,0.1252221
 1.38248,0.1254492
 1.38360,0.1256832
 1.38472,0.1254297
 1.38584,0.1262700
 1.38696,0.1258069
 1.38808,0.1255432
 1.38920,0.1259432
 1.39032,0.1260390
 1.39144,0.1256875
 1.39256,0.1261012
 1.39368,0.1254911
 1.39480,0.1255338
 1.39592,0.1259424
 1.39704,0.1254269
 1.39816,0.1264499
 1.39928,0.1263832
 1.40040,0.1255971
 1.40152,0.1253503
 1.40264,0.1256310
 1.40376,0.1256329
 1.40488,0.1254487
 1.40600,0.1255224
 1.40712,0.1274506
 1.40824,0.1262100
 1.40936,0.1260137
 1.41048,0.1255581
 1.41160,0.1256192
 1.41272,0.1253033
 1.41384,0.1251620
 1.41496,0.1256197
 1.41608,0.1260609
 1.41720,0.1256290
 1.41832,0.1267873
 1.41944,0.1260943
 1.42056,0.1254846
 1.42168,0.1259063
 1.42280,0.1267127
 1.42392,0.1260236
 1.42504,0.1256707
 1.42616,0.1256228
 1.42728,0.1260073
 1.42840,0.1255480
 1.42952,0.1257914
 1.43064,0.1253726
 1.43176,0.1253677
 1.43288,0.1255795
 1.43400,0.1257690
 1.43512,0.1252631
 1.43624,0.1259103
 1.43736,0.1256506
 1.43848,0.1259977
 1.43960,0.1256375
 1.44072,0.1269324
 1.44184,0.1257066
 1.44296,0.1257097
 1.44408,0.1264762
 1.44520,0.1259790
 1.44632,0.1253692
 1.44744,0.1252605
 1.44856,0.1258026
 1.44968,0.1253739
 1.45080,0.1253007
 1.45192,0.1253540
 1.45304,0.1252502
 1.45416,0.1261930
 1.45528,0.1267650
 1.45640,0.1280355
 1.45752,0.1266972
 1.45864,0.1257726
 1.45976,0.1251970
 1.46088,0.1252336
 1.46200,0.1254191
 1.46312,0.1269155
 1.46424,0.1263618
 1.46536,0.1265618
 1.46648,0.1252927
 1.46760,0.1254361
 1.46872,0.1253019
 1.46984,0.1251987
 1.47096,0.1253663
 1.47208,0.1254642
 1.47320,0.1264866
 1.47432,0.1266742
 1.47544,0.1258788
 1.47656,0.1261972
 1.47768,0.1256700
 1.47880,0.1265075
 1.47992,0.1258706
 1.48104,0.1256190
 1.48216,0.1252513
 1.48328,0.1252511
 1.48440,0.1255139
 1.48552,0.1256766
 1.48664,0.1253813
 1.48776,0.1252066
 1.48888,0.1254376
 1.49000,0.1254159
 1.49112,0.1254086
 1.49224,0.1252492
 1.49336,0.1253145
 1.49448,0.1257535
 1.49560,0.1255136
 1.49672,0.1254635
 1.49784,0.1254131
 1.49896,0.1254641
 1.50008,0.1256886
 1.50120,0.1259137
 1.50232,0.1252947
 1.50344,0.1251890
 1.50456,0.1252729
 1.50568,0.1255460
 1.50680,0.1252532
 1.50792,0.1253000
 1.50904,0.1251959
 1.51016,0.1252972
 1.51128,0.1252893
 1.51240,0.1253228
 1.51352,0.1256598
 1.51464,0.1256893
 1.51576,0.1251329
 1.51688,0.1251900
 1.51800,0.1252767
 1.51912,0.1251291
 1.52024,0.1251205
 1.52136,0.1251723
 1.52248,0.1252352
 1.52360,0.1252487
 1.52472,0.1253374
 1.52584,0.1251639
 1.52696,0.1252806
 1.52808,0.1251288
 1.52920,0.1252989
 1.53032,0.1252733
 1.53144,0.1251346
 1.53256,0.1252971
 1.53368,0.1251553
 1.53480,0.1254242
 1.53592,0.1254690
 1.53704,0.1251459
 1.53816,0.1251520
 1.53928,0.1253059
 1.54040,0.1252259
 1.54152,0.1252261
 1.54264,0.1252057
 1.54376,0.1253025
 1.54488,0.1252110
 1.54600,0.1252921
 1.54712,0.1253073
 1.54824,0.1252006
 1.54936,0.1251424
 1.55048,0.1252478
 1.55160,0.1251990
 1.55272,0.1252976
 1.55384,0.1251641
 1.55496,0.1250773
 1.55608,0.1250724
 1.55720,0.1250839
 1.55832,0.1252291
 1.55944,0.1250839
 1.56056,0.1250332
 1.56168,0.1250596
 1.56280,0.1250580
 1.56392,0.1250747
 1.56504,0.1251325
 1.56616,0.1250544
 1.56728,0.1250614
 1.56840,0.1250561
 1.56952,0.1250734
 1.57064,0.1251058
 1.57176,0.1251781
 1.57288,0.1250895
 1.57400,0.1250977
 1.57512,0.1251585
 1.57624,0.1251144
 1.57736,0.1250908
 1.57848,0.1250664
 1.57960,0.1250619
 1.58072,0.1250683
 1.58184,0.1250817
 1.58296,0.1250636
 1.58408,0.1251162
 1.58520,0.1252155
 1.58632,0.1250859
 1.58744,0.1250477
 1.58856,0.1250741
 1.58968,0.1250614
 1.59080,0.1250516
 1.59192,0.1250265
 1.59304,0.1250207
 1.59416,0.1250386
 1.59528,0.1250561
 1.59640,0.1250417
 1.59752,0.1250286
 1.59864,0.1250680
 1.59976,0.1250606
 1.60088,0.1250200
 1.60200,0.1250246
 1.60312,0.1250876
 1.60424,0.1250426
 1.60536,0.1250274
 1.60648,0.1250400
 1.60760,0.1250559
 1.60872,0.1250650
 1.60984,0.1251201
 1.61096,0.1251313
 1.61208,0.1251096
 1.61320,0.1250311
 1.61432,0.1250894
 1.61544,0.1250953
 1.61656,0.1250583
 1.61768,0.1250344
 1.61880,0.1250666
 1.61992,0.1250209
 1.62104,0.1250327
 1.62216,0.1250275
 1.62328,0.1250177
 1.62440,0.1250318
 1.62552,0.1250640
 1.62664,0.1250396
 1.62776,0.1250212
 1.62888,0.1250476
 1.63000,0.1250330
 1.63112,0.1250407
 1.63224,0.1250461
 1.63336,0.1250348
 1.63448,0.1250533
 1.63560,0.1251346
 1.63672,0.1250639
 1.63784,0.1250128
 1.63896,0.1250169
 1.64008,0.1250206
 1.64120,0.1250208
 1.64232,0.1250466
 1.64344,0.1250316
 1.64456,0.1250104
 1.64568,0.1250088
 1.64680,0.1250188
 1.64792,0.1250176
 1.64904,0.1251452
 1.65016,0.1251905
 1.65128,0.1250307
 1.65240,0.1250225
 1.65352,0.1250213
 1.65464,0.1250587
 1.65576,0.1250237
 1.65688,0.1250264
 1.65800,0.1250121
 1.65912,0.1250113
 1.66024,0.1250909
 1.66136,0.1250728
 1.66248,0.1250375
 1.66360,0.1250189
 1.66472,0.1250215
 1.66584,0.1250185
 1.66696,0.1250152
 1.66808,0.1250150
 1.66920,0.1250173
 1.67032,0.1250409
 1.67144,0.1250765
 1.67256,0.1250251
 1.67368,0.1250276
 1.67480,0.1250139
 1.67592,0.1250141
 1.67704,0.1250155
 1.67816,0.1250167
 1.67928,0.1250625
 1.68040,0.1250171
 1.68152,0.1250248
 1.68264,0.1250113
 1.68376,0.1251674
 1.68488,0.1251486
 1.68600,0.1250068
 1.68712,0.1250104
 1.68824,0.1250107
 1.68936,0.1250055
 1.69048,0.1250172
 1.69160,0.1250315
 1.69272,0.1250087
 1.69384,0.1250178
 1.69496,0.1250154
 1.69608,0.1250475
 1.69720,0.1250232
 1.69832,0.1250099
 1.69944,0.1250249
 1.70056,0.1250150
 1.70168,0.1250234
 1.70280,0.1250242
 1.70392,0.1250324
 1.70504,0.1250188
 1.70616,0.1250370
 1.70728,0.1252804
 1.70840,0.1251394
 1.70952,0.1250269
 1.71064,0.1250209
 1.71176,0.1250357
 1.71288,0.1250829
 1.71400,0.1251094
 1.71512,0.1250229
 1.71624,0.1251440
 1.71736,0.1251265
 1.71848,0.1250474
 1.71960,0.1250385
 1.72072,0.1250599
 1.72184,0.1251976
 1.72296,0.1250652
 1.72408,0.1250955
 1.72520,0.1251898
 1.72632,0.1252875
 1.72744,0.1253349
 1.72856,0.1251604
 1.72968,0.1250408
 1.73080,0.1251298
 1.73192,0.1250643
 1.73304,0.1250490
 1.73416,0.1251400
 1.73528,0.1250955
 1.73640,0.1250479
 1.73752,0.1250236
 1.73864,0.1250536
 1.73976,0.1251776
 1.74088,0.1250932
 1.74200,0.1251637
 1.74312,0.1252702
 1.74424,0.1259464
 1.74536,0.1254191
 1.74648,0.1251624
 1.74760,0.1254453
 1.74872,0.1250823
 1.74984,0.1256889
 1.75096,0.1266664
 1.75208,0.1256825
 1.75320,0.1250302
 1.75432,0.1261081
 1.75544,0.1257374
 1.75656,0.1250688
 1.75768,0.1253101
 1.75880,0.1280010
 1.75992,0.1255716
 1.76104,0.1251500
 1.76216,0.1259180
 1.76328,0.1267955
 1.76440,0.1253015
 1.76552,0.1252163
 1.76664,0.1251542
 1.76776,0.1260807
 1.76888,0.1259590
 1.77000,0.1251094
 1.77112,0.1250916
 1.77224,0.1255159
 1.77336,0.1254034
 1.77448,0.1259488
 1.77560,0.1258207
 1.77672,0.1257580
 1.77784,0.1251829
 1.77896,0.1253450
 1.78008,0.1256379
 1.78120,0.1268598
 1.78232,0.1264304
 1.78344,0.1258751
 1.78456,0.1263781
 1.78568,0.1266812
 1.78680,0.1253933
 1.78792,0.1255742
 1.78904,0.1254037
 1.79016,0.1255748
 1.79128,0.1252298
 1.79240,0.1252168
 1.79352,0.1267401
 1.79464,0.1255315
 1.79576,0.1251895
 1.79688,0.1250763
 1.79800,0.1252063
 1.79912,0.1256714
 1.80024,0.1265187
 1.80136,0.1255487
 1.80248,0.1255335
 1.80360,0.1251856
 1.80472,0.1266172
 1.80584,0.1274895
 1.80696,0.1251697
 1.80808,0.1251064
 1.80920,0.1251276
 1.81032,0.1255827
 1.81144,0.1254955
 1.81256,0.1251557
 1.81368,0.1253235
 1.81480,0.1251743
 1.81592,0.1252347
 1.81704,0.1250965
 1.81816,0.1252575
 1.81928,0.1266502
 1.82040,0.1256233
 1.82152,0.1258610
 1.82264,0.1258566
 1.82376,0.1253086
 1.82488,0.1254275
 1.82600,0.1255773
 1.82712,0.1257418
 1.82824,0.1273978
 1.82936,0.1255415
 1.83048,0.1253203
 1.83160,0.1256562
 1.83272,0.1263230
 1.83384,0.1254075
 1.83496,0.1254038
 1.83608,0.1258359
 1.83720,0.1255134
 1.83832,0.1252211
 1.83944,0.1260108
 1.84056,0.1272157
 1.84168,0.1275518
 1.84280,0.1264390
 1.84392,0.1252033
 1.84504,0.1250748
 1.84616,0.1253902
 1.84728,0.1256759
 1.84840,0.1253000
 1.84952,0.1252040
 1.85064,0.1251785
 1.85176,0.1251261
 1.85288,0.1255112
 1.85400,0.1259149
 1.85512,0.1273336
 1.85624,0.1282310
 1.85736,0.1265524
 1.85848,0.1255253
 1.85960,0.1261605
 1.86072,0.1253980
 1.86184,0.1255909
 1.86296,0.1253725
 1.86408,0.1253813
 1.86520,0.1273144
 1.86632,0.1261791
 1.86744,0.1285625
 1.86856,0.1260379
 1.86968,0.1255037
 1.87080,0.1262955
 1.87192,0.1261899
 1.87304,0.1277033
 1.87416,0.1258466
 1.87528,0.1253052
 1.87640,0.1253672
 1.87752,0.1251386
 1.87864,0.1255143
 1.87976,0.1263780
 1.88088,0.1277644
 1.88200,0.1258356
 1.88312,0.1259184
 1.88424,0.1266668
 1.88536,0.1267810
 1.88648,0.1254910
 1.88760,0.1253244
 1.88872,0.1251814
 1.88984,0.1253274
 1.89096,0.1255499
 1.89208,0.1252476
 1.89320,0.1256635
 1.89432,0.1258615
 1.89544,0.1252247
 1.89656,0.1252482
 1.89768,0.1251649
 1.89880,0.1251408
 1.89992,0.1250959
 1.90104,0.1251171
 1.90216,0.1252007
 1.90328,0.1254472
 1.90440,0.1254220
 1.90552,0.1252965
 1.90664,0.1260115
 1.90776,0.1257941
 1.90888,0.1256344
 1.91000,0.1252814
 1.91112,0.1255440
 1.91224,0.1270190
 1.91336,0.1260121
 1.91448,0.1253702
 1.91560,0.1253393
 1.91672,0.1259669
 1.91784,0.1255925
 1.91896,0.1253109
 1.92008,0.1269694
 1.92120,0.1262375
 1.92232,0.1265119
 1.92344,0.1257479
 1.92456,0.1250916
 1.92568,0.1250984
 1.92680,0.1256175
 1.92792,0.1254648
 1.92904,0.1255960
 1.93016,0.1258965
 1.93128,0.1254260
 1.93240,0.1251186
 1.93352,0.1251725
 1.93464,0.1252352
 1.93576,0.1267486
 1.93688,0.1270172
 1.93800,0.1252876
 1.93912,0.1255852
 1.94024,0.1257748
 1.94136,0.1257085
 1.94248,0.1268311
 1.94360,0.1276413
 1.94472,0.1253254
 1.94584,0.1250911
 1.94696,0.1250791
 1.94808,0.1254291
 1.94920,0.1260038
 1.95032,0.1257950
 1.95144,0.1260886
 1.95256,0.1256047
 1.95368,0.1263351
 1.95480,0.1252999
 1.95592,0.1251340
 1.95704,0.1251360
 1.95816,0.1251400
 1.95928,0.1256575
 1.96040,0.1254983
 1.96152,0.1279624
 1.96264,0.1264063
 1.96376,0.1250943
 1.96488,0.1269968
 1.96600,0.1268172
 1.96712,0.1270491
 1.96824,0.1267039
 1.96936,0.1252040
 1.97048,0.1258861
 1.97160,0.1261764
 1.97272,0.1259196
 1.97384,0.1267143
 1.97496,0.1256665
 1.97608,0.1271680
 1.97720,0.1276348
 1.97832,0.1261702
 1.97944,0.1254295
 1.98056,0.1257822
 1.98168,0.1251800
 1.98280,0.1250639
 1.98392,0.1252211
 1.98504,0.1264661
 1.98616,0.1258825
 1.98728,0.1253971
 1.98840,0.1271773
 1.98952,0.1263264
 1.99064,0.1254797
 1.99176,0.1255594
 1.99288,0.1252623
 1.99400,0.1261024
 1.99512,0.1268048
 1.99624,0.1256640
 1.99736,0.1253960
 1.99848,0.1252188
 1.99960,0.1251462
 2.00072,0.1251476
 2.00184,0.1256043
 2.00296,0.1270734
 2.00408,0.1258888
 2.00520,0.1253203
 2.00632,0.1262383
 2.00744,0.1259016
 2.00856,0.1276246
 2.00968,0.1266526
 2.01080,0.1252480
 2.01192,0.1256231
 2.01304,0.1258629
 2.01416,0.1259054
 2.01528,0.1259120
 2.01640,0.1251957
 2.01752,0.1255127
 2.01864,0.1261515
 2.01976,0.1259343
 2.02088,0.1253758
 2.02200,0.1262668
 2.02312,0.1255537
 2.02424,0.1254207
 2.02536,0.1257223
 2.02648,0.1254938
 2.02760,0.1263832
 2.02872,0.1263053
 2.02984,0.1259321
 2.03096,0.1262378
 2.03208,0.1253372
 2.03320,0.1254120
 2.03432,0.1252003
 2.03544,0.1252322
 2.03656,0.1251039
 2.03768,0.1251166
 2.03880,0.1253553
 2.03992,0.1264416
 2.04104,0.1257809
 2.04216,0.1252137
 2.04328,0.1256616
 2.04440,0.1255884
 2.04552,0.1252152
 2.04664,0.1256965
 2.04776,0.1261238
 2.04888,0.1259915
 2.05000,0.1252468
 2.05112,0.1251505
 2.05224,0.1250718
 2.05336,0.1252823
 2.05448,0.1258695
 2.05560,0.1256625
 2.05672,0.1253421
 2.05784,0.1254145
 2.05896,0.1253762
 2.06008,0.1251327
 2.06120,0.1252420
 2.06232,0.1254476
 2.06344,0.1251682
 2.06456,0.1251547
 2.06568,0.1251662
 2.06680,0.1251627
 2.06792,0.1250842
 2.06904,0.1250920
 2.07016,0.1250962
 2.07128,0.1253426
 2.07240,0.1254238
 2.07352,0.1253700
 2.07464,0.1257383
 2.07576,0.1251724
 2.07688,0.1251925
 2.07800,0.1250656
 2.07912,0.1250431
 2.08024,0.1250877
 2.08136,0.1250739
 2.08248,0.1250358
 2.08360,0.1250369
 2.08472,0.1252160
 2.08584,0.1255304
 2.08696,0.1255298
 2.08808,0.1251319
 2.08920,0.1251066
 2.09032,0.1251257
 2.09144,0.1250879
 2.09256,0.1251048
 2.09368,0.1259250
 2.09480,0.1258485
 2.09592,0.1251547
 2.09704,0.1251015
 2.09816,0.1251290
 2.09928,0.1251817
 2.10040,0.1250739
 2.10152,0.1250477
 2.10264,0.1251806
 2.10376,0.1251021
 2.10488,0.1250291
 2.10600,0.1250682
 2.10712,0.1250910
 2.10824,0.1251159
 2.10936,0.1252274
 2.11048,0.1251005
 2.11160,0.1250557
 2.11272,0.1250494
 2.11384,0.1251343
 2.11496,0.1251914
 2.11608,0.1251719
 2.11720,0.1251092
 2.11832,0.1250566
 2.11944,0.1250485
 2.12056,0.1250713
 2.12168,0.1250780
 2.12280,0.1250420
 2.12392,0.1250556
 2.12504,0.1250580
 2.12616,0.1250546
 2.12728,0.1250460
 2.12840,0.1250457
 2.12952,0.1250974
 2.13064,0.1251578
 2.13176,0.1250686
 2.13288,0.1251275
 2.13400,0.1250750
 2.13512,0.1250608
 2.13624,0.1253429
 2.13736,0.1254121
 2.13848,0.1250843
 2.13960,0.1250560
 2.14072,0.1251053
 2.14184,0.1250353
 2.14296,0.1250441
 2.14408,0.1250826
 2.14520,0.1250547
 2.14632,0.1250611
 2.14744,0.1250974
 2.14856,0.1250574
 2.14968,0.1250479
 2.15080,0.1250665
 2.15192,0.1250831
 2.15304,0.1250516
 2.15416,0.1252685
 2.15528,0.1252706
 2.15640,0.1250501
 2.15752,0.1250881
 2.15864,0.1252114
 2.15976,0.1250762
 2.16088,0.1252263
 2.16200,0.1251431
 2.16312,0.1250791
 2.16424,0.1250546
 2.16536,0.1250252
 2.16648,0.1250331
 2.16760,0.1250295
 2.16872,0.1250389
 2.16984,0.1250531
 2.17096,0.1250434
 2.17208,0.1250425
 2.17320,0.1251910
 2.17432,0.1253004
 2.17544,0.1251419
 2.17656,0.1253031
 2.17768,0.1251135
 2.17880,0.1250772
 2.17992,0.1251013
 2.18104,0.1250620
 2.18216,0.1250101
 2.18328,0.1250166
 2.18440,0.1250263
 2.18552,0.1250625
 2.18664,0.1250341
 2.18776,0.1250346
 2.18888,0.1250263
 2.19000,0.1250229
 2.19112,0.1250351
 2.19224,0.1250295
 2.19336,0.1250647
 2.19448,0.1250392
 2.19560,0.1250470
 2.19672,0.1250609
 2.19784,0.1250606
 2.19896,0.1250450
 2.20008,0.1250274
 2.20120,0.1250453
 2.20232,0.1250407
 2.20344,0.1251355
 2.20456,0.1251267
 2.20568,0.1250723
 2.20680,0.1250542
 2.20792,0.1250279
 2.20904,0.1250547
 2.21016,0.1251745
 2.21128,0.1253368
 2.21240,0.1252014
 2.21352,0.1250138
 2.21464,0.1250445
 2.21576,0.1251398
 2.21688,0.1252017
 2.21800,0.1251360
 2.21912,0.1250512
 2.22024,0.1250199
 2.22136,0.1250234
 2.22248,0.1251076
 2.22360,0.1253297
 2.22472,0.1251364
 2.22584,0.1256290
 2.22696,0.1254349
 2.22808,0.1250994
 2.22920,0.1250696
 2.23032,0.1250199
 2.23144,0.1250199
 2.23256,0.1250227
 2.23368,0.1250234
 2.23480,0.1250296
 2.23592,0.1250272
 2.23704,0.1250125
 2.23816,0.1250306
 2.23928,0.1251144
 2.24040,0.1250611
 2.24152,0.1250221
 2.24264,0.1250726
 2.24376,0.1251292
 2.24488,0.1250651
 2.24600,0.1250491
 2.24712,0.1253330
 2.24824,0.1251873
 2.24936,0.1251796
 2.25048,0.1252905
 2.25160,0.1250503
 2.25272,0.1250362
 2.25384,0.1251765
 2.25496,0.1251059
 2.25608,0.1251397
 2.25720,0.1253563
 2.25832,0.1254517
 2.25944,0.1250956
 2.26056,0.1250502
 2.26168,0.1250305
 2.26280,0.1250176
 2.26392,0.1250219
 2.26504,0.1250232
 2.26616,0.1250183
 2.26728,0.1250266
 2.26840,0.1250165
 2.26952,0.1250179
 2.27064,0.1250222
 2.27176,0.1250482
 2.27288,0.1251768
 2.27400,0.1250663
 2.27512,0.1250314
 2.27624,0.1250280
 2.27736,0.1250157
 2.27848,0.1250170
 2.27960,0.1250198
 2.28072,0.1250103
 2.28184,0.1250121
 2.28296,0.1251228
 2.28408,0.1251967
 2.28520,0.1250278
 2.28632,0.1250132
 2.28744,0.1250142
 2.28856,0.1250120
 2.28968,0.1250084
 2.29080,0.1251178
 2.29192,0.1254450
 2.29304,0.1254000
 2.29416,0.1253752
 2.29528,0.1252252
 2.29640,0.1250589
 2.29752,0.1250557
 2.29864,0.1251060
 2.29976,0.1250456
 2.30088,0.1250301
 2.30200,0.1250342
 2.30312,0.1250364
 2.30424,0.1250527
 2.30536,0.1250434
 2.30648,0.1250225
 2.30760,0.1250166
 2.30872,0.1250171
 2.30984,0.1250172
 2.31096,0.1250339
 2.31208,0.1250253
 2.31320,0.1250189
 2.31432,0.1250564
 2.31544,0.1250928
 2.31656,0.1251195
 2.31768,0.1255197
 2.31880,0.1254119
 2.31992,0.1252934
 2.32104,0.1252160
 2.32216,0.1253052
 2.32328,0.1263150
 2.32440,0.1258240
 2.32552,0.1252961
 2.32664,0.1250888
 2.32776,0.1250521
 2.32888,0.1250335
 2.33000,0.1250576
 2.33112,0.1250509
 2.33224,0.1250477
 2.33336,0.1254195
 2.33448,0.1262721
 2.33560,0.1253398
 2.33672,0.1250446
 2.33784,0.1251152
 2.33896,0.1251431
 2.34008,0.1250668
 2.34120,0.1251665
 2.34232,0.1251175
 2.34344,0.1250706
 2.34456,0.1250551
 2.34568,0.1250302
 2.34680,0.1250317
 2.34792,0.1251442
 2.34904,0.1251134
 2.35016,0.1253101
 2.35128,0.1258422
 2.35240,0.1256142
 2.35352,0.1251926
 2.35464,0.1250370
 2.35576,0.1255705
 2.35688,0.1263796
 2.35800,0.1254892
 2.35912,0.1252206
 2.36024,0.1251485
 2.36136,0.1250948
 2.36248,0.1250853
 2.36360,0.1251303
 2.36472,0.1251850
 2.36584,0.1251093
 2.36696,0.1250142
 2.36808,0.1250136
 2.36920,0.1250106
 2.37032,0.1250261
 2.37144,0.1250375
 2.37256,0.1250497
 2.37368,0.1250954
 2.37480,0.1252120
 2.37592,0.1250992
 2.37704,0.1250460
 2.37816,0.1250602
 2.37928,0.1250503
 2.38040,0.1251900
 2.38152,0.1256391
 2.38264,0.1255949
 2.38376,0.1251724
 2.38488,0.1250605
 2.38600,0.1250885
 2.38712,0.1251293
 2.38824,0.1251443
 2.38936,0.1251148
 2.39048,0.1250429
 2.39160,0.1250538
 2.39272,0.1250529
 2.39384,0.1250827
 2.39496,0.1251294
 2.39608,0.1250321
 2.39720,0.1250250
 2.39832,0.1257764
 2.39944,0.1262877
 2.40056,0.1255778
 2.40168,0.1252887
 2.40280,0.1251104
 2.40392,0.1251952
 2.40504,0.1253494
 2.40616,0.1251514
 2.40728,0.1252157
 2.40840,0.1258888
 2.40952,0.1261787
 2.41064,0.1256795
 2.41176,0.1256428
 2.41288,0.1267310
 2.41400,0.1263060
 2.41512,0.1251375
 2.41624,0.1251159
 2.41736,0.1251036
 2.41848,0.1250767
 2.41960,0.1250724
 2.42072,0.1251210
 2.42184,0.1252152
 2.42296,0.1251156
 2.42408,0.1250382
 2.42520,0.1250775
 2.42632,0.1252923
 2.42744,0.1257008
 2.42856,0.1254484
 2.42968,0.1251203
 2.43080,0.1250785
 2.43192,0.1253194
 2.43304,0.1260821
 2.43416,0.1258226
 2.43528,0.1251559
 2.43640,0.1251595
 2.43752,0.1251271
 2.43864,0.1250889
 2.43976,0.1250804
 2.44088,0.1254124
 2.44200,0.1266239
 2.44312,0.1260565
 2.44424,0.1255332
 2.44536,0.1253862
 2.44648,0.1252359
 2.44760,0.1261686
 2.44872,0.1258407
 2.44984,0.1251489
 2.45096,0.1253864
 2.45208,0.1268288
 2.45320,0.1284588
 2.45432,0.1277894
 2.45544,0.1254643
 2.45656,0.1256984
 2.45768,0.1258395
 2.45880,0.1255939
 2.45992,0.1258702
 2.46104,0.1274339
 2.46216,0.1261400
 2.46328,0.1264005
 2.46440,0.1274411
 2.46552,0.1274699
 2.46664,0.1258870
 2.46776,0.1262659
 2.46888,0.1264328
 2.47000,0.1254309
 2.47112,0.1253575
 2.47224,0.1251950
 2.47336,0.1252878
 2.47448,0.1255409
 2.47560,0.1254004
 2.47672,0.1253736
 2.47784,0.1257099
 2.47896,0.1261459
 2.48008,0.1261720
 2.48120,0.1256804
 2.48232,0.1252838
 2.48344,0.1251829
 2.48456,0.1253826
 2.48568,0.1253725
 2.48680,0.1261546
 2.48792,0.1283530
 2.48904,0.1313137
 2.49016,0.1301468
 2.49128,0.1284822
 2.49240,0.1267647
 2.49352,0.1255009
 2.49464,0.1266261
 2.49576,0.1262021
 2.49688,0.1266633
 2.49800,0.1283563
 2.49912,0.1271181
 2.50024,0.1258564
 2.50136,0.1253269
 2.50248,0.1254595
 2.50360,0.1255279
 2.50472,0.1270386
 2.50584,0.1273060
 2.50696,0.1264848
 2.50808,0.1276822
 2.50920,0.1275929
 2.51032,0.1276673
 2.51144,0.1276555
 2.51256,0.1256783
 2.51368,0.1252042
 2.51480,0.1254720
 2.51592,0.1258376
 2.51704,0.1258753
 2.51816,0.1271990
 2.51928,0.1297541
 2.52040,0.1310892
 2.52152,0.1264459
 2.52264,0.1254983
 2.52376,0.1258713
 2.52488,0.1266625
 2.52600,0.1283266
 2.52712,0.1267083
 2.52824,0.1264813
 2.52936,0.1278434
 2.53048,0.1260885
 2.53160,0.1253623
 2.53272,0.1254271
 2.53384,0.1261027
 2.53496,0.1275985
 2.53608,0.1302758
 2.53720,0.1310630
 2.53832,0.1291368
 2.53944,0.1280430
 2.54056,0.1270711
 2.54168,0.1278764
 2.54280,0.1301213
 2.54392,0.1270278
 2.54504,0.1256344
 2.54616,0.1263409
 2.54728,0.1285461
 2.54840,0.1300910
 2.54952,0.1284146
 2.55064,0.1260325
 2.55176,0.1257096
 2.55288,0.1254557
 2.55400,0.1252297
 2.55512,0.1251423
 2.55624,0.1253628
 2.55736,0.1257098
 2.55848,0.1265299
 2.55960,0.1271420
 2.56072,0.1260313
 2.56184,0.1259776
 2.56296,0.1267695
 2.56408,0.1276484
 2.56520,0.1268618
 2.56632,0.1279194
 2.56744,0.1279027
 2.56856,0.1255339
 2.56968,0.1254026
 2.57080,0.1253338
 2.57192,0.1252752
 2.57304,0.1255771
 2.57416,0.1262814
 2.57528,0.1268265
 2.57640,0.1271840
 2.57752,0.1274893
 2.57864,0.1276115
 2.57976,0.1269069
 2.58088,0.1258527
 2.58200,0.1265818
 2.58312,0.1268179
 2.58424,0.1263911
 2.58536,0.1260124
 2.58648,0.1292144
 2.58760,0.1280386
 2.58872,0.1252309
 2.58984,0.1257691
 2.59096,0.1298276
 2.59208,0.1308855
 2.59320,0.1284772
 2.59432,0.1260817
 2.59544,0.1254320
 2.59656,0.1262216
 2.59768,0.1278138
 2.59880,0.1276029
 2.59992,0.1264683
 2.60104,0.1254523
 2.60216,0.1260511
 2.60328,0.1312898
 2.60440,0.1314692
 2.60552,0.1267098
 2.60664,0.1254778
 2.60776,0.1263717
 2.60888,0.1267706
 2.61000,0.1254468
 2.61112,0.1258325
 2.61224,0.1260317
 2.61336,0.1258549
 2.61448,0.1256116
 2.61560,0.1259499
 2.61672,0.1261755
 2.61784,0.1264589
 2.61896,0.1286369
 2.62008,0.1291336
 2.62120,0.1286777
 2.62232,0.1283045
 2.62344,0.1272933
 2.62456,0.1263180
 2.62568,0.1263525
 2.62680,0.1294266
 2.62792,0.1278584
 2.62904,0.1253842
 2.63016,0.1252798
 2.63128,0.1253218
 2.63240,0.1254957
 2.63352,0.1258280
 2.63464,0.1263391
 2.63576,0.1260311
 2.63688,0.1254871
 2.63800,0.1251580
 2.63912,0.1251203
 2.64024,0.1254267
 2.64136,0.1260912
 2.64248,0.1270839
 2.64360,0.1261473
 2.64472,0.1252215
 2.64584,0.1255546
 2.64696,0.1254946
 2.64808,0.1272438
 2.64920,0.1293844
 2.65032,0.1277452
 2.65144,0.1288856
 2.65256,0.1291450
 2.65368,0.1259536
 2.65480,0.1255530
 2.65592,0.1257170
 2.65704,0.1259434
 2.65816,0.1265754
 2.65928,0.1280933
 2.66040,0.1287846
 2.66152,0.1271212
 2.66264,0.1266238
 2.66376,0.1264051
 2.66488,0.1264750
 2.66600,0.1279593
 2.66712,0.1271021
 2.66824,0.1256616
 2.66936,0.1261948
 2.67048,0.1265439
 2.67160,0.1267592
 2.67272,0.1269622
 2.67384,0.1274796
 2.67496,0.1272770
 2.67608,0.1277371
 2.67720,0.1318115
 2.67832,0.1291450
 2.67944,0.1255851
 2.68056,0.1259679
 2.68168,0.1286545
 2.68280,0.1285871
 2.68392,0.1256479
 2.68504,0.1254023
 2.68616,0.1256263
 2.68728,0.1257430
 2.68840,0.1254071
 2.68952,0.1257653
 2.69064,0.1260228
 2.69176,0.1258799
 2.69288,0.1270009
 2.69400,0.1273252
 2.69512,0.1268181
 2.69624,0.1268844
 2.69736,0.1261209
 2.69848,0.1255583
 2.69960,0.1266498
 2.70072,0.1260637
 2.70184,0.1262638
 2.70296,0.1282419
 2.70408,0.1265701
 2.70520,0.1252895
 2.70632,0.1251604
 2.70744,0.1251336
 2.70856,0.1278264
 2.70968,0.1300646
 2.71080,0.1264436
 2.71192,0.1253414
 2.71304,0.1253014
 2.71416,0.1254598
 2.71528,0.1284603
 2.71640,0.1287653
 2.71752,0.1255866
 2.71864,0.1256242
 2.71976,0.1273358
 2.72088,0.1288336
 2.72200,0.1263683
 2.72312,0.1253212
 2.72424,0.1256637
 2.72536,0.1271249
 2.72648,0.1275542
 2.72760,0.1274448
 2.72872,0.1270044
 2.72984,0.1261626
 2.73096,0.1262479
 2.73208,0.1273351
 2.73320,0.1274668
 2.73432,0.1266268
 2.73544,0.1257720
 2.73656,0.1272102
 2.73768,0.1268340
 2.73880,0.1262561
 2.73992,0.1280089
 2.74104,0.1285035
 2.74216,0.1278042
 2.74328,0.1259764
 2.74440,0.1258322
 2.74552,0.1261754
 2.74664,0.1266007
 2.74776,0.1275299
 2.74888,0.1271800
 2.75000,0.1257864
 2.75112,0.1262353
 2.75224,0.1263393
 2.75336,0.1259838
 2.75448,0.1255803
 2.75560,0.1265135
 2.75672,0.1281904
 2.75784,0.1297381
 2.75896,0.1277466
 2.76008,0.1253195
 2.76120,0.1252106
 2.76232,0.1258078
 2.76344,0.1262393
 2.76456,0.1260182
 2.76568,0.1256151
 2.76680,0.1255344
 2.76792,0.1259506
 2.76904,0.1264316
 2.77016,0.1267466
 2.77128,0.1270081
 2.77240,0.1279853
 2.77352,0.1272413
 2.77464,0.1258583
 2.77576,0.1281344
 2.77688,0.1278191
 2.77800,0.1261948
 2.77912,0.1269439
 2.78024,0.1268598
 2.78136,0.1261955
 2.78248,0.1255362
 2.78360,0.1265367
 2.78472,0.1284891
 2.78584,0.1308535
 2.78696,0.1313448
 2.78808,0.1299232
 2.78920,0.1262157
 2.79032,0.1255708
 2.79144,0.1259002
 2.79256,0.1260819
 2.79368,0.1255726
 2.79480,0.1253060
 2.79592,0.1257072
 2.79704,0.1258404
 2.79816,0.1257047
 2.79928,0.1254962
 2.80040,0.1269705
 2.80152,0.1279816
 2.80264,0.1278981
 2.80376,0.1273178
 2.80488,0.1265709
 2.80600,0.1259941
 2.80712,0.1269645
 2.80824,0.1270151
 2.80936,0.1261764
 2.81048,0.1268828
 2.81160,0.1266940
 2.81272,0.1261395
 2.81384,0.1290005
 2.81496,0.1287453
 2.81608,0.1262880
 2.81720,0.1278818
 2.81832,0.1275243
 2.81944,0.1256247
 2.82056,0.1258171
 2.82168,0.1260537
 2.82280,0.1260322
 2.82392,0.1256033
 2.82504,0.1256039
 2.82616,0.1261387
 2.82728,0.1274481
 2.82840,0.1269007
 2.82952,0.1254871
 2.83064,0.1264385
 2.83176,0.1265716
 2.83288,0.1265951
 2.83400,0.1295630
 2.83512,0.1294736
 2.83624,0.1273061
 2.83736,0.1268206
 2.83848,0.1264674
 2.83960,0.1263009
 2.84072,0.1271788
 2.84184,0.1269656
 2.84296,0.1259858
 2.84408,0.1258347
 2.84520,0.1260050
 2.84632,0.1261744
 2.84744,0.1254883
 2.84856,0.1257261
 2.84968,0.1265852
 2.85080,0.1260200
 2.85192,0.1261266
 2.85304,0.1274118
 2.85416,0.1307715
 2.85528,0.1304997
 2.85640,0.1267503
 2.85752,0.1265993
 2.85864,0.1265112
 2.85976,0.1258504
 2.86088,0.1257901
 2.86200,0.1257917
 2.86312,0.1258291
 2.86424,0.1267848
 2.86536,0.1270017
 2.86648,0.1260239
 2.86760,0.1267912
 2.86872,0.1271929
 2.86984,0.1264272
 2.87096,0.1277536
 2.87208,0.1282518
 2.87320,0.1262101
 2.87432,0.1276429
 2.87544,0.1289909
 2.87656,0.1275312
 2.87768,0.1275964
 2.87880,0.1277706
 2.87992,0.1265358
 2.88104,0.1263567
 2.88216,0.1267106
 2.88328,0.1270338
 2.88440,0.1267029
 2.88552,0.1260207
 2.88664,0.1254572
 2.88776,0.1264397
 2.88888,0.1278719
 2.89000,0.1262904
 2.89112,0.1253971
 2.89224,0.1255466
 2.89336,0.1262169
 2.89448,0.1271361
 2.89560,0.1280942
 2.89672,0.1278945
 2.89784,0.1271972
 2.89896,0.1262417
 2.90008,0.1264714
 2.90120,0.1265922
 2.90232,0.1259127
 2.90344,0.1257541
 2.90456,0.1257161
 2.90568,0.1254969
 2.90680,0.1256481
 2.90792,0.1260101
 2.90904,0.1264790
 2.91016,0.1268984
 2.91128,0.1272174
 2.91240,0.1272570
 2.91352,0.1267347
 2.91464,0.1258531
 2.91576,0.1255455
 2.91688,0.1254667
 2.91800,0.1255822
 2.91912,0.1260160
 2.92024,0.1270724
 2.92136,0.1288327
 2.92248,0.1273521
 2.92360,0.1259595
 2.92472,0.1273159
 2.92584,0.1284772
 2.92696,0.1289046
 2.92808,0.1273942
 2.92920,0.1276842
 2.93032,0.1288258
 2.93144,0.1277360
 2.93256,0.1267733
 2.93368,0.1262540
 2.93480,0.1259312
 2.93592,0.1258496
 2.93704,0.1260474
 2.93816,0.1259905
 2.93928,0.1264878
 2.94040,0.1282646
 2.94152,0.1271391
 2.94264,0.1255094
 2.94376,0.1265371
 2.94488,0.1263235
 2.94600,0.1254077
 2.94712,0.1258354
 2.94824,0.1262140
 2.94936,0.1263960
 2.95048,0.1270475
 2.95160,0.1271853
 2.95272,0.1262894
 2.95384,0.1256472
 2.95496,0.1252474
 2.95608,0.1252384
 2.95720,0.1253574
 2.95832,0.1257666
 2.95944,0.1271450
 2.96056,0.1271419
 2.96168,0.1263313
 2.96280,0.1293002
 2.96392,0.1301085
 2.96504,0.1268183
 2.96616,0.1277883
 2.96728,0.1287291
 2.96840,0.1261783
 2.96952,0.1258581
 2.97064,0.1268473
 2.97176,0.1280022
 2.97288,0.1276679
 2.97400,0.1260767
 2.97512,0.1253899
 2.97624,0.1256684
 2.97736,0.1271357
 2.97848,0.1273645
 2.97960,0.1269596
 2.98072,0.1260422
 2.98184,0.1263019
 2.98296,0.1270025
 2.98408,0.1263462
 2.98520,0.1261055
 2.98632,0.1265044
 2.98744,0.1267209
 2.98856,0.1276928
 2.98968,0.1300979
 2.99080,0.1284965
 2.99192,0.1259167
 2.99304,0.1262877
 2.99416,0.1267201
 2.99528,0.1268887
 2.99640,0.1263459
 2.99752,0.1263146
 2.99864,0.1271826
 2.99976,0.1265002
 3.00088,0.1258494
 3.00200,0.1268369
 3.00312,0.1267597
 3.00424,0.1261389
 3.00536,0.1267061
 3.00648,0.1278824
 3.00760,0.1294135
 3.00872,0.1283322
 3.00984,0.1271403
 3.01096,0.1276725
 3.01208,0.1274730
 3.01320,0.1267511
 3.01432,0.1258261
 3.01544,0.1252758
 3.01656,0.1252928
 3.01768,0.1262574
 3.01880,0.1268249
 3.01992,0.1258104
 3.02104,0.1262206
 3.02216,0.1270665
 3.02328,0.1259281
 3.02440,0.1251889
 3.02552,0.1254393
 3.02664,0.1279351
 3.02776,0.1293691
 3.02888,0.1265775
 3.03000,0.1258883
 3.03112,0.1263957
 3.03224,0.1259293
 3.03336,0.1257608
 3.03448,0.1261798
 3.03560,0.1265871
 3.03672,0.1266502
 3.03784,0.1257711
 3.03896,0.1258852
 3.04008,0.1265693
 3.04120,0.1263595
 3.04232,0.1260000
 3.04344,0.1257837
 3.04456,0.1282045
 3.04568,0.1302886
 3.04680,0.1278197
 3.04792,0.1266188
 3.04904,0.1267431
 3.05016,0.1262384
 3.05128,0.1258654
 3.05240,0.1260293
 3.05352,0.1259079
 3.05464,0.1256419
 3.05576,0.1253999
 3.05688,0.1260225
 3.05800,0.1274933
 3.05912,0.1266364
 3.06024,0.1254257
 3.06136,0.1252401
 3.06248,0.1255886
 3.06360,0.1262155
 3.06472,0.1264245
 3.06584,0.1263019
 3.06696,0.1257778
 3.06808,0.1267448
 3.06920,0.1279101
 3.07032,0.1269622
 3.07144,0.1272750
 3.07256,0.1290698
 3.07368,0.1278119
 3.07480,0.1261413
 3.07592,0.1258994
 3.07704,0.1267011
 3.07816,0.1278925
 3.07928,0.1267090
 3.08040,0.1256096
 3.08152,0.1256183
 3.08264,0.1255394
 3.08376,0.1256852
 3.08488,0.1272418
 3.08600,0.1275467
 3.08712,0.1259637
 3.08824,0.1261866
 3.08936,0.1268617
 3.09048,0.1267723
 3.09160,0.1263084
 3.09272,0.1255825
 3.09384,0.1252877
 3.09496,0.1258536
 3.09608,0.1283642
 3.09720,0.1281055
 3.09832,0.1260298
 3.09944,0.1259438
 3.10056,0.1260678
 3.10168,0.1257965
 3.10280,0.1256018
 3.10392,0.1258249
 3.10504,0.1281492
 3.10616,0.1292084
 3.10728,0.1277057
 3.10840,0.1266815
 3.10952,0.1260795
 3.11064,0.1263547
 3.11176,0.1271213
 3.11288,0.1282695
 3.11400,0.1272035
 3.11512,0.1256774
 3.11624,0.1254660
 3.11736,0.1256388
 3.11848,0.1260882
 3.11960,0.1264218
 3.12072,0.1264512
 3.12184,0.1256327
 3.12296,0.1258525
 3.12408,0.1269375
 3.12520,0.1262724
 3.12632,0.1256666
 3.12744,0.1265948
 3.12856,0.1271410
 3.12968,0.1271891
 3.13080,0.1261755
 3.13192,0.1252551
 3.13304,0.1252650
 3.13416,0.1252540
 3.13528,0.1252405
 3.13640,0.1256656
 3.13752,0.1259375
 3.13864,0.1255858
 3.13976,0.1254309
 3.14088,0.1254439
 3.14200,0.1255159
 3.14312,0.1260433
 3.14424,0.1276047
 3.14536,0.1272138
 3.14648,0.1255884
 3.14760,0.1253211
 3.14872,0.1253336
 3.14984,0.1253041
 3.15096,0.1253266
 3.15208,0.1254039
 3.15320,0.1256200
 3.15432,0.1258703
 3.15544,0.1261264
 3.15656,0.1261885
 3.15768,0.1262201
 3.15880,0.1272830
 3.15992,0.1278061
 3.16104,0.1262620
 3.16216,0.1255462
 3.16328,0.1256066
 3.16440,0.1259327
 3.16552,0.1261562
 3.16664,0.1258821
 3.16776,0.1256169
 3.16888,0.1254356
 3.17000,0.1258337
 3.17112,0.1261722
 3.17224,0.1257551
 3.17336,0.1254854
 3.17448,0.1254320
 3.17560,0.1253648
 3.17672,0.1252845
 3.17784,0.1251728
 3.17896,0.1256839
 3.18008,0.1269095
 3.18120,0.1264076
 3.18232,0.1254711
 3.18344,0.1257512
 3.18456,0.1259634
 3.18568,0.1258315
 3.18680,0.1257741
 3.18792,0.1258285
 3.18904,0.1263108
 3.19016,0.1263589
 3.19128,0.1254183
 3.19240,0.1250697
 3.19352,0.1252596
 3.19464,0.1266649
 3.19576,0.1275078
 3.19688,0.1262324
 3.19800,0.1260600
 3.19912,0.1268896
 3.20024,0.1275485
 3.20136,0.1278632
 3.20248,0.1271710
 3.20360,0.1267824
 3.20472,0.1268361
 3.20584,0.1265094
 3.20696,0.1260330
 3.20808,0.1255639
 3.20920,0.1254142
 3.21032,0.1257983
 3.21144,0.1259169
 3.21256,0.1258931
 3.21368,0.1259401
 3.21480,0.1258422
 3.21592,0.1253621
 3.21704,0.1251712
 3.21816,0.1252398
 3.21928,0.1253900
 3.22040,0.1255723
 3.22152,0.1257832
 3.22264,0.1256985
 3.22376,0.1252554
 3.22488,0.1255369
 3.22600,0.1259918
 3.22712,0.1255818
 3.22824,0.1253766
 3.22936,0.1258516
 3.23048,0.1257467
 3.23160,0.1252657
 3.23272,0.1252402
 3.23384,0.1253620
 3.23496,0.1255756
 3.23608,0.1260358
 3.23720,0.1267372
 3.23832,0.1262601
 3.23944,0.1254719
 3.24056,0.1257477
 3.24168,0.1261819
 3.24280,0.1266061
 3.24392,0.1265867
 3.24504,0.1262304
 3.24616,0.1257095
 3.24728,0.1252691
 3.24840,0.1252630
 3.24952,0.1253507
 3.25064,0.1255066
 3.25176,0.1254687
 3.25288,0.1253583
 3.25400,0.1253760
 3.25512,0.1254214
 3.25624,0.1254778
 3.25736,0.1255552
 3.25848,0.1256299
 3.25960,0.1253816
 3.26072,0.1251604
 3.26184,0.1255460
 3.26296,0.1259432
 3.26408,0.1262297
 3.26520,0.1260643
 3.26632,0.1256354
 3.26744,0.1254330
 3.26856,0.1253254
 3.26968,0.1253448
 3.27080,0.1254575
 3.27192,0.1256687
 3.27304,0.1255129
 3.27416,0.1252568
 3.27528,0.1255770
 3.27640,0.1258828
 3.27752,0.1258441
 3.27864,0.1257554
 3.27976,0.1256380
 3.28088,0.1256108
 3.28200,0.1255762
 3.28312,0.1252851
 3.28424,0.1250867
 3.28536,0.1251963
 3.28648,0.1253722
 3.28760,0.1255727
 3.28872,0.1253867
 3.28984,0.1251426
 3.29096,0.1253003
 3.29208,0.1255282
 3.29320,0.1257851
 3.29432,0.1257614
 3.29544,0.1255140
 3.29656,0.1252932
 3.29768,0.1251180
 3.29880,0.1251133
 3.29992,0.1251882
 3.30104,0.1253755
 3.30216,0.1253542
 3.30328,0.1252201
 3.30440,0.1258077
 3.30552,0.1263886
 3.30664,0.1258491
 3.30776,0.1254938
 3.30888,0.1257797
 3.31000,0.1256477
 3.31112,0.1251908
 3.31224,0.1250825
 3.31336,0.1251603
 3.31448,0.1255807
 3.31560,0.1257589
 3.31672,0.1253313
 3.31784,0.1255182
 3.31896,0.1262017
 3.32008,0.1258870
 3.32120,0.1253186
 3.32232,0.1254150
 3.32344,0.1254947
 3.32456,0.1252902
 3.32568,0.1252065
 3.32680,0.1252563
 3.32792,0.1252623
 3.32904,0.1252415
 3.33016,0.1251690
 3.33128,0.1251962
 3.33240,0.1255342
 3.33352,0.1263072
 3.33464,0.1275905
 3.33576,0.1280631
 3.33688,0.1280517
 3.33800,0.1276114
 3.33912,0.1269685
 3.34024,0.1259654
 3.34136,0.1256275
 3.34248,0.1264296
 3.34360,0.1264369
 3.34472,0.1259610
 3.34584,0.1265625
 3.34696,0.1271771
 3.34808,0.1261720
 3.34920,0.1253698
 3.35032,0.1255028
 3.35144,0.1254284
 3.35256,0.1251359
 3.35368,0.1254695
 3.35480,0.1259679
 3.35592,0.1256466
 3.35704,0.1252608
 3.35816,0.1251991
 3.35928,0.1251738
 3.36040,0.1251732
 3.36152,0.1258018
 3.36264,0.1267312
 3.36376,0.1261183
 3.36488,0.1251878
 3.36600,0.1250948
 3.36712,0.1252927
 3.36824,0.1259039
 3.36936,0.1259269
 3.37048,0.1253017
 3.37160,0.1251070
 3.37272,0.1251219
 3.37384,0.1250908
 3.37496,0.1250558
 3.37608,0.1250474
 3.37720,0.1251842
 3.37832,0.1255898
 3.37944,0.1256953
 3.38056,0.1255662
 3.38168,0.1260540
 3.38280,0.1267100
 3.38392,0.1267307
 3.38504,0.1264840
 3.38616,0.1257677
 3.38728,0.1252660
 3.38840,0.1251787
 3.38952,0.1252648
 3.39064,0.1255240
 3.39176,0.1266176
 3.39288,0.1277203
 3.39400,0.1268355
 3.39512,0.1258087
 3.39624,0.1254662
 3.39736,0.1253348
 3.39848,0.1254562
 3.39960,0.1261365
 3.40072,0.1271484
 3.40184,0.1267366
 3.40296,0.1258663
 3.40408,0.1254845
 3.40520,0.1252356
 3.40632,0.1251229
 3.40744,0.1250603
 3.40856,0.1250628
 3.40968,0.1250644
 3.41080,0.1250642
 3.41192,0.1250564
 3.41304,0.1250476
 3.41416,0.1250546
 3.41528,0.1250614
 3.41640,0.1250551
 3.41752,0.1254896
 3.41864,0.1267582
 3.41976,0.1268038
 3.42088,0.1256915
 3.42200,0.1252263
 3.42312,0.1251027
 3.42424,0.1252607
 3.42536,0.1254704
 3.42648,0.1255919
 3.42760,0.1259302
 3.42872,0.1268075
 3.42984,0.1267738
 3.43096,0.1255815
 3.43208,0.1250941
 3.43320,0.1250534
 3.43432,0.1250374
 3.43544,0.1250999
 3.43656,0.1256071
 3.43768,0.1259570
 3.43880,0.1255368
 3.43992,0.1253281
 3.44104,0.1256006
 3.44216,0.1256860
 3.44328,0.1256034
 3.44440,0.1259434
 3.44552,0.1264142
 3.44664,0.1260351
 3.44776,0.1255069
 3.44888,0.1253916
 3.45000,0.1253341
 3.45112,0.1252753
 3.45224,0.1252157
 3.45336,0.1251555
 3.45448,0.1252355
 3.45560,0.1254190
 3.45672,0.1253822
 3.45784,0.1252713
 3.45896,0.1253816
 3.46008,0.1254776
 3.46120,0.1252460
 3.46232,0.1251035
 3.46344,0.1253064
 3.46456,0.1253605
 3.46568,0.1251653
 3.46680,0.1251260
 3.46792,0.1252145
 3.46904,0.1252747
 3.47016,0.1253140
 3.47128,0.1252731
 3.47240,0.1252063
 3.47352,0.1251130
 3.47464,0.1252639
 3.47576,0.1261420
 3.47688,0.1264286
 3.47800,0.1256335
 3.47912,0.1251808
 3.48024,0.1250702
 3.48136,0.1252473
 3.48248,0.1255449
 3.48360,0.1253777
 3.48472,0.1250991
 3.48584,0.1250483
 3.48696,0.1250625
 3.48808,0.1251648
 3.48920,0.1252515
 3.49032,0.1252871
 3.49144,0.1253100
 3.49256,0.1253186
 3.49368,0.1252646
 3.49480,0.1251813
 3.49592,0.1254928
 3.49704,0.1259397
 3.49816,0.1260441
 3.49928,0.1259802
 3.50040,0.1254916
 3.50152,0.1250648
 3.50264,0.1250345
 3.50376,0.1250309
 3.50488,0.1250227
 3.50600,0.1252706
 3.50712,0.1258128
 3.50824,0.1257317
 3.50936,0.1252411
 3.51048,0.1250803
 3.51160,0.1250571
 3.51272,0.1250390
 3.51384,0.1250431
 3.51496,0.1251619
 3.51608,0.1253275
 3.51720,0.1255921
 3.51832,0.1256709
 3.51944,0.1253424
 3.52056,0.1254046
 3.52168,0.1259955
 3.52280,0.1260195
 3.52392,0.1256122
 3.52504,0.1257742
 3.52616,0.1261550
 3.52728,0.1257356
 3.52840,0.1251424
 3.52952,0.1250799
 3.53064,0.1251122
 3.53176,0.1251080
 3.53288,0.1251042
 3.53400,0.1251132
 3.53512,0.1251031
 3.53624,0.1250584
 3.53736,0.1252342
 3.53848,0.1256515
 3.53960,0.1255710
 3.54072,0.1251580
 3.54184,0.1250517
 3.54296,0.1251097
 3.54408,0.1255058
 3.54520,0.1259155
 3.54632,0.1257122
 3.54744,0.1254655
 3.54856,0.1255403
 3.54968,0.1255449
 3.55080,0.1252437
 3.55192,0.1250712
 3.55304,0.1251813
 3.55416,0.1252005
 3.55528,0.1250975
 3.55640,0.1250441
 3.55752,0.1250353
 3.55864,0.1252293
 3.55976,0.1255068
 3.56088,0.1253714
 3.56200,0.1251392
 3.56312,0.1254024
 3.56424,0.1256898
 3.56536,0.1254236
 3.56648,0.1251570
 3.56760,0.1252224
 3.56872,0.1252605
 3.56984,0.1251433
 3.57096,0.1250554
 3.57208,0.1250334
 3.57320,0.1250327
 3.57432,0.1250562
 3.57544,0.1251844
 3.57656,0.1253928
 3.57768,0.1253396
 3.57880,0.1251551
 3.57992,0.1252933
 3.58104,0.1255258
 3.58216,0.1254121
 3.58328,0.1252182
 3.58440,0.1251262
 3.58552,0.1250625
 3.58664,0.1250411
 3.58776,0.1250443
 3.58888,0.1251108
 3.59000,0.1251393
 3.59112,0.1250690
 3.59224,0.1250213
 3.59336,0.1250179
 3.59448,0.1250299
 3.59560,0.1250590
 3.59672,0.1250557
 3.59784,0.1250266
 3.59896,0.1250212
 3.60008,0.1250299
 3.60120,0.1250449
 3.60232,0.1250601
 3.60344,0.1250440
 3.60456,0.1250289
 3.60568,0.1251052
 3.60680,0.1252133
 3.60792,0.1253855
 3.60904,0.1254988
 3.61016,0.1253257
 3.61128,0.1253280
 3.61240,0.1259551
 3.61352,0.1262150
 3.61464,0.1255460
 3.61576,0.1251256
 3.61688,0.1251869
 3.61800,0.1251867
 3.61912,0.1250998
 3.62024,0.1251364
 3.62136,0.1252850
 3.62248,0.1252877
 3.62360,0.1251935
 3.62472,0.1251875
 3.62584,0.1252315
 3.62696,0.1253688
 3.62808,0.1255154
 3.62920,0.1253291
 3.63032,0.1250685
 3.63144,0.1250185
 3.63256,0.1250342
 3.63368,0.1251558
 3.63480,0.1252514
 3.63592,0.1251429
 3.63704,0.1250738
 3.63816,0.1252380
 3.63928,0.1253463
 3.64040,0.1252396
 3.64152,0.1251709
 3.64264,0.1252139
 3.64376,0.1252004
 3.64488,0.1250827
 3.64600,0.1250167
 3.64712,0.1250221
 3.64824,0.1251295
 3.64936,0.1253416
 3.65048,0.1253602
 3.65160,0.1252249
 3.65272,0.1251581
 3.65384,0.1251346
 3.65496,0.1250970
 3.65608,0.1250531
 3.65720,0.1250291
 3.65832,0.1250162
 3.65944,0.1250451
 3.66056,0.1250825
 3.66168,0.1250633
 3.66280,0.1250339
 3.66392,0.1250434
 3.66504,0.1250559
 3.66616,0.1250352
 3.66728,0.1250226
 3.66840,0.1250801
 3.66952,0.1251241
 3.67064,0.1250752
 3.67176,0.1250314
 3.67288,0.1250362
 3.67400,0.1250400
 3.67512,0.1250303
 3.67624,0.1251406
 3.67736,0.1255290
 3.67848,0.1256636
 3.67960,0.1252827
 3.68072,0.1250982
 3.68184,0.1252578
 3.68296,0.1252874
 3.68408,0.1251305
 3.68520,0.1251026
 3.68632,0.1252242
 3.68744,0.1253608
 3.68856,0.1255112
 3.68968,0.1254419
 3.69080,0.1251980
 3.69192,0.1250765
 3.69304,0.1250384
 3.69416,0.1250245
 3.69528,0.1250256
 3.69640,0.1250651
 3.69752,0.1251216
 3.69864,0.1251172
 3.69976,0.1250863
 3.70088,0.1250651
 3.70200,0.1250480
 3.70312,0.1250359
 3.70424,0.1250269
 3.70536,0.1250368
 3.70648,0.1250597
 3.70760,0.1251563
 3.70872,0.1252508
 3.70984,0.1251619
 3.71096,0.1250541
 3.71208,0.1251195
 3.71320,0.1252221
 3.71432,0.1253394
 3.71544,0.1254230
 3.71656,0.1253004
 3.71768,0.1251580
 3.71880,0.1250805
 3.71992,0.1250306
 3.72104,0.1250636
 3.72216,0.1250962
 3.72328,0.1250858
 3.72440,0.1250761
 3.72552,0.1250853
 3.72664,0.1250845
 3.72776,0.1250438
 3.72888,0.1250110
 3.73000,0.1250124
 3.73112,0.1250284
 3.73224,0.1250786
 3.73336,0.1251176
 3.73448,0.1251206
 3.73560,0.1251069
 3.73672,0.1250573
 3.73784,0.1250361
 3.73896,0.1250840
 3.74008,0.1251180
 3.74120,0.1251161
 3.74232,0.1250983
 3.74344,0.1250502
 3.74456,0.1250742
 3.74568,0.1252379
 3.74680,0.1252948
 3.74792,0.1251499
 3.74904,0.1250653
 3.75016,0.1250934
 3.75128,0.1253837
 3.75240,0.1261077
 3.75352,0.1262764
 3.75464,0.1255505
 3.75576,0.1250859
 3.75688,0.1250421
 3.75800,0.1250357
 3.75912,0.1250781
 3.76024,0.1250858
 3.76136,0.1250425
 3.76248,0.1250480
 3.76360,0.1251224
 3.76472,0.1251422
 3.76584,0.1250859
 3.76696,0.1250485
 3.76808,0.1250371
 3.76920,0.1250511
 3.77032,0.1250989
 3.77144,0.1251042
 3.77256,0.1250524
 3.77368,0.1250528
 3.77480,0.1251232
 3.77592,0.1251372
 3.77704,0.1250754
 3.77816,0.1250490
 3.77928,0.1250704
 3.78040,0.1250964
 3.78152,0.1251285
 3.78264,0.1251208
 3.78376,0.1250591
 3.78488,0.1250321
 3.78600,0.1250533
 3.78712,0.1251141
 3.78824,0.1252306
 3.78936,0.1252544
 3.79048,0.1251433
 3.79160,0.1250779
 3.79272,0.1250824
 3.79384,0.1250782
 3.79496,0.1250597
 3.79608,0.1250461
 3.79720,0.1250405
 3.79832,0.1250641
 3.79944,0.1251361
 3.80056,0.1251597
 3.80168,0.1250975
 3.80280,0.1250505
 3.80392,0.1250346
 3.80504,0.1250312
 3.80616,0.1250502
 3.80728,0.1250552
 3.80840,0.1250305
 3.80952,0.1250311
 3.81064,0.1250887
 3.81176,0.1251128
 3.81288,0.1250540
 3.81400,0.1250095
 3.81512,0.1250097
 3.81624,0.1250155
 3.81736,0.1250305
 3.81848,0.1250521
 3.81960,0.1250912
 3.82072,0.1251106
 3.82184,0.1250642
 3.82296,0.1250266
 3.82408,0.1250357
 3.82520,0.1250465
 3.82632,0.1250495
 3.82744,0.1250765
 3.82856,0.1252077
 3.82968,0.1253024
 3.83080,0.1251739
 3.83192,0.1250390
 3.83304,0.1250179
 3.83416,0.1250166
 3.83528,0.1250348
 3.83640,0.1250517
 3.83752,0.1250376
 3.83864,0.1250212
 3.83976,0.1250310
 3.84088,0.1250476
 3.84200,0.1250759
 3.84312,0.1251034
 3.84424,0.1250935
 3.84536,0.1250731
 3.84648,0.1250479
 3.84760,0.1250231
 3.84872,0.1250289
 3.84984,0.1250446
 3.85096,0.1250394
 3.85208,0.1250262
 3.85320,0.1250301
 3.85432,0.1250418
 3.85544,0.1250476
 3.85656,0.1250501
 3.85768,0.1250452
 3.85880,0.1250357
 3.85992,0.1250381
 3.86104,0.1250492
 3.86216,0.1250476
 3.86328,0.1250349
 3.86440,0.1250364
 3.86552,0.1250527
 3.86664,0.1250631
 3.86776,0.1250663
 3.86888,0.1250979
 3.87000,0.1251720
 3.87112,0.1251921
 3.87224,0.1251141
 3.87336,0.1250550
 3.87448,0.1250397
 3.87560,0.1250732
 3.87672,0.1252260
 3.87784,0.1253617
 3.87896,0.1254281
 3.88008,0.1254328
 3.88120,0.1252232
 3.88232,0.1250311
 3.88344,0.1250123
 3.88456,0.1250205
 3.88568,0.1250603
 3.88680,0.1250989
 3.88792,0.1250928
 3.88904,0.1250909
 3.89016,0.1252142
 3.89128,0.1253525
 3.89240,0.1252767
 3.89352,0.1251379
 3.89464,0.1250667
 3.89576,0.1250229
 3.89688,0.1250251
 3.89800,0.1250491
 3.89912,0.1250651
 3.90024,0.1250763
 3.90136,0.1250697
 3.90248,0.1250498
 3.90360,0.1250378
 3.90472,0.1250335
 3.90584,0.1250536
 3.90696,0.1251049
 3.90808,0.1251159
 3.90920,0.1250617
 3.91032,0.1250380
 3.91144,0.1250792
 3.91256,0.1250999
 3.91368,0.1250602
 3.91480,0.1250302
 3.91592,0.1250447
 3.91704,0.1250556
 3.91816,0.1250328
 3.91928,0.1250099
 3.92040,0.1250109
 3.92152,0.1250160
 3.92264,0.1250204
 3.92376,0.1250242
 3.92488,0.1250229
 3.92600,0.1250205
 3.92712,0.1250244
 3.92824,0.1250306
 3.92936,0.1250294
 3.93048,0.1250243
 3.93160,0.1250191
 3.93272,0.1250139
 3.93384,0.1250142
 3.93496,0.1250196
 3.93608,0.1250190
 3.93720,0.1250106
 3.93832,0.1250215
 3.93944,0.1250666
 3.94056,0.1250862
 3.94168,0.1250441
 3.94280,0.1250213
 3.94392,0.1250696
 3.94504,0.1251332
 3.94616,0.1252412
 3.94728,0.1253213
 3.94840,0.1251921
 3.94952,0.1250392
 3.95064,0.1250114
 3.95176,0.1250160
 3.95288,0.1250400
 3.95400,0.1250701
 3.95512,0.1250865
 3.95624,0.1250959
 3.95736,0.1250762
 3.95848,0.1250371
 3.95960,0.1250147
 3.96072,0.1250082
 3.96184,0.1250131
 3.96296,0.1250336
 3.96408,0.1250660
 3.96520,0.1251214
 3.96632,0.1251458
 3.96744,0.1250814
 3.96856,0.1250263
 3.96968,0.1250291
 3.97080,0.1250350
 3.97192,0.1250236
 3.97304,0.1250123
 3.97416,0.1250281
 3.97528,0.1250488
 3.97640,0.1250465
 3.97752,0.1250370
 3.97864,0.1250609
 3.97976,0.1251012
 3.98088,0.1251387
 3.98200,0.1251739
 3.98312,0.1251519
 3.98424,0.1250650
 3.98536,0.1250277
 3.98648,0.1250735
 3.98760,0.1250977
 3.98872,0.1250654
 3.98984,0.1250692
 3.99096,0.1252138
 3.99208,0.1253389
 3.99320,0.1252830
 3.99432,0.1252068
 3.99544,0.1252013
 3.99656,0.1252090
 3.99768,0.1251500
 3.99880,0.1250682
 3.99992,0.1250451
 4.00104,0.1250541
 4.00216,0.1250483
 4.00328,0.1250300
 4.00440,0.1251075
 4.00552,0.1253108
 4.00664,0.1253810
 4.00776,0.1251790
 4.00888,0.1250189
 4.01000,0.1250146
 4.01112,0.1250213
 4.01224,0.1250272
 4.01336,0.1250312
 4.01448,0.1250211
 4.01560,0.1250086
 4.01672,0.1250076
 4.01784,0.1250114
 4.01896,0.1250542
 4.02008,0.1251178
 4.02120,0.1251145
 4.02232,0.1250548
 4.02344,0.1250270
 4.02456,0.1250440
 4.02568,0.1251008
 4.02680,0.1252456
 4.02792,0.1253303
 4.02904,0.1251913
 4.03016,0.1250590
 4.03128,0.1250784
 4.03240,0.1251172
 4.03352,0.1251028
 4.03464,0.1250742
 4.03576,0.1250477
 4.03688,0.1250226
 4.03800,0.1250605
 4.03912,0.1251427
 4.04024,0.1251546
 4.04136,0.1250841
 4.04248,0.1250413
 4.04360,0.1250525
 4.04472,0.1250579
 4.04584,0.1250404
 4.04696,0.1250254
 4.04808,0.1250324
 4.04920,0.1250415
 4.05032,0.1250394
 4.05144,0.1250341
 4.05256,0.1250247
 4.05368,0.1250142
 4.05480,0.1250878
 4.05592,0.1252214
 4.05704,0.1252371
 4.05816,0.1251053
 4.05928,0.1251890
 4.06040,0.1257329
 4.06152,0.1260658
 4.06264,0.1255870
 4.06376,0.1251019
 4.06488,0.1250369
 4.06600,0.1250442
 4.06712,0.1250331
 4.06824,0.1250172
 4.06936,0.1250440
 4.07048,0.1250930
 4.07160,0.1251627
 4.07272,0.1252516
 4.07384,0.1252593
 4.07496,0.1251315
 4.07608,0.1250317
 4.07720,0.1250178
 4.07832,0.1250138
 4.07944,0.1250330
 4.08056,0.1250657
 4.08168,0.1252019
 4.08280,0.1253568
 4.08392,0.1252810
 4.08504,0.1250991
 4.08616,0.1250335
 4.08728,0.1250625
 4.08840,0.1250705
 4.08952,0.1250467
 4.09064,0.1250471
 4.09176,0.1251141
 4.09288,0.1251653
 4.09400,0.1251209
 4.09512,0.1250664
 4.09624,0.1250377
 4.09736,0.1250170
 4.09848,0.1250353
 4.09960,0.1250719
 4.10072,0.1250712
 4.10184,0.1250387
 4.10296,0.1250201
 4.10408,0.1250245
 4.10520,0.1250267
 4.10632,0.1250216
 4.10744,0.1250439
 4.10856,0.1252249
 4.10968,0.1254091
 4.11080,0.1253130
 4.11192,0.1251334
 4.11304,0.1250664
 4.11416,0.1250628
 4.11528,0.1251681
 4.11640,0.1253921
 4.11752,0.1255416
 4.11864,0.1255369
 4.11976,0.1255459
 4.12088,0.1256268
 4.12200,0.1256933
 4.12312,0.1255883
 4.12424,0.1254477
 4.12536,0.1253371
 4.12648,0.1252389
 4.12760,0.1251478
 4.12872,0.1250622
 4.12984,0.1250267
 4.13096,0.1250711
 4.13208,0.1250997
 4.13320,0.1250773
 4.13432,0.1250690
 4.13544,0.1251679
 4.13656,0.1252735
 4.13768,0.1252001
 4.13880,0.1250668
 4.13992,0.1250501
 4.14104,0.1251113
 4.14216,0.1251303
 4.14328,0.1250919
 4.14440,0.1251962
 4.14552,0.1256831
 4.14664,0.1260476
 4.14776,0.1256377
 4.14888,0.1251405
 4.15000,0.1250188
 4.15112,0.1250140
 4.15224,0.1250252
 4.15336,0.1250466
 4.15448,0.1251309
 4.15560,0.1252979
 4.15672,0.1253745
 4.15784,0.1252080
 4.15896,0.1251186
 4.16008,0.1255261
 4.16120,0.1259654
 4.16232,0.1257795
 4.16344,0.1253921
 4.16456,0.1252029
 4.16568,0.1251442
 4.16680,0.1250925
 4.16792,0.1250505
 4.16904,0.1251175
 4.17016,0.1255041
 4.17128,0.1258197
 4.17240,0.1255559
 4.17352,0.1252219
 4.17464,0.1254822
 4.17576,0.1259661
 4.17688,0.1259037
 4.17800,0.1254045
 4.17912,0.1250821
 4.18024,0.1250686
 4.18136,0.1250632
 4.18248,0.1250665
 4.18360,0.1250694
 4.18472,0.1250620
 4.18584,0.1250540
 4.18696,0.1251023
 4.18808,0.1251779
 4.18920,0.1251804
 4.19032,0.1251032
 4.19144,0.1250589
 4.19256,0.1250927
 4.19368,0.1251585
 4.19480,0.1253709
 4.19592,0.1255781
 4.19704,0.1254168
 4.19816,0.1251366
 4.19928,0.1250277
 4.20040,0.1250409
 4.20152,0.1251263
 4.20264,0.1253303
 4.20376,0.1255938
 4.20488,0.1260646
 4.20600,0.1264542
 4.20712,0.1259664
 4.20824,0.1252860
 4.20936,0.1251134
 4.21048,0.1252058
 4.21160,0.1252208
 4.21272,0.1251405
 4.21384,0.1250785
 4.21496,0.1250679
 4.21608,0.1251001
 4.21720,0.1253900
 4.21832,0.1257073
 4.21944,0.1256161
 4.22056,0.1253578
 4.22168,0.1252088
 4.22280,0.1251635
 4.22392,0.1251466
 4.22504,0.1251931
 4.22616,0.1252207
 4.22728,0.1251377
 4.22840,0.1250491
 4.22952,0.1251300
 4.23064,0.1252701
 4.23176,0.1252545
 4.23288,0.1251124
 4.23400,0.1250386
 4.23512,0.1250998
 4.23624,0.1251498
 4.23736,0.1251308
 4.23848,0.1251253
 4.23960,0.1254204
 4.24072,0.1258091
 4.24184,0.1259622
 4.24296,0.1259388
 4.24408,0.1258564
 4.24520,0.1256624
 4.24632,0.1254661
 4.24744,0.1252712
 4.24856,0.1251127
 4.24968,0.1254443
 4.25080,0.1259281
 4.25192,0.1259080
 4.25304,0.1255107
 4.25416,0.1252267
 4.25528,0.1251600
 4.25640,0.1251236
 4.25752,0.1252037
 4.25864,0.1253009
 4.25976,0.1254335
 4.26088,0.1255773
 4.26200,0.1255466
 4.26312,0.1253740
 4.26424,0.1252477
 4.26536,0.1252184
 4.26648,0.1252092
 4.26760,0.1252882
 4.26872,0.1253764
 4.26984,0.1253992
 4.27096,0.1253972
 4.27208,0.1253637
 4.27320,0.1252997
 4.27432,0.1252329
 4.27544,0.1251591
 4.27656,0.1251069
 4.27768,0.1251967
 4.27880,0.1253111
 4.27992,0.1254049
 4.28104,0.1254892
 4.28216,0.1254515
 4.28328,0.1252640
 4.28440,0.1251130
 4.28552,0.1250773
 4.28664,0.1250583
 4.28776,0.1251163
 4.28888,0.1251915
 4.29000,0.1251664
 4.29112,0.1250804
 4.29224,0.1250777
 4.29336,0.1252162
 4.29448,0.1253708
 4.29560,0.1255848
 4.29672,0.1257839
 4.29784,0.1256555
 4.29896,0.1254175
 4.30008,0.1255809
 4.30120,0.1260993
 4.30232,0.1263195
 4.30344,0.1258103
 4.30456,0.1253917
 4.30568,0.1258163
 4.30680,0.1263806
 4.30792,0.1262355
 4.30904,0.1257319
 4.31016,0.1253804
 4.31128,0.1252456
 4.31240,0.1251325
 4.31352,0.1250962
 4.31464,0.1250777
 4.31576,0.1251928
 4.31688,0.1253494
 4.31800,0.1257532
 4.31912,0.1263615
 4.32024,0.1266772
 4.32136,0.1262994
 4.32248,0.1260022
 4.32360,0.1264558
 4.32472,0.1270268
 4.32584,0.1266309
 4.32696,0.1257304
 4.32808,0.1252229
 4.32920,0.1253210
 4.33032,0.1253881
 4.33144,0.1252938
 4.33256,0.1251869
 4.33368,0.1251735
 4.33480,0.1251928
 4.33592,0.1251934
 4.33704,0.1251753
 4.33816,0.1251732
 4.33928,0.1252176
 4.34040,0.1252585
 4.34152,0.1252417
 4.34264,0.1252116
 4.34376,0.1252470
 4.34488,0.1253278
 4.34600,0.1253663
 4.34712,0.1253156
 4.34824,0.1252848
 4.34936,0.1253941
 4.35048,0.1255236
 4.35160,0.1255025
 4.35272,0.1254052
 4.35384,0.1252993
 4.35496,0.1251801
 4.35608,0.1250885
 4.35720,0.1251222
 4.35832,0.1251913
 4.35944,0.1256573
 4.36056,0.1262760
 4.36168,0.1264001
 4.36280,0.1259362
 4.36392,0.1258488
 4.36504,0.1270738
 4.36616,0.1282737
 4.36728,0.1276618
 4.36840,0.1264872
 4.36952,0.1259520
 4.37064,0.1260122
 4.37176,0.1259530
 4.37288,0.1255488
 4.37400,0.1251646
 4.37512,0.1251984
 4.37624,0.1253403
 4.37736,0.1256142
 4.37848,0.1259901
 4.37960,0.1261757
 4.38072,0.1258888
 4.38184,0.1255981
 4.38296,0.1254592
 4.38408,0.1253543
 4.38520,0.1252674
 4.38632,0.1251929
 4.38744,0.1251826
 4.38856,0.1253156
 4.38968,0.1254284
 4.39080,0.1253530
 4.39192,0.1252430
 4.39304,0.1253958
 4.39416,0.1257135
 4.39528,0.1258771
 4.39640,0.1257219
 4.39752,0.1255787
 4.39864,0.1255841
 4.39976,0.1256160
 4.40088,0.1255482
 4.40200,0.1254198
 4.40312,0.1253817
 4.40424,0.1255279
 4.40536,0.1256974
 4.40648,0.1259875
 4.40760,0.1262988
 4.40872,0.1265364
 4.40984,0.1267291
 4.41096,0.1266733
 4.41208,0.1260955
 4.41320,0.1255593
 4.41432,0.1254268
 4.41544,0.1253719
 4.41656,0.1253361
 4.41768,0.1253122
 4.41880,0.1252866
 4.41992,0.1252571
 4.42104,0.1252516
 4.42216,0.1254342
 4.42328,0.1256558
 4.42440,0.1257636
 4.42552,0.1257914
 4.42664,0.1257917
 4.42776,0.1257244
 4.42888,0.1256540
 4.43000,0.1255832
 4.43112,0.1255125
 4.43224,0.1254919
 4.43336,0.1255120
 4.43448,0.1255109
 4.43560,0.1254492
 4.43672,0.1253959
 4.43784,0.1254827
 4.43896,0.1256090
 4.44008,0.1255778
 4.44120,0.1253918
 4.44232,0.1253097
 4.44344,0.1255884
 4.44456,0.1258750
 4.44568,0.1257988
 4.44680,0.1255971
 4.44792,0.1255168
 4.44904,0.1255884
 4.45016,0.1256309
 4.45128,0.1255453
 4.45240,0.1254546
 4.45352,0.1256169
 4.45464,0.1258910
 4.45576,0.1259163
 4.45688,0.1255268
 4.45800,0.1251864
 4.45912,0.1251736
 4.46024,0.1252138
 4.46136,0.1252111
 4.46248,0.1251827
 4.46360,0.1256840
 4.46472,0.1273858
 4.46584,0.1288380
 4.46696,0.1276895
 4.46808,0.1259372
 4.46920,0.1272025
 4.47032,0.1310480
 4.47144,0.1331742
 4.47256,0.1297707
 4.47368,0.1261236
 4.47480,0.1251737
 4.47592,0.1251426
 4.47704,0.1251512
 4.47816,0.1252122
 4.47928,0.1252924
 4.48040,0.1254634
 4.48152,0.1256420
 4.48264,0.1256579
 4.48376,0.1255914
 4.48488,0.1255114
 4.48600,0.1254044
 4.48712,0.1253158
 4.48824,0.1253835
 4.48936,0.1254865
 4.49048,0.1260305
 4.49160,0.1269330
 4.49272,0.1274778
 4.49384,0.1268726
 4.49496,0.1261923
 4.49608,0.1257102
 4.49720,0.1252989
 4.49832,0.1251168
 4.49944,0.1252613
 4.50056,0.1253752
 4.50168,0.1253077
 4.50280,0.1252135
 4.50392,0.1251764
 4.50504,0.1251737
 4.50616,0.1252394
 4.50728,0.1254723
 4.50840,0.1256973
 4.50952,0.1257486
 4.51064,0.1257515
 4.51176,0.1275056
 4.51288,0.1312044
 4.51400,0.1335936
 4.51512,0.1302884
 4.51624,0.1264002
 4.51736,0.1252697
 4.51848,0.1255135
 4.51960,0.1262645
 4.52072,0.1280804
 4.52184,0.1296240
 4.52296,0.1282998
 4.52408,0.1262717
 4.52520,0.1252638
 4.52632,0.1252579
 4.52744,0.1252533
 4.52856,0.1252540
 4.52968,0.1252729
 4.53080,0.1258455
 4.53192,0.1266815
 4.53304,0.1269672
 4.53416,0.1261316
 4.53528,0.1253405
 4.53640,0.1252597
 4.53752,0.1253503
 4.53864,0.1253311
 4.53976,0.1251998
 4.54088,0.1250915
 4.54200,0.1250807
 4.54312,0.1250830
 4.54424,0.1251620
 4.54536,0.1252804
 4.54648,0.1253615
 4.54760,0.1253597
 4.54872,0.1253572
 4.54984,0.1253808
 4.55096,0.1254114
 4.55208,0.1255143
 4.55320,0.1257029
 4.55432,0.1258963
 4.55544,0.1261132
 4.55656,0.1263272
 4.55768,0.1260669
 4.55880,0.1255086
 4.55992,0.1254478
 4.56104,0.1267600
 4.56216,0.1280440
 4.56328,0.1275728
 4.56440,0.1264851
 4.56552,0.1259935
 4.56664,0.1264509
 4.56776,0.1268284
 4.56888,0.1265410
 4.57000,0.1261218
 4.57112,0.1257360
 4.57224,0.1253794
 4.57336,0.1251025
 4.57448,0.1251396
 4.57560,0.1252135
 4.57672,0.1254621
 4.57784,0.1257991
 4.57896,0.1259252
 4.58008,0.1255587
 4.58120,0.1252165
 4.58232,0.1254470
 4.58344,0.1258527
 4.58456,0.1259294
 4.58568,0.1255376
 4.58680,0.1251839
 4.58792,0.1251029
 4.58904,0.1250719
 4.59016,0.1251368
 4.59128,0.1252810
 4.59240,0.1253906
 4.59352,0.1253635
 4.59464,0.1253239
 4.59576,0.1253420
 4.59688,0.1253903
 4.59800,0.1254290
 4.59912,0.1254438
 4.60024,0.1254697
 4.60136,0.1256807
 4.60248,0.1259538
 4.60360,0.1259674
 4.60472,0.1255550
 4.60584,0.1252410
 4.60696,0.1257744
 4.60808,0.1264934
 4.60920,0.1265021
 4.61032,0.1257614
 4.61144,0.1253707
 4.61256,0.1267460
 4.61368,0.1283530
 4.61480,0.1283503
 4.61592,0.1272358
 4.61704,0.1264392
 4.61816,0.1267299
 4.61928,0.1271552
 4.62040,0.1289594
 4.62152,0.1314196
 4.62264,0.1322287
 4.62376,0.1291205
 4.62488,0.1259938
 4.62600,0.1251561
 4.62712,0.1250988
 4.62824,0.1250575
 4.62936,0.1250436
 4.63048,0.1250351
 4.63160,0.1250729
 4.63272,0.1251219
 4.63384,0.1260810
 4.63496,0.1281584
 4.63608,0.1297563
 4.63720,0.1283569
 4.63832,0.1264412
 4.63944,0.1254350
 4.64056,0.1252340
 4.64168,0.1252137
 4.64280,0.1260049
 4.64392,0.1268991
 4.64504,0.1282692
 4.64616,0.1299528
 4.64728,0.1307355
 4.64840,0.1284832
 4.64952,0.1260394
 4.65064,0.1255622
 4.65176,0.1260645
 4.65288,0.1262835
 4.65400,0.1257556
 4.65512,0.1252546
 4.65624,0.1261673
 4.65736,0.1276492
 4.65848,0.1282350
 4.65960,0.1269092
 4.66072,0.1255877
 4.66184,0.1252061
 4.66296,0.1251259
 4.66408,0.1250737
 4.66520,0.1250698
 4.66632,0.1250746
 4.66744,0.1251608
 4.66856,0.1252683
 4.66968,0.1260470
 4.67080,0.1277819
 4.67192,0.1292606
 4.67304,0.1286057
 4.67416,0.1274837
 4.67528,0.1266616
 4.67640,0.1261964
 4.67752,0.1257559
 4.67864,0.1254773
 4.67976,0.1252286
 4.68088,0.1254501
 4.68200,0.1261410
 4.68312,0.1266475
 4.68424,0.1261218
 4.68536,0.1254371
 4.68648,0.1255731
 4.68760,0.1264234
 4.68872,0.1270870
 4.68984,0.1268246
 4.69096,0.1264362
 4.69208,0.1260391
 4.69320,0.1256352
 4.69432,0.1252843
 4.69544,0.1251709
 4.69656,0.1250866
 4.69768,0.1250498
 4.69880,0.1250469
 4.69992,0.1254024
 4.70104,0.1272402
 4.70216,0.1292177
 4.70328,0.1289265
 4.70440,0.1271175
 4.70552,0.1258487
 4.70664,0.1266750
 4.70776,0.1276948
 4.70888,0.1273738
 4.71000,0.1261976
 4.71112,0.1252580
 4.71224,0.1252082
 4.71336,0.1252424
 4.71448,0.1252007
 4.71560,0.1251120
 4.71672,0.1252389
 4.71784,0.1261628
 4.71896,0.1271455
 4.72008,0.1269676
 4.72120,0.1260723
 4.72232,0.1253345
 4.72344,0.1251788
 4.72456,0.1250785
 4.72568,0.1250468
 4.72680,0.1250584
 4.72792,0.1252708
 4.72904,0.1262504
 4.73016,0.1272919
 4.73128,0.1270798
 4.73240,0.1260423
 4.73352,0.1253206
 4.73464,0.1258622
 4.73576,0.1265305
 4.73688,0.1265837
 4.73800,0.1262119
 4.73912,0.1258622
 4.74024,0.1256079
 4.74136,0.1253653
 4.74248,0.1252447
 4.74360,0.1252172
 4.74472,0.1251834
 4.74584,0.1251202
 4.74696,0.1250538
 4.74808,0.1252853
 4.74920,0.1257672
 4.75032,0.1261265
 4.75144,0.1258245
 4.75256,0.1254237
 4.75368,0.1252039
 4.75480,0.1251588
 4.75592,0.1251151
 4.75704,0.1250798
 4.75816,0.1250460
 4.75928,0.1257493
 4.76040,0.1272708
 4.76152,0.1284945
 4.76264,0.1274820
 4.76376,0.1260110
 4.76488,0.1251515
 4.76600,0.1251082
 4.76712,0.1252110
 4.76824,0.1266434
 4.76936,0.1284023
 4.77048,0.1300717
 4.77160,0.1315966
 4.77272,0.1328389
 4.77384,0.1306342
 4.77496,0.1274067
 4.77608,0.1256824
 4.77720,0.1269294
 4.77832,0.1281504
 4.77944,0.1274846
 4.78056,0.1261246
 4.78168,0.1252037
 4.78280,0.1253734
 4.78392,0.1255852
 4.78504,0.1255265
 4.78616,0.1253410
 4.78728,0.1256231
 4.78840,0.1273857
 4.78952,0.1292219
 4.79064,0.1287745
 4.79176,0.1269593
 4.79288,0.1255708
 4.79400,0.1259191
 4.79512,0.1264507
 4.79624,0.1263426
 4.79736,0.1257230
 4.79848,0.1252069
 4.79960,0.1252677
 4.80072,0.1254180
 4.80184,0.1254192
 4.80296,0.1252576
 4.80408,0.1251222
 4.80520,0.1252002
 4.80632,0.1253249
 4.80744,0.1253525
 4.80856,0.1252304
 4.80968,0.1251150
 4.81080,0.1251088
 4.81192,0.1251360
 4.81304,0.1251925
 4.81416,0.1253126
 4.81528,0.1254523
 4.81640,0.1260288
 4.81752,0.1267952
 4.81864,0.1271994
 4.81976,0.1264747
 4.82088,0.1256748
 4.82200,0.1253386
 4.82312,0.1252936
 4.82424,0.1252448
 4.82536,0.1251786
 4.82648,0.1251103
 4.82760,0.1251160
 4.82872,0.1251909
 4.82984,0.1254066
 4.83096,0.1266391
 4.83208,0.1280729
 4.83320,0.1287120
 4.83432,0.1281825
 4.83544,0.1276228
 4.83656,0.1268062
 4.83768,0.1259109
 4.83880,0.1257684
 4.83992,0.1273313
 4.84104,0.1288922
 4.84216,0.1283290
 4.84328,0.1267546
 4.84440,0.1254781
 4.84552,0.1252701
 4.84664,0.1251600
 4.84776,0.1254808
 4.84888,0.1261240
 4.85000,0.1270430
 4.85112,0.1295864
 4.85224,0.1323955
 4.85336,0.1326603
 4.85448,0.1296381
 4.85560,0.1268342
 4.85672,0.1266158
 4.85784,0.1271183
 4.85896,0.1271726
 4.86008,0.1262566
 4.86120,0.1253874
 4.86232,0.1269461
 4.86344,0.1296424
 4.86456,0.1312605
 4.86568,0.1289531
 4.86680,0.1262907
 4.86792,0.1251808
 4.86904,0.1253332
 4.87016,0.1254525
 4.87128,0.1253502
 4.87240,0.1252069
 4.87352,0.1251999
 4.87464,0.1253967
 4.87576,0.1255768
 4.87688,0.1254846
 4.87800,0.1253024
 4.87912,0.1252184
 4.88024,0.1253977
 4.88136,0.1255901
 4.88248,0.1257038
 4.88360,0.1257712
 4.88472,0.1258085
 4.88584,0.1256992
 4.88696,0.1255704
 4.88808,0.1254149
 4.88920,0.1252288
 4.89032,0.1250973
 4.89144,0.1255365
 4.89256,0.1261274
 4.89368,0.1263790
 4.89480,0.1258731
 4.89592,0.1253683
 4.89704,0.1259426
 4.89816,0.1270628
 4.89928,0.1278316
 4.90040,0.1270998
 4.90152,0.1261974
 4.90264,0.1256046
 4.90376,0.1253270
 4.90488,0.1250714
 4.90600,0.1250234
 4.90712,0.1250264
 4.90824,0.1250434
 4.90936,0.1250899
 4.91048,0.1251356
 4.91160,0.1251217
 4.91272,0.1250781
 4.91384,0.1251181
 4.91496,0.1255098
 4.91608,0.1259407
 4.91720,0.1259811
 4.91832,0.1256101
 4.91944,0.1252608
 4.92056,0.1251331
 4.92168,0.1250634
 4.92280,0.1250269
 4.92392,0.1250660
 4.92504,0.1251122
 4.92616,0.1253611
 4.92728,0.1257207
 4.92840,0.1259687
 4.92952,0.1256640
 4.93064,0.1252840
 4.93176,0.1250727
 4.93288,0.1250719
 4.93400,0.1250721
 4.93512,0.1250766
 4.93624,0.1250824
 4.93736,0.1251512
 4.93848,0.1253963
 4.93960,0.1256496
 4.94072,0.1255969
 4.94184,0.1253294
 4.94296,0.1253007
 4.94408,0.1268699
 4.94520,0.1287346
 4.94632,0.1292453
 4.94744,0.1274623
 4.94856,0.1257008
 4.94968,0.1254236
 4.95080,0.1257919
 4.95192,0.1262638
 4.95304,0.1271508
 4.95416,0.1280812
 4.95528,0.1280753
 4.95640,0.1270649
 4.95752,0.1261172
 4.95864,0.1258898
 4.95976,0.1258662
 4.96088,0.1257909
 4.96200,0.1255813
 4.96312,0.1253683
 4.96424,0.1255778
 4.96536,0.1260792
 4.96648,0.1264690
 4.96760,0.1260994
 4.96872,0.1255869
 4.96984,0.1253199
 4.97096,0.1255026
 4.97208,0.1256872
 4.97320,0.1256212
 4.97432,0.1254342
 4.97544,0.1255741
 4.97656,0.1272298
 4.97768,0.1290760
 4.97880,0.1294787
 4.97992,0.1279848
 4.98104,0.1265362
 4.98216,0.1259912
 4.98328,0.1257683
 4.98440,0.1255918
 4.98552,0.1255763
 4.98664,0.1255746
 4.98776,0.1259790
 4.98888,0.1267824
 4.99000,0.1274918
 4.99112,0.1271512
 4.99224,0.1265180
 4.99336,0.1262889
 4.99448,0.1271579
 4.99560,0.1280879
 4.99672,0.1288260
 4.99784,0.1294205
 4.99896,0.1299645
 5.00008,0.1300911
 5.00120,0.1301246
 5.00232,0.1297433
 5.00344,0.1284224
 5.00456,0.1270742
 5.00568,0.1263939
 5.00680,0.1261332
 5.00792,0.1258871
 5.00904,0.1257402
 5.01016,0.1256121
 5.01128,0.1254691
 5.01240,0.1252967
 5.01352,0.1251309
 5.01464,0.1253274
 5.01576,0.1257248
 5.01688,0.1261122
 5.01800,0.1264398
 5.01912,0.1267576
 5.02024,0.1267603
 5.02136,0.1261954
 5.02248,0.1256442
 5.02360,0.1261205
 5.02472,0.1271326
 5.02584,0.1278620
 5.02696,0.1270108
 5.02808,0.1259146
 5.02920,0.1253562
 5.03032,0.1257088
 5.03144,0.1260849
 5.03256,0.1267823
 5.03368,0.1276422
 5.03480,0.1282101
 5.03592,0.1271736
 5.03704,0.1258930
 5.03816,0.1250816
 5.03928,0.1250777
 5.04040,0.1250895
 5.04152,0.1251684
 5.04264,0.1252819
 5.04376,0.1253660
 5.04488,0.1252833
 5.04600,0.1251743
 5.04712,0.1250960
 5.04824,0.1250737
 5.04936,0.1250552
 5.04996,0.1250789
