Zini,Age,Mini,Mass,logL,logTe,logg,label,McoreTP,C_O,period0,period1,pmode,Mloss,tau1m,X,Y,Xc,Xn,Xo,Cexcess,Z,mbolmag,Gmag,G_BPbrmag,G_BPftmag,G_RPmag
0.01520,1.00e+09,0.0900000036,0.090,-3.384,3.3657,5.191,0,0.000,0.545,0.00,0.00,-1,-4.43e-17,0.00,7.091e-01,2.756e-01,2.746e-03,7.408e-04,6.719e-03,-1.000,1.527e-02,13.230,14.918,17.517,17.543,13.492
0.01520,1.00e+09,0.1000000015,0.100,-3.222,3.3893,5.170,0,0.000,0.545,0.00,0.00,-1,-6.25e-17,0.00,7.091e-01,2.757e-01,2.746e-03,7.408e-04,6.719e-03,-1.000,1.527e-02,12.826,14.514,17.107,17.133,13.088
0.01520,1.00e+09,0.1200000122,0.120,-2.975,3.4228,5.135,0,0.000,0.545,0.00,0.00,-1,-1.05e-16,0.00,7.090e-01,2.757e-01,2.746e-03,7.408e-04,6.719e-03,-1.000,1.527e-02,12.208,13.818,16.287,16.314,12.411
0.01520,1.00e+09,0.1229623184,0.123,-2.948,3.4259,5.131,0,0.000,0.545,0.00,0.00,-1,-1.1e-16,0.00,7.090e-01,2.757e-01,2.746e-03,7.408e-04,6.719e-03,-1.000,1.527e-02,12.140,13.721,16.143,16.170,12.321
0.01520,1.00e+09,0.1400000006,0.140,-2.794,3.4430,5.102,0,0.000,0.545,0.00,0.00,-1,-1.52e-16,0.00,7.089e-01,2.758e-01,2.746e-03,7.408e-04,6.719e-03,-1.000,1.527e-02,11.755,13.164,15.345,15.375,11.809
0.01520,1.00e+09,0.1493837237,0.149,-2.726,3.4495,5.088,0,0.000,0.545,0.00,0.00,-1,-1.75e-16,0.00,7.089e-01,2.758e-01,2.746e-03,7.408e-04,6.719e-03,-1.000,1.527e-02,11.585,12.935,15.023,15.053,11.599
0.01520,1.00e+09,0.1599999964,0.160,-2.653,3.4565,5.073,0,0.000,0.545,0.00,0.00,-1,-2.03e-16,0.00,7.088e-01,2.759e-01,2.746e-03,7.408e-04,6.719e-03,-1.000,1.527e-02,11.403,12.692,14.682,14.713,11.376
0.01520,1.00e+09,0.2000000030,0.200,-2.438,3.4752,5.030,0,0.000,0.545,0.00,0.00,-1,-3.14e-16,0.00,7.087e-01,2.760e-01,2.746e-03,7.408e-04,6.719e-03,-1.000,1.527e-02,10.865,12.005,13.752,13.785,10.744
0.01520,1.00e+09,0.2500000000,0.250,-2.236,3.4916,4.991,0,0.000,0.545,0.00,0.00,-1,-4.67e-16,0.00,7.086e-01,2.761e-01,2.746e-03,7.408e-04,6.719e-03,-1.000,1.527e-02,10.360,11.378,12.943,12.977,10.165
0.01520,1.00e+09,0.3135805130,0.314,-2.035,3.5051,4.941,0,0.000,0.545,0.00,0.00,-1,-7.02e-16,0.00,7.089e-01,2.759e-01,2.746e-03,7.408e-04,6.719e-03,-1.000,1.527e-02,9.856,10.779,12.218,12.253,9.606
0.01520,1.00e+09,0.3194212019,0.319,-2.016,3.5062,4.935,0,0.000,0.545,0.00,0.00,-1,-7.31e-16,0.00,7.089e-01,2.758e-01,2.746e-03,7.408e-04,6.719e-03,-1.000,1.527e-02,9.810,10.725,12.154,12.189,9.555
0.01520,1.00e+09,0.3466122150,0.347,-1.938,3.5118,4.916,0,0.000,0.545,0.00,0.00,-1,-8.59e-16,0.00,7.091e-01,2.756e-01,2.746e-03,7.408e-04,6.719e-03,-1.000,1.527e-02,9.616,10.492,11.873,11.908,9.338
0.01520,1.00e+09,0.3500000238,0.350,-1.929,3.5125,4.914,0,0.000,0.545,0.00,0.00,-1,-8.75e-16,0.00,7.091e-01,2.756e-01,2.746e-03,7.408e-04,6.719e-03,-1.000,1.527e-02,9.593,10.465,11.839,11.874,9.313
0.01520,1.00e+09,0.4000000358,0.400,-1.781,3.5233,4.866,0,0.000,0.545,0.00,0.00,-1,-1.22e-15,0.00,7.092e-01,2.755e-01,2.746e-03,7.408e-04,6.719e-03,-1.000,1.527e-02,9.221,10.023,11.316,11.351,8.901
0.01520,1.00e+09,0.4500000477,0.450,-1.631,3.5353,4.815,0,0.000,0.545,0.00,0.00,-1,-1.72e-15,0.00,7.092e-01,2.755e-01,2.746e-03,7.408e-04,6.719e-03,-1.000,1.527e-02,8.847,9.572,10.776,10.812,8.484
0.01520,1.00e+09,0.5000000000,0.500,-1.476,3.5498,4.764,0,0.000,0.545,0.00,0.00,-1,-2.47e-15,0.00,7.092e-01,2.755e-01,2.746e-03,7.408e-04,6.719e-03,-1.000,1.527e-02,8.459,9.097,10.208,10.245,8.051
0.01520,1.00e+09,0.5093277693,0.509,-1.444,3.5535,4.755,0,0.000,0.545,0.00,0.00,-1,-2.66e-15,0.00,7.095e-01,2.753e-01,2.743e-03,7.401e-04,6.712e-03,-1.000,1.526e-02,8.381,8.999,10.088,10.124,7.962
0.01520,1.00e+09,0.5500000119,0.550,-1.315,3.5684,4.719,0,0.000,0.545,0.00,0.00,-1,-3.59e-15,0.00,7.115e-01,2.733e-01,2.725e-03,7.352e-04,6.668e-03,-1.000,1.518e-02,8.057,8.599,9.610,9.647,7.601
0.01520,1.00e+09,0.5591725707,0.559,-1.284,3.5728,4.713,0,0.000,0.545,0.00,0.00,-1,-3.85e-15,0.00,7.116e-01,2.733e-01,2.724e-03,7.350e-04,6.666e-03,-1.000,1.517e-02,7.981,8.510,9.510,9.546,7.517
0.01520,1.00e+09,0.6000000238,0.600,-1.153,3.5914,4.687,0,0.000,0.545,0.00,0.00,-1,-5.17e-15,0.00,7.119e-01,2.730e-01,2.722e-03,7.343e-04,6.660e-03,-1.000,1.513e-02,7.654,8.094,8.994,9.030,7.153
0.01520,1.00e+09,0.6159545183,0.616,-1.101,3.5998,4.680,0,0.000,0.545,0.00,0.00,-1,-5.8e-15,0.00,7.120e-01,2.728e-01,2.721e-03,7.340e-04,6.658e-03,-1.000,1.515e-02,7.523,7.890,8.702,8.738,6.999
0.01520,1.00e+09,0.6409611702,0.641,-1.021,3.6127,4.669,0,0.000,0.545,0.00,0.00,-1,-6.92e-15,0.00,7.122e-01,2.727e-01,2.719e-03,7.336e-04,6.654e-03,-1.000,1.516e-02,7.323,7.637,8.391,8.429,6.785
0.01520,1.00e+09,0.6499999762,0.650,-0.993,3.6174,4.666,0,0.000,0.545,0.00,0.00,-1,-7.36e-15,0.00,7.122e-01,2.726e-01,2.718e-03,7.335e-04,6.653e-03,-1.000,1.516e-02,7.253,7.548,8.281,8.319,6.710
0.01520,1.00e+09,0.7000000477,0.700,-0.839,3.6454,4.656,0,0.000,0.545,0.00,0.00,-1,-1.02e-14,0.00,7.125e-01,2.723e-01,2.716e-03,7.328e-04,6.647e-03,-1.000,1.514e-02,6.867,7.045,7.670,7.708,6.287
0.01520,1.00e+09,0.7033798099,0.704,-0.828,3.6474,4.656,0,0.000,0.544,0.00,0.00,-1,-1.05e-14,0.00,7.126e-01,2.723e-01,2.713e-03,7.326e-04,6.646e-03,-1.000,1.513e-02,6.841,7.011,7.629,7.667,6.259
0.01520,1.00e+09,0.7500000000,0.750,-0.692,3.6740,4.653,1,0.000,0.538,0.00,0.00,-1,-1.39e-14,0.00,7.129e-01,2.720e-01,2.677e-03,7.312e-04,6.641e-03,-1.000,1.511e-02,6.499,6.568,7.100,7.138,5.884
0.01520,1.00e+09,0.7531239390,0.753,-0.683,3.6753,4.651,1,0.000,0.538,0.00,0.00,-1,-1.42e-14,0.00,7.129e-01,2.720e-01,2.677e-03,7.311e-04,6.641e-03,-1.000,1.511e-02,6.478,6.542,7.071,7.108,5.861
0.01520,1.00e+09,0.8000000119,0.800,-0.560,3.6943,4.630,1,0.000,0.537,0.00,0.00,-1,-1.87e-14,0.00,7.134e-01,2.715e-01,2.673e-03,7.300e-04,6.632e-03,-1.000,1.509e-02,6.170,6.174,6.649,6.685,5.539
0.01520,1.00e+09,0.8025270104,0.803,-0.553,3.6952,4.629,1,0.000,0.537,0.00,0.00,-1,-1.9e-14,0.00,7.134e-01,2.715e-01,2.673e-03,7.300e-04,6.631e-03,-1.000,1.509e-02,6.153,6.155,6.627,6.663,5.522
0.01520,1.00e+09,0.8500000238,0.850,-0.434,3.7134,4.607,1,0.000,0.537,0.00,0.00,-1,-2.49e-14,0.00,7.140e-01,2.710e-01,2.669e-03,7.288e-04,6.620e-03,-1.000,1.500e-02,5.855,5.815,6.242,6.277,5.223
0.01520,1.00e+09,0.9000000358,0.900,-0.315,3.7309,4.582,1,0.000,0.537,0.00,0.00,-1,-3.28e-14,0.00,7.147e-01,2.703e-01,2.663e-03,7.272e-04,6.606e-03,-1.000,1.502e-02,5.557,5.484,5.871,5.903,4.930
0.01520,1.00e+09,0.9086850882,0.908,-0.294,3.7337,4.577,1,0.000,0.537,0.00,0.00,-1,-3.44e-14,0.00,7.148e-01,2.701e-01,2.661e-03,7.268e-04,6.603e-03,-1.000,1.502e-02,5.506,5.429,5.810,5.841,4.881
0.01520,1.00e+09,0.9500000477,0.950,-0.200,3.7467,4.554,1,0.000,0.537,0.00,0.00,-1,-4.29e-14,0.00,7.156e-01,2.694e-01,2.655e-03,7.251e-04,6.587e-03,-1.000,1.501e-02,5.271,5.178,5.531,5.560,4.658
0.01520,1.00e+09,1.0000000000,1.000,-0.090,3.7608,4.523,1,0.000,0.537,0.00,0.00,-1,-5.59e-14,0.00,7.169e-01,2.682e-01,2.644e-03,7.223e-04,6.562e-03,-1.000,1.492e-02,4.995,4.891,5.214,5.240,4.401
0.01520,1.00e+09,1.0192395449,1.019,-0.049,3.7657,4.510,1,0.000,0.537,0.00,0.00,-1,-6.01e-14,0.00,7.176e-01,2.675e-01,2.639e-03,7.207e-04,6.548e-03,-1.000,1.487e-02,4.892,4.783,5.096,5.122,4.305
0.01520,1.00e+09,1.0499999523,1.050,0.016,3.7734,4.488,1,0.000,0.537,0.00,0.00,-1,-6.73e-14,0.00,7.188e-01,2.664e-01,2.629e-03,7.181e-04,6.524e-03,-1.000,1.479e-02,4.729,4.617,4.915,4.939,4.155
0.01520,1.00e+09,1.1000000238,1.100,0.119,3.7848,4.451,1,0.000,0.537,0.00,0.00,-1,-8.03e-14,0.00,7.219e-01,2.634e-01,2.604e-03,7.114e-04,6.464e-03,-1.000,1.467e-02,4.472,4.355,4.631,4.653,3.919
0.01520,1.00e+09,1.1228656769,1.122,0.165,3.7897,4.434,1,0.000,0.537,0.00,0.00,-1,-8.66e-14,0.00,7.236e-01,2.618e-01,2.591e-03,7.078e-04,6.432e-03,-1.000,1.461e-02,4.357,4.240,4.506,4.528,3.814
0.01520,1.00e+09,1.1499999762,1.150,0.218,3.7952,4.413,1,0.000,0.537,0.00,0.00,-1,-9.45e-14,0.00,7.257e-01,2.597e-01,2.574e-03,7.034e-04,6.393e-03,-1.000,1.454e-02,4.224,4.105,4.361,4.382,3.692
0.01520,1.00e+09,1.2000000477,1.200,0.314,3.8050,4.375,1,0.000,0.537,0.00,0.00,-1,-1.1e-13,0.00,7.258e-01,2.596e-01,2.581e-03,7.056e-04,6.414e-03,-1.000,1.457e-02,3.984,3.865,4.103,4.122,3.474
0.01520,1.00e+09,1.2500000000,1.250,0.405,3.8142,4.338,1,0.000,0.537,0.00,0.00,-1,-1.24e-13,0.00,7.260e-01,2.594e-01,2.581e-03,7.056e-04,6.415e-03,-1.000,1.458e-02,3.756,3.638,3.859,3.877,3.267
0.01520,1.00e+09,1.2999999523,1.300,0.492,3.8228,4.304,1,0.000,0.536,0.00,0.00,-1,-1.38e-13,0.00,7.263e-01,2.591e-01,2.579e-03,7.050e-04,6.409e-03,-1.000,1.460e-02,3.541,3.423,3.628,3.645,3.072
0.01520,1.00e+09,1.3080345392,1.308,0.505,3.8243,4.299,1,0.000,0.536,0.00,0.00,-1,-1.39e-13,0.00,7.263e-01,2.591e-01,2.579e-03,7.051e-04,6.411e-03,-1.000,1.459e-02,3.507,3.389,3.592,3.609,3.043
0.01520,1.00e+09,1.3500001431,1.350,0.574,3.8315,4.272,1,0.000,0.537,0.00,0.00,-1,-1.48e-13,0.00,7.258e-01,2.596e-01,2.583e-03,7.062e-04,6.420e-03,-1.000,1.458e-02,3.335,3.218,3.409,3.425,2.889
0.01520,1.00e+09,1.4000000954,1.400,0.652,3.8402,4.245,1,0.000,0.537,0.00,0.00,-1,-1.54e-13,0.00,7.258e-01,2.596e-01,2.582e-03,7.058e-04,6.416e-03,-1.000,1.460e-02,3.139,3.024,3.200,3.215,2.716
0.01520,1.00e+09,1.4404820204,1.441,0.714,3.8479,4.227,1,0.000,0.537,0.00,0.00,-1,-1.54e-13,0.00,7.261e-01,2.593e-01,2.580e-03,7.052e-04,6.411e-03,-1.000,1.462e-02,2.986,2.873,3.037,3.051,2.583
0.01520,1.00e+09,1.4500000477,1.450,0.728,3.8497,4.222,1,0.000,0.537,0.00,0.00,-1,-1.54e-13,0.00,7.261e-01,2.592e-01,2.579e-03,7.051e-04,6.410e-03,-1.000,1.463e-02,2.950,2.838,2.999,3.013,2.553
0.01520,1.00e+09,1.4922132492,1.493,0.789,3.8580,4.207,1,0.000,0.536,0.00,0.00,-1,-1.48e-13,0.00,7.264e-01,2.590e-01,2.577e-03,7.046e-04,6.405e-03,-1.000,1.459e-02,2.797,2.687,2.835,2.848,2.422
0.01520,1.00e+09,1.5000000000,1.500,0.800,3.8594,4.203,1,0.000,0.536,0.00,0.00,-1,-1.47e-13,0.00,7.265e-01,2.590e-01,2.577e-03,7.045e-04,6.404e-03,-1.000,1.458e-02,2.769,2.660,2.806,2.818,2.399
0.01520,1.00e+09,1.5023090839,1.503,0.804,3.8599,4.203,1,0.000,0.536,0.00,0.00,-1,-1.46e-13,0.00,7.265e-01,2.589e-01,2.577e-03,7.044e-04,6.404e-03,-1.000,1.458e-02,2.761,2.652,2.797,2.810,2.392
0.01520,1.00e+09,1.5499999523,1.550,0.870,3.8683,4.184,1,0.000,0.536,0.00,0.00,-1,-1.3e-13,0.00,7.267e-01,2.588e-01,2.575e-03,7.038e-04,6.400e-03,-1.000,1.450e-02,2.595,2.490,2.622,2.634,2.251
0.01520,1.00e+09,1.5530842543,1.553,0.874,3.8688,4.182,1,0.000,0.536,0.00,0.00,-1,-1.28e-13,0.00,7.268e-01,2.587e-01,2.575e-03,7.038e-04,6.400e-03,-1.000,1.450e-02,2.585,2.479,2.611,2.623,2.242
0.01520,1.00e+09,1.5960856676,1.596,0.932,3.8755,4.163,1,0.000,0.536,0.00,0.00,-1,-1.04e-13,0.00,7.269e-01,2.586e-01,2.574e-03,7.036e-04,6.397e-03,-1.000,1.454e-02,2.440,2.338,2.459,2.470,2.118
0.01520,1.00e+09,1.6000000238,1.600,0.937,3.8760,4.161,1,0.000,0.536,0.00,0.00,-1,-1.02e-13,0.00,7.269e-01,2.586e-01,2.574e-03,7.036e-04,6.397e-03,-1.000,1.454e-02,2.427,2.325,2.445,2.457,2.106
0.01520,1.00e+09,1.6316223145,1.631,0.979,3.8801,4.144,1,0.000,0.536,0.00,0.00,-1,-7.29e-14,0.00,7.269e-01,2.585e-01,2.573e-03,7.036e-04,6.396e-03,-1.000,1.453e-02,2.323,2.223,2.337,2.348,2.015
0.01520,1.00e+09,1.6500000954,1.650,1.003,3.8822,4.133,1,0.000,0.536,0.00,0.00,-1,-6.03e-14,0.00,7.269e-01,2.585e-01,2.573e-03,7.036e-04,6.396e-03,-1.000,1.455e-02,2.263,2.164,2.275,2.286,1.962
0.01520,1.00e+09,1.6682686806,1.668,1.027,3.8841,4.122,1,0.000,0.536,0.00,0.00,-1,-3.95e-20,0.00,7.269e-01,2.585e-01,2.573e-03,7.036e-04,6.396e-03,-1.000,1.455e-02,2.204,2.106,2.213,2.224,1.909
0.01520,1.00e+09,1.7000000477,1.700,1.068,3.8872,4.101,1,0.000,0.537,0.00,0.00,-1,-1e-30,0.00,7.269e-01,2.586e-01,2.574e-03,7.038e-04,6.396e-03,-1.000,1.455e-02,2.101,2.004,2.107,2.117,1.816
0.01520,1.00e+09,1.7347594500,1.734,1.112,3.8901,4.077,1,0.000,0.537,0.00,0.00,-1,-1e-30,0.00,7.268e-01,2.586e-01,2.574e-03,7.040e-04,6.395e-03,-1.000,1.453e-02,1.989,1.894,1.992,2.002,1.714
0.01520,1.00e+09,1.7500000000,1.749,1.132,3.8911,4.066,1,0.000,0.537,0.00,0.00,-1,-1e-30,0.00,7.268e-01,2.587e-01,2.575e-03,7.040e-04,6.396e-03,-1.000,1.452e-02,1.940,1.845,1.942,1.951,1.668
0.01520,1.00e+09,1.7714564800,1.771,1.159,3.8925,4.049,1,0.000,0.537,0.00,0.00,-1,-1e-30,0.00,7.268e-01,2.587e-01,2.575e-03,7.041e-04,6.397e-03,-1.000,1.454e-02,1.872,1.777,1.871,1.881,1.604
0.01520,1.00e+09,1.7999999523,1.799,1.196,3.8935,4.024,1,0.000,0.537,0.00,0.00,-1,-1e-30,0.00,7.267e-01,2.587e-01,2.575e-03,7.043e-04,6.399e-03,-1.000,1.457e-02,1.781,1.686,1.778,1.788,1.517
0.01520,1.00e+09,1.8009904623,1.800,1.197,3.8936,4.023,1,0.000,0.537,0.00,0.00,-1,-1e-30,0.00,7.267e-01,2.587e-01,2.575e-03,7.043e-04,6.399e-03,-1.000,1.456e-02,1.777,1.683,1.775,1.785,1.514
0.01520,1.00e+09,1.8274369240,1.827,1.231,3.8940,3.997,1,0.000,0.537,0.00,0.00,-1,-1e-30,0.00,7.266e-01,2.589e-01,2.576e-03,7.048e-04,6.398e-03,-1.000,1.454e-02,1.693,1.598,1.689,1.698,1.431
0.01520,1.00e+09,1.8500000238,1.849,1.260,3.8938,3.973,1,0.000,0.537,0.00,0.00,-1,-1e-30,0.00,7.265e-01,2.590e-01,2.577e-03,7.053e-04,6.399e-03,-1.000,1.456e-02,1.621,1.525,1.615,1.625,1.359
0.01520,1.00e+09,1.8599282503,1.859,1.272,3.8936,3.962,1,0.000,0.537,0.00,0.00,-1,-1e-30,0.00,7.264e-01,2.590e-01,2.577e-03,7.053e-04,6.400e-03,-1.000,1.457e-02,1.590,1.493,1.583,1.593,1.327
0.01520,1.00e+09,1.8873214722,1.887,1.307,3.8925,3.929,1,0.000,0.537,0.00,0.00,-1,-1e-30,0.00,7.263e-01,2.591e-01,2.578e-03,7.054e-04,6.404e-03,-1.000,1.459e-02,1.504,1.404,1.496,1.506,1.236
0.01520,1.00e+09,1.9000000954,1.900,1.322,3.8915,3.912,1,0.000,0.537,0.00,0.00,-1,-1e-30,0.00,7.262e-01,2.592e-01,2.579e-03,7.054e-04,6.407e-03,-1.000,1.459e-02,1.464,1.363,1.456,1.466,1.193
0.01520,1.00e+09,1.9200804234,1.920,1.347,3.8897,3.885,1,0.000,0.537,0.00,0.00,-1,-1e-30,0.00,7.261e-01,2.593e-01,2.579e-03,7.055e-04,6.409e-03,-1.000,1.460e-02,1.402,1.299,1.393,1.403,1.125
0.01520,1.00e+09,1.9500001669,1.950,1.384,3.8855,3.838,1,0.000,0.537,0.00,0.00,-1,-1e-30,0.00,7.260e-01,2.595e-01,2.581e-03,7.058e-04,6.412e-03,-1.000,1.455e-02,1.309,1.201,1.302,1.311,1.018
0.01520,1.00e+09,1.9757508039,1.976,1.415,3.8805,3.793,1,0.000,0.537,0.00,0.00,-1,-1e-30,0.00,7.258e-01,2.596e-01,2.582e-03,7.061e-04,6.415e-03,-1.000,1.456e-02,1.232,1.119,1.226,1.236,0.923
0.01520,1.00e+09,2.0000000000,2.001,1.444,3.8742,3.744,1,0.000,0.537,0.00,0.00,-1,-1e-30,0.00,7.257e-01,2.598e-01,2.584e-03,7.065e-04,6.419e-03,-1.000,1.457e-02,1.161,1.042,1.158,1.168,0.831
0.01520,1.00e+09,2.0021023750,2.003,1.446,3.8736,3.740,1,0.000,0.537,0.00,0.00,-1,-1e-30,0.00,7.256e-01,2.598e-01,2.584e-03,7.065e-04,6.419e-03,-1.000,1.457e-02,1.154,1.035,1.152,1.163,0.823
0.01520,1.00e+09,2.0220823288,2.023,1.469,3.8668,3.694,1,0.000,0.537,0.00,0.00,-1,-1e-30,0.00,7.255e-01,2.599e-01,2.585e-03,7.069e-04,6.423e-03,-1.000,1.463e-02,1.097,0.972,1.099,1.111,0.744
0.01520,1.00e+09,2.0426039696,2.043,1.493,3.8585,3.642,1,0.000,0.537,0.00,0.00,-1,-1e-30,0.00,7.253e-01,2.601e-01,2.587e-03,7.073e-04,6.426e-03,-1.000,1.462e-02,1.039,0.909,1.049,1.061,0.661
0.01520,1.00e+09,2.0499999523,2.050,1.501,3.8553,3.622,1,0.000,0.537,0.00,0.00,-1,-1e-30,0.00,7.252e-01,2.602e-01,2.587e-03,7.074e-04,6.428e-03,-1.000,1.461e-02,1.018,0.887,1.031,1.044,0.630
0.01520,1.00e+09,2.0634808540,2.063,1.516,3.8489,3.585,1,0.000,0.537,0.00,0.00,-1,-1e-30,0.00,7.251e-01,2.603e-01,2.588e-03,7.076e-04,6.430e-03,-1.000,1.460e-02,0.981,0.847,1.001,1.015,0.575
0.01520,1.00e+09,2.0773973465,2.077,1.531,3.8414,3.542,1,0.000,0.537,0.00,0.00,-1,-1e-30,0.00,7.250e-01,2.604e-01,2.589e-03,7.078e-04,6.433e-03,-1.000,1.463e-02,0.942,0.806,0.972,0.987,0.515
0.01520,1.00e+09,2.0936515331,2.093,1.553,3.8341,3.494,1,0.000,0.537,0.00,0.00,-1,-1e-30,0.00,7.248e-01,2.606e-01,2.590e-03,7.081e-04,6.436e-03,-1.000,1.464e-02,0.887,0.749,0.927,0.943,0.441
0.01520,1.00e+09,2.0999999046,2.100,1.563,3.8320,3.477,1,0.000,0.537,0.00,0.00,-1,-1e-30,0.00,7.247e-01,2.606e-01,2.591e-03,7.082e-04,6.437e-03,-1.000,1.463e-02,0.862,0.723,0.905,0.921,0.411
0.01520,1.00e+09,2.1010882854,2.101,1.565,3.8317,3.474,1,0.000,0.537,0.00,0.00,-1,-1e-30,0.00,7.247e-01,2.606e-01,2.591e-03,7.082e-04,6.437e-03,-1.000,1.463e-02,0.858,0.719,0.902,0.918,0.405
0.01520,1.00e+09,2.1069586277,2.106,1.586,3.8377,3.478,1,0.000,0.537,0.00,0.00,-1,-1e-30,0.00,7.247e-01,2.607e-01,2.591e-03,7.083e-04,6.439e-03,-1.000,1.461e-02,0.804,0.665,0.837,0.852,0.367
0.01520,1.00e+09,2.1104564667,2.110,1.608,3.8470,3.494,1,0.000,0.537,0.00,0.00,-1,-1e-30,0.00,7.246e-01,2.608e-01,2.592e-03,7.084e-04,6.439e-03,-1.000,1.461e-02,0.749,0.612,0.769,0.783,0.337
0.01520,1.00e+09,2.1118061543,2.111,1.627,3.8569,3.515,1,0.000,0.537,0.00,0.00,-1,-1e-30,0.00,7.246e-01,2.608e-01,2.592e-03,7.085e-04,6.440e-03,-1.000,1.461e-02,0.701,0.567,0.707,0.720,0.317
0.01520,1.00e+09,2.1124961376,2.112,1.647,3.8668,3.535,1,0.000,0.537,0.00,0.00,-1,-1e-30,0.00,7.246e-01,2.608e-01,2.592e-03,7.085e-04,6.440e-03,-1.000,1.461e-02,0.653,0.523,0.648,0.659,0.299
0.01520,1.00e+09,2.1128990650,2.112,1.667,3.8767,3.554,1,0.000,0.537,0.00,0.00,-1,-1e-30,0.00,7.246e-01,2.608e-01,2.592e-03,7.085e-04,6.440e-03,-1.000,1.461e-02,0.602,0.477,0.585,0.596,0.279
0.01520,1.00e+09,2.1131465435,2.113,1.690,3.8863,3.570,1,0.000,0.537,0.00,0.00,-1,-1e-30,0.00,7.246e-01,2.608e-01,2.592e-03,7.085e-04,6.440e-03,-1.000,1.461e-02,0.545,0.428,0.521,0.531,0.257
0.01520,1.00e+09,2.1133127213,2.113,1.713,3.8953,3.583,1,0.000,0.537,0.00,0.00,-1,-1e-30,0.00,7.246e-01,2.608e-01,2.592e-03,7.085e-04,6.440e-03,-1.000,1.461e-02,0.487,0.378,0.458,0.466,0.231
0.01520,1.00e+09,2.1134197712,2.113,1.724,3.9003,3.592,1,0.000,0.537,0.00,0.00,-1,-1e-30,0.00,7.246e-01,2.608e-01,2.592e-03,7.085e-04,6.440e-03,-1.000,1.461e-02,0.459,0.357,0.430,0.437,0.223
0.01520,1.00e+09,2.1134815216,2.113,1.700,3.8955,3.597,2,0.000,0.537,0.00,0.00,-1,-1e-30,0.00,7.246e-01,2.608e-01,2.592e-03,7.085e-04,6.440e-03,-1.000,1.461e-02,0.519,0.412,0.491,0.500,0.265
0.01520,1.00e+09,2.1135396957,2.113,1.674,3.8881,3.594,2,0.000,0.537,0.00,0.00,-1,-1e-30,0.00,7.246e-01,2.608e-01,2.592e-03,7.085e-04,6.440e-03,-1.000,1.461e-02,0.586,0.471,0.562,0.571,0.304
0.01520,1.00e+09,2.1135952473,2.113,1.656,3.8791,3.575,2,0.000,0.537,0.00,0.00,-1,-1e-30,0.00,7.246e-01,2.608e-01,2.592e-03,7.085e-04,6.440e-03,-1.000,1.461e-02,0.630,0.507,0.612,0.622,0.316
0.01520,1.00e+09,2.1136703491,2.113,1.650,3.8676,3.536,2,0.000,0.537,0.00,0.00,-1,-1e-30,0.00,7.246e-01,2.608e-01,2.592e-03,7.085e-04,6.440e-03,-1.000,1.461e-02,0.646,0.516,0.639,0.650,0.294
0.01520,1.00e+09,2.1137590408,2.113,1.656,3.8560,3.483,2,0.000,0.537,0.00,0.00,-1,-1e-30,0.00,7.246e-01,2.608e-01,2.592e-03,7.086e-04,6.440e-03,-1.000,1.461e-02,0.630,0.495,0.636,0.649,0.244
0.01520,1.00e+09,2.1138637066,2.113,1.664,3.8444,3.429,2,0.000,0.537,0.00,0.00,-1,-1e-30,0.00,7.246e-01,2.608e-01,2.592e-03,7.086e-04,6.441e-03,-1.000,1.461e-02,0.610,0.470,0.630,0.645,0.190
0.01520,1.00e+09,2.1139819622,2.113,1.669,3.8328,3.378,2,0.000,0.537,0.00,0.00,-1,-1e-30,0.00,7.246e-01,2.608e-01,2.592e-03,7.086e-04,6.441e-03,-1.000,1.461e-02,0.598,0.456,0.636,0.651,0.148
0.01520,1.00e+09,2.1141130924,2.114,1.670,3.8216,3.331,2,0.000,0.537,0.00,0.00,-1,-1e-30,0.00,7.246e-01,2.608e-01,2.592e-03,7.086e-04,6.441e-03,-1.000,1.461e-02,0.595,0.453,0.652,0.669,0.116
0.01520,1.00e+09,2.1142573357,2.114,1.668,3.8109,3.291,2,0.000,0.537,0.00,0.00,-1,-1e-30,0.00,7.246e-01,2.608e-01,2.592e-03,7.086e-04,6.441e-03,-1.000,1.461e-02,0.599,0.458,0.676,0.694,0.096
0.01520,1.00e+09,2.1144199371,2.114,1.664,3.8010,3.255,2,0.000,0.537,0.00,0.00,-1,-1e-30,0.00,7.246e-01,2.608e-01,2.592e-03,7.086e-04,6.441e-03,-1.000,1.462e-02,0.609,0.471,0.707,0.727,0.084
0.01520,1.00e+09,2.1146135330,2.114,1.657,3.7916,3.224,2,0.000,0.537,0.00,0.00,-1,-1e-30,0.00,7.246e-01,2.608e-01,2.592e-03,7.086e-04,6.441e-03,-1.000,1.462e-02,0.627,0.492,0.746,0.767,0.082
0.01520,1.00e+09,2.1148631573,2.114,1.645,3.7819,3.198,2,0.000,0.537,0.00,0.00,-1,-1e-30,0.00,7.246e-01,2.608e-01,2.592e-03,7.086e-04,6.441e-03,-1.000,1.462e-02,0.657,0.527,0.801,0.823,0.094
0.01520,1.00e+09,2.1151816845,2.115,1.625,3.7714,3.176,2,0.000,0.537,0.00,0.00,-1,-1e-30,0.00,7.245e-01,2.608e-01,2.592e-03,7.086e-04,6.441e-03,-1.000,1.462e-02,0.708,0.584,0.880,0.905,0.127
0.01520,1.00e+09,2.1154582500,2.115,1.603,3.7631,3.165,2,0.000,0.537,0.00,0.00,-1,-1e-30,0.00,7.241e-01,2.612e-01,2.595e-03,7.094e-04,6.448e-03,-1.000,1.465e-02,0.763,0.647,0.960,0.987,0.170
0.01520,1.00e+09,2.1157557964,2.115,1.573,3.7546,3.161,2,0.000,0.537,0.00,0.00,-1,-1e-30,0.00,7.218e-01,2.635e-01,2.613e-03,7.142e-04,6.491e-03,-1.000,1.476e-02,0.837,0.729,1.061,1.088,0.232
0.01520,1.00e+09,2.1160221100,2.115,1.542,3.7473,3.163,2,0.000,0.537,0.00,0.00,-1,-1e-30,0.00,7.181e-01,2.670e-01,2.642e-03,7.218e-04,6.559e-03,-1.000,1.490e-02,0.915,0.816,1.163,1.193,0.302
0.01520,1.00e+09,2.1162528992,2.116,1.513,3.7412,3.167,2,0.000,0.537,0.00,0.00,-1,-1e-30,0.00,7.158e-01,2.692e-01,2.659e-03,7.265e-04,6.601e-03,-1.000,1.501e-02,0.988,0.897,1.258,1.288,0.368
0.01520,1.00e+09,2.1165449619,2.116,1.478,3.7336,3.172,2,0.000,0.537,0.00,0.00,-1,-1e-30,0.00,7.139e-01,2.710e-01,2.674e-03,7.304e-04,6.636e-03,-1.000,1.507e-02,1.076,0.996,1.374,1.406,0.450
0.01520,1.00e+09,2.1167640686,2.116,1.455,3.7280,3.173,2,0.000,0.537,0.00,0.00,-1,-1e-30,0.00,7.129e-01,2.720e-01,2.682e-03,7.325e-04,6.654e-03,-1.000,1.510e-02,1.133,1.061,1.453,1.486,0.504
0.01520,1.00e+09,2.1171402931,2.117,1.447,3.7194,3.146,3,0.000,0.537,0.00,0.00,-1,-1e-30,0.00,7.118e-01,2.730e-01,2.688e-03,7.343e-04,6.670e-03,-1.000,1.516e-02,1.151,1.095,1.507,1.540,0.519
0.01520,1.00e+09,2.1175911427,2.117,1.469,3.7106,3.090,3,0.000,0.535,0.00,0.00,-1,-1e-30,0.00,7.107e-01,2.741e-01,2.683e-03,7.387e-04,6.684e-03,-1.000,1.519e-02,1.099,1.060,1.492,1.527,0.464
0.01520,1.00e+09,2.1179664135,2.117,1.507,3.7048,3.028,3,0.000,0.516,0.00,0.00,-1,-1e-30,0.00,7.097e-01,2.751e-01,2.591e-03,8.140e-04,6.691e-03,-1.000,1.521e-02,1.004,0.978,1.425,1.461,0.370
0.01520,1.00e+09,2.1182663441,2.118,1.543,3.7008,2.976,3,0.000,0.482,0.00,0.00,-1,-1e-30,0.00,7.088e-01,2.759e-01,2.418e-03,9.998e-04,6.695e-03,-1.000,1.524e-02,0.913,0.896,1.352,1.389,0.280
0.01520,1.00e+09,2.1185662746,2.118,1.582,3.6973,2.924,3,0.000,0.442,0.00,0.00,-1,-1e-30,0.00,7.079e-01,2.769e-01,2.219e-03,1.238e-03,6.698e-03,-1.000,1.529e-02,0.816,0.808,1.272,1.309,0.183
0.01520,1.00e+09,2.1188628674,2.118,1.621,3.6942,2.872,3,0.000,0.412,0.00,0.00,-1,-1e-30,0.00,7.068e-01,2.778e-01,2.072e-03,1.420e-03,6.700e-03,-1.000,1.531e-02,0.717,0.717,1.189,1.227,0.086
0.01520,1.00e+09,2.1191515923,2.119,1.661,3.6912,2.820,3,0.000,0.393,0.00,0.00,-1,-1e-30,0.00,7.059e-01,2.788e-01,1.976e-03,1.540e-03,6.703e-03,-1.000,1.535e-02,0.618,0.626,1.106,1.144,-0.012
0.01520,1.00e+09,2.1194310188,2.119,1.700,3.6883,2.769,3,0.000,0.380,0.00,0.00,-1,-1e-30,0.00,7.048e-01,2.798e-01,1.913e-03,1.625e-03,6.705e-03,-1.000,1.539e-02,0.520,0.536,1.023,1.062,-0.108
0.01520,1.00e+09,2.1197054386,2.119,1.739,3.6856,2.719,3,0.000,0.373,0.00,0.00,-1,-1e-30,0.00,7.033e-01,2.813e-01,1.869e-03,1.709e-03,6.682e-03,-1.000,1.540e-02,0.422,0.446,0.940,0.979,-0.204
0.01520,1.00e+09,2.1199781895,2.119,1.778,3.6830,2.670,3,0.000,0.370,0.00,0.00,-1,-1e-30,0.00,7.008e-01,2.839e-01,1.834e-03,1.812e-03,6.614e-03,-1.000,1.538e-02,0.326,0.357,0.858,0.897,-0.299
0.01520,1.00e+09,2.1201827526,2.120,1.807,3.6811,2.634,3,0.000,0.369,0.00,0.00,-1,-1e-30,0.00,6.984e-01,2.862e-01,1.811e-03,1.892e-03,6.554e-03,-1.000,1.540e-02,0.254,0.292,0.797,0.836,-0.369
0.01520,1.00e+09,2.1202526093,2.120,1.816,3.6804,2.622,3,0.000,0.368,0.00,0.00,-1,-1e-30,0.00,6.975e-01,2.870e-01,1.805e-03,1.917e-03,6.534e-03,-1.000,1.541e-02,0.229,0.269,0.776,0.816,-0.393
0.01520,1.00e+09,2.1205317974,2.120,1.856,3.6778,2.572,3,0.000,0.368,0.00,0.00,-1,-1e-30,0.00,6.941e-01,2.904e-01,1.782e-03,2.008e-03,6.463e-03,-1.000,1.545e-02,0.130,0.179,0.693,0.732,-0.489
0.01520,1.00e+09,2.1206014156,2.120,1.866,3.6772,2.559,3,0.000,0.367,0.00,0.00,-1,-1e-30,0.00,6.934e-01,2.912e-01,1.777e-03,2.027e-03,6.447e-03,-1.000,1.540e-02,0.105,0.156,0.672,0.711,-0.513
0.01520,1.00e+09,2.1206696033,2.120,1.876,3.6766,2.547,3,0.000,0.367,0.00,0.00,-1,-1e-30,0.00,6.927e-01,2.919e-01,1.772e-03,2.044e-03,6.433e-03,-1.000,1.539e-02,0.080,0.134,0.651,0.691,-0.537
0.01520,1.00e+09,2.1209392548,2.120,1.915,3.6740,2.497,3,0.000,0.367,0.00,0.00,-1,-1e-30,0.00,6.899e-01,2.947e-01,1.757e-03,2.107e-03,6.383e-03,-1.000,1.542e-02,-0.018,0.045,0.569,0.608,-0.632
0.01520,1.00e+09,2.1212043762,2.121,1.954,3.6714,2.447,3,0.000,0.367,0.00,0.00,-1,-1e-30,0.00,6.874e-01,2.972e-01,1.744e-03,2.159e-03,6.342e-03,-1.000,1.540e-02,-0.116,-0.044,0.487,0.526,-0.727
0.01520,1.00e+09,2.1214642525,2.121,1.994,3.6687,2.398,3,0.000,0.367,0.00,0.00,-1,-1e-30,0.00,6.854e-01,2.992e-01,1.735e-03,2.199e-03,6.309e-03,-1.000,1.540e-02,-0.214,-0.133,0.405,0.445,-0.822
0.01520,1.00e+09,2.1217188835,2.121,2.033,3.6660,2.348,3,0.000,0.366,0.00,0.00,-1,-1e-30,0.00,6.837e-01,3.009e-01,1.727e-03,2.231e-03,6.284e-03,-1.000,1.539e-02,-0.312,-0.221,0.326,0.366,-0.915
0.01520,1.00e+09,2.1219687462,2.121,2.072,3.6633,2.298,3,0.000,0.366,0.00,0.00,-1,-1e-30,0.00,6.823e-01,3.023e-01,1.721e-03,2.256e-03,6.263e-03,-1.000,1.537e-02,-0.409,-0.308,0.246,0.287,-1.008
0.01520,1.00e+09,2.1222088337,2.122,2.110,3.6605,2.249,3,0.000,0.366,0.00,0.00,-1,-1e-30,0.00,6.812e-01,3.034e-01,1.717e-03,2.275e-03,6.248e-03,-1.000,1.539e-02,-0.504,-0.392,0.170,0.211,-1.099
0.01520,1.00e+09,2.1225211620,2.122,2.160,3.6569,2.184,3,0.000,0.366,0.00,0.00,-1,-1e-30,0.00,6.802e-01,3.045e-01,1.712e-03,2.294e-03,6.233e-03,-1.000,1.537e-02,-0.630,-0.503,0.069,0.110,-1.219
0.01520,1.00e+09,2.1227850914,2.122,2.203,3.6537,2.128,3,0.000,0.366,0.00,0.00,-1,-1e-30,0.00,6.796e-01,3.051e-01,1.710e-03,2.304e-03,6.224e-03,-1.000,1.537e-02,-0.738,-0.599,-0.018,0.023,-1.322
0.01520,1.00e+09,2.1230127811,2.122,2.241,3.6508,2.079,3,0.000,0.366,0.00,0.00,-1,-1e-30,0.00,6.792e-01,3.054e-01,1.708e-03,2.310e-03,6.220e-03,-1.000,1.537e-02,-0.833,-0.681,-0.090,-0.048,-1.411
0.01520,1.00e+09,2.1232728958,2.123,2.286,3.6475,2.021,3,0.000,0.366,0.00,0.00,-1,-1e-30,0.00,6.790e-01,3.056e-01,1.708e-03,2.314e-03,6.217e-03,-1.000,1.537e-02,-0.944,-0.775,-0.174,-0.132,-1.514
0.01520,1.00e+09,2.1235272884,2.123,2.330,3.6442,1.964,3,0.000,0.366,0.00,0.00,-1,-1e-30,0.00,6.789e-01,3.057e-01,1.707e-03,2.315e-03,6.216e-03,-1.000,1.537e-02,-1.054,-0.870,-0.257,-0.215,-1.616
0.01520,1.00e+09,2.1238086224,2.123,2.377,3.6405,1.902,3,0.000,0.366,0.00,0.00,-1,-1e-30,0.00,6.789e-01,3.057e-01,1.707e-03,2.315e-03,6.216e-03,-1.000,1.537e-02,-1.173,-0.971,-0.345,-0.303,-1.727
0.01520,1.00e+09,2.1240866184,2.123,2.422,3.6370,1.843,3,0.000,0.366,0.00,0.00,-1,-1e-30,0.00,6.789e-01,3.057e-01,1.707e-03,2.316e-03,6.216e-03,-1.000,1.537e-02,-1.286,-1.065,-0.427,-0.385,-1.831
0.01520,1.00e+09,2.1243755817,2.124,2.463,3.6338,1.789,3,0.000,0.366,0.00,0.00,-1,-1e-30,0.00,6.789e-01,3.057e-01,1.707e-03,2.316e-03,6.215e-03,-1.000,1.537e-02,-1.388,-1.151,-0.501,-0.459,-1.926
0.01520,1.00e+09,2.1245696545,2.124,2.484,3.6321,1.761,3,0.000,0.366,0.00,0.00,-1,-1e-30,0.00,6.789e-01,3.057e-01,1.707e-03,2.316e-03,6.215e-03,-1.000,1.537e-02,-1.441,-1.195,-0.539,-0.496,-1.974
0.01520,1.00e+09,2.1246247292,2.124,2.465,3.6337,1.787,4,0.000,0.366,0.00,0.00,-1,-1e-30,0.00,6.789e-01,3.057e-01,1.707e-03,2.316e-03,6.215e-03,-1.000,1.537e-02,-1.393,-1.155,-0.505,-0.462,-1.930
0.01520,1.00e+09,2.1246550083,2.124,2.427,3.6367,1.837,4,0.000,0.366,0.00,0.00,-1,-1e-30,0.00,6.789e-01,3.057e-01,1.707e-03,2.316e-03,6.215e-03,-1.000,1.537e-02,-1.297,-1.075,-0.436,-0.394,-1.842
0.01520,1.00e+09,2.1246800423,2.124,2.388,3.6398,1.888,4,0.000,0.366,0.00,0.00,-1,-1e-30,0.00,6.789e-01,3.057e-01,1.707e-03,2.316e-03,6.215e-03,-1.000,1.537e-02,-1.200,-0.995,-0.367,-0.325,-1.753
0.01520,1.00e+09,2.1247098446,2.124,2.339,3.6436,1.953,4,0.000,0.366,0.00,0.00,-1,-1e-30,0.00,6.789e-01,3.057e-01,1.707e-03,2.316e-03,6.215e-03,-1.000,1.537e-02,-1.077,-0.890,-0.276,-0.234,-1.638
0.01520,1.00e+09,2.1247467995,2.124,2.286,3.6477,2.021,4,0.000,0.366,0.00,0.00,-1,-1e-30,0.00,6.789e-01,3.057e-01,1.707e-03,2.316e-03,6.215e-03,-1.000,1.537e-02,-0.946,-0.779,-0.177,-0.136,-1.516
0.01520,1.00e+09,2.1247954369,2.124,2.235,3.6516,2.088,4,0.000,0.366,0.00,0.00,-1,-1e-30,0.00,6.789e-01,3.057e-01,1.707e-03,2.316e-03,6.215e-03,-1.000,1.537e-02,-0.819,-0.669,-0.081,-0.040,-1.398
0.01520,1.00e+09,2.1248586178,2.124,2.186,3.6554,2.153,4,0.000,0.366,0.00,0.00,-1,-1e-30,0.00,6.789e-01,3.057e-01,1.707e-03,2.316e-03,6.215e-03,-1.000,1.537e-02,-0.695,-0.562,0.014,0.055,-1.281
0.01520,1.00e+09,2.1249372959,2.124,2.137,3.6590,2.216,4,0.000,0.366,0.00,0.00,-1,-1e-30,0.00,6.789e-01,3.057e-01,1.707e-03,2.316e-03,6.215e-03,-1.000,1.537e-02,-0.572,-0.455,0.112,0.152,-1.165
0.01520,1.00e+09,2.1250312328,2.124,2.089,3.6626,2.279,4,0.000,0.366,0.00,0.00,-1,-1e-30,0.00,6.789e-01,3.057e-01,1.707e-03,2.316e-03,6.215e-03,-1.000,1.537e-02,-0.452,-0.348,0.208,0.248,-1.051
0.01520,1.00e+09,2.1251413822,2.124,2.043,3.6661,2.339,4,0.000,0.366,0.00,0.00,-1,-1e-30,0.00,6.789e-01,3.057e-01,1.707e-03,2.316e-03,6.215e-03,-1.000,1.537e-02,-0.337,-0.246,0.300,0.340,-0.941
0.01520,1.00e+09,2.1252739429,2.125,1.999,3.6692,2.395,4,0.000,0.366,0.00,0.00,-1,-1e-30,0.00,6.789e-01,3.057e-01,1.707e-03,2.316e-03,6.215e-03,-1.000,1.537e-02,-0.227,-0.149,0.388,0.428,-0.836
0.01520,1.00e+09,2.1254465580,2.125,1.957,3.6723,2.449,4,0.000,0.366,0.00,0.00,-1,-1e-30,0.00,6.789e-01,3.058e-01,1.707e-03,2.316e-03,6.215e-03,-1.000,1.537e-02,-0.123,-0.055,0.474,0.514,-0.735
0.01520,1.00e+09,2.1257014275,2.125,1.916,3.6753,2.502,4,0.000,0.366,0.00,0.00,-1,-1e-30,0.00,6.789e-01,3.058e-01,1.707e-03,2.316e-03,6.215e-03,-1.000,1.537e-02,-0.021,0.037,0.558,0.597,-0.636
0.01520,1.00e+09,2.1260733604,2.125,1.871,3.6786,2.561,4,0.000,0.366,0.00,0.00,-1,-1e-30,0.00,6.789e-01,3.058e-01,1.707e-03,2.317e-03,6.215e-03,-1.000,1.537e-02,0.093,0.139,0.652,0.691,-0.527
0.01520,1.00e+09,2.1263694763,2.126,1.832,3.6814,2.612,4,0.000,0.366,0.00,0.00,-1,-1e-30,0.00,6.789e-01,3.058e-01,1.707e-03,2.317e-03,6.215e-03,-1.000,1.537e-02,0.191,0.228,0.732,0.772,-0.432
0.01520,1.00e+09,2.1266489029,2.126,1.796,3.6840,2.657,4,0.000,0.366,0.00,0.00,-1,-1e-30,0.00,6.789e-01,3.058e-01,1.707e-03,2.317e-03,6.215e-03,-1.000,1.537e-02,0.279,0.308,0.806,0.845,-0.346
0.01520,1.00e+09,2.1271350384,2.126,1.745,3.6877,2.723,4,0.000,0.366,0.00,0.00,-1,-1e-30,0.00,6.789e-01,3.058e-01,1.707e-03,2.317e-03,6.214e-03,-1.000,1.537e-02,0.407,0.425,0.914,0.952,-0.221
0.01520,1.00e+09,2.1277003288,2.127,1.702,3.6909,2.779,4,0.000,0.366,0.00,0.00,-1,-1e-30,0.00,6.789e-01,3.058e-01,1.707e-03,2.317e-03,6.214e-03,-1.000,1.537e-02,0.514,0.524,1.004,1.042,-0.115
0.01520,1.00e+09,2.1284861565,2.128,1.660,3.6942,2.835,4,0.000,0.366,0.00,0.00,-1,-1e-30,0.00,6.788e-01,3.058e-01,1.707e-03,2.318e-03,6.214e-03,-1.000,1.537e-02,0.620,0.619,1.092,1.129,-0.012
0.01520,1.00e+09,2.1298422813,2.129,1.619,3.6976,2.889,4,0.000,0.366,0.00,0.00,-1,-1e-30,0.00,6.788e-01,3.058e-01,1.707e-03,2.318e-03,6.213e-03,-1.000,1.537e-02,0.722,0.713,1.176,1.213,0.089
0.01520,1.00e+09,2.1306061745,2.130,1.606,3.6988,2.907,4,0.000,0.366,0.00,0.00,-1,-1e-30,0.00,6.788e-01,3.058e-01,1.707e-03,2.319e-03,6.213e-03,-1.000,1.537e-02,0.754,0.742,1.203,1.240,0.121
0.01520,1.00e+09,2.1331858635,2.132,1.611,3.6988,2.903,4,0.000,0.366,0.00,0.00,-1,-1e-30,0.00,6.788e-01,3.058e-01,1.706e-03,2.320e-03,6.212e-03,-1.000,1.537e-02,0.743,0.731,1.192,1.229,0.109
0.01520,1.00e+09,2.1500000954,2.149,1.632,3.6991,2.887,4,0.000,0.366,0.00,0.00,-1,-1e-30,0.00,6.786e-01,3.060e-01,1.705e-03,2.327e-03,6.206e-03,-1.000,1.537e-02,0.690,0.678,1.138,1.175,0.057
0.01520,1.00e+09,2.1750931740,2.174,1.668,3.6995,2.858,5,0.000,0.367,0.00,0.00,-1,-1e-30,0.00,6.783e-01,3.063e-01,1.703e-03,2.341e-03,6.193e-03,-1.000,1.537e-02,0.601,0.587,1.047,1.084,-0.033
0.01520,1.00e+09,2.2000000477,2.199,1.706,3.6996,2.824,5,0.000,0.367,0.00,0.00,-1,-1e-30,0.00,6.780e-01,3.066e-01,1.701e-03,2.354e-03,6.180e-03,-1.000,1.537e-02,0.504,0.490,0.949,0.986,-0.130
0.01520,1.00e+09,2.2159650326,2.215,1.734,3.6995,2.800,5,0.000,0.367,0.00,0.00,-1,-1e-30,0.00,6.779e-01,3.067e-01,1.700e-03,2.361e-03,6.175e-03,-1.000,1.537e-02,0.435,0.421,0.881,0.918,-0.199
0.01520,1.00e+09,2.2371671200,2.236,1.773,3.6988,2.762,5,0.000,0.367,0.00,0.00,-1,-1e-30,0.00,6.778e-01,3.069e-01,1.699e-03,2.369e-03,6.167e-03,-1.000,1.537e-02,0.338,0.325,0.786,0.823,-0.297
0.01520,1.00e+09,2.2500000000,2.249,1.798,3.6981,2.737,5,0.000,0.367,0.00,0.00,-1,-1e-30,0.00,6.777e-01,3.070e-01,1.698e-03,2.375e-03,6.163e-03,-1.000,1.537e-02,0.276,0.265,0.728,0.765,-0.359
0.01520,1.00e+09,2.2634665966,2.263,1.825,3.6970,2.707,5,0.000,0.368,0.00,0.00,-1,-1e-30,0.00,6.775e-01,3.071e-01,1.697e-03,2.381e-03,6.156e-03,-1.000,1.538e-02,0.207,0.198,0.664,0.701,-0.428
0.01520,1.00e+09,2.2683622837,2.268,1.837,3.6963,2.694,6,0.000,0.368,0.00,0.00,-1,-1e-30,0.00,6.774e-01,3.072e-01,1.697e-03,2.383e-03,6.154e-03,-1.000,1.539e-02,0.177,0.170,0.638,0.676,-0.457
0.01520,1.00e+09,2.2834441662,2.283,1.881,3.6927,2.638,6,0.000,0.368,0.00,0.00,-1,-1e-30,0.00,6.772e-01,3.074e-01,1.696e-03,2.391e-03,6.147e-03,-1.000,1.540e-02,0.067,0.070,0.547,0.585,-0.565
0.01520,1.00e+09,2.2918374538,2.291,1.904,3.6912,2.611,6,0.000,0.368,0.00,0.00,-1,-1e-30,0.00,6.771e-01,3.075e-01,1.695e-03,2.395e-03,6.143e-03,-1.000,1.541e-02,0.010,0.017,0.497,0.536,-0.622
0.01520,1.00e+09,2.2957410812,2.295,1.946,3.6866,2.552,6,0.000,0.368,0.00,0.00,-1,-1e-30,0.00,6.771e-01,3.075e-01,1.695e-03,2.397e-03,6.141e-03,-1.000,1.541e-02,-0.094,-0.074,0.418,0.457,-0.722
0.01520,1.00e+09,2.2969958782,2.296,1.992,3.6820,2.487,6,0.000,0.368,0.00,0.00,-1,-1e-30,0.00,6.771e-01,3.075e-01,1.695e-03,2.397e-03,6.141e-03,-1.000,1.541e-02,-0.210,-0.176,0.328,0.367,-0.835
0.01520,1.00e+09,2.2974917889,2.297,2.037,3.6778,2.425,6,0.000,0.368,0.00,0.00,-1,-1e-30,0.00,6.771e-01,3.075e-01,1.695e-03,2.397e-03,6.140e-03,-1.000,1.541e-02,-0.324,-0.275,0.240,0.279,-0.944
0.01520,1.00e+09,2.2977018356,2.297,2.081,3.6740,2.366,6,0.000,0.368,0.00,0.00,-1,-1e-30,0.00,6.771e-01,3.075e-01,1.695e-03,2.398e-03,6.140e-03,-1.000,1.541e-02,-0.433,-0.372,0.154,0.193,-1.049
0.01520,1.00e+09,2.2978007793,2.297,2.123,3.6704,2.310,6,0.000,0.368,0.00,0.00,-1,-1e-30,0.00,6.771e-01,3.075e-01,1.695e-03,2.398e-03,6.140e-03,-1.000,1.541e-02,-0.538,-0.464,0.071,0.111,-1.149
0.01520,1.00e+09,2.2978482246,2.297,2.154,3.6678,2.268,6,0.000,0.368,0.00,0.00,-1,-1e-30,0.00,6.771e-01,3.075e-01,1.695e-03,2.398e-03,6.140e-03,-1.000,1.541e-02,-0.615,-0.533,0.010,0.050,-1.223
0.01520,1.00e+09,2.2978527546,2.297,2.157,3.6675,2.264,6,0.000,0.368,0.00,0.00,-1,-1e-30,0.00,6.771e-01,3.075e-01,1.695e-03,2.398e-03,6.140e-03,-1.000,1.541e-02,-0.624,-0.540,0.003,0.043,-1.231
0.01520,1.00e+09,2.2978775501,2.297,2.169,3.6666,2.249,6,0.000,0.368,0.00,0.00,-1,-1e-30,0.00,6.771e-01,3.075e-01,1.695e-03,2.398e-03,6.140e-03,-1.000,1.541e-02,-0.652,-0.565,-0.019,0.021,-1.258
0.01520,1.00e+09,2.2979195118,2.297,2.184,3.6654,2.228,6,0.000,0.368,0.00,0.00,-1,-1e-30,0.00,6.771e-01,3.075e-01,1.695e-03,2.398e-03,6.140e-03,-1.000,1.541e-02,-0.691,-0.599,-0.050,-0.009,-1.295
0.01520,1.00e+09,2.2980220318,2.297,2.183,3.6656,2.230,7,0.000,0.368,0.00,0.00,-1,-1e-30,0.00,6.771e-01,3.075e-01,1.695e-03,2.398e-03,6.140e-03,-1.000,1.541e-02,-0.688,-0.596,-0.048,-0.007,-1.292
0.01520,1.00e+09,2.2981812954,2.297,2.167,3.6670,2.252,7,0.000,0.368,0.00,0.00,-1,-1e-30,0.00,6.770e-01,3.075e-01,1.695e-03,2.398e-03,6.140e-03,-1.000,1.541e-02,-0.647,-0.561,-0.016,0.024,-1.253
0.01520,1.00e+09,2.2995710373,2.299,2.169,3.6668,2.250,7,0.000,0.368,0.00,0.00,-1,-1e-30,0.00,6.770e-01,3.076e-01,1.695e-03,2.398e-03,6.139e-03,-1.000,1.541e-02,-0.652,-0.565,-0.020,0.020,-1.258
0.01520,1.00e+09,2.2999999523,2.299,2.174,3.6664,2.243,7,0.000,0.368,0.00,0.00,-1,-1e-30,0.00,6.770e-01,3.076e-01,1.695e-03,2.399e-03,6.139e-03,-1.000,1.541e-02,-0.666,-0.578,-0.031,0.009,-1.272
0.01520,1.00e+09,2.3009507656,2.300,2.187,3.6653,2.226,7,0.000,0.368,0.00,0.00,-1,-1e-30,0.00,6.770e-01,3.076e-01,1.695e-03,2.399e-03,6.139e-03,-1.000,1.541e-02,-0.697,-0.605,-0.056,-0.015,-1.301
0.01520,1.00e+09,2.3021295071,2.301,2.226,3.6621,2.174,7,0.000,0.368,0.00,0.00,-1,-1e-30,0.00,6.770e-01,3.076e-01,1.695e-03,2.399e-03,6.139e-03,-1.000,1.541e-02,-0.796,-0.691,-0.133,-0.092,-1.394
0.01520,1.00e+09,2.3029642105,2.302,2.268,3.6587,2.119,7,0.000,0.368,0.00,0.00,-1,-1e-30,0.00,6.770e-01,3.076e-01,1.695e-03,2.400e-03,6.138e-03,-1.000,1.541e-02,-0.900,-0.782,-0.214,-0.173,-1.493
0.01520,1.00e+09,2.3036069870,2.303,2.310,3.6553,2.063,7,0.000,0.368,0.00,0.00,-1,-1e-30,0.00,6.770e-01,3.076e-01,1.695e-03,2.400e-03,6.138e-03,-1.000,1.541e-02,-1.005,-0.874,-0.297,-0.255,-1.593
0.01520,1.00e+09,2.3041355610,2.303,2.353,3.6519,2.007,7,0.000,0.368,0.00,0.00,-1,-1e-30,0.00,6.770e-01,3.076e-01,1.694e-03,2.400e-03,6.138e-03,-1.000,1.541e-02,-1.113,-0.966,-0.378,-0.336,-1.693
0.01520,1.00e+09,2.3045814037,2.304,2.401,3.6480,1.944,7,0.000,0.368,0.00,0.00,-1,-1e-30,0.00,6.770e-01,3.076e-01,1.694e-03,2.400e-03,6.138e-03,-1.000,1.541e-02,-1.232,-1.066,-0.465,-0.423,-1.804
0.01520,1.00e+09,2.3049657345,2.304,2.456,3.6434,1.870,7,0.000,0.368,0.00,0.00,-1,-1e-30,0.00,6.770e-01,3.076e-01,1.694e-03,2.400e-03,6.138e-03,-1.000,1.541e-02,-1.370,-1.182,-0.565,-0.523,-1.931
0.01520,1.00e+09,2.3053047657,2.305,2.505,3.6393,1.805,7,0.000,0.368,0.00,0.00,-1,-1e-30,0.00,6.770e-01,3.076e-01,1.694e-03,2.400e-03,6.138e-03,-1.000,1.541e-02,-1.494,-1.286,-0.656,-0.614,-2.046
0.01520,1.00e+09,2.3056085110,2.305,2.549,3.6359,1.748,7,0.000,0.368,0.00,0.00,-1,-1e-30,0.00,6.770e-01,3.076e-01,1.694e-03,2.401e-03,6.137e-03,-1.000,1.541e-02,-1.601,-1.376,-0.732,-0.690,-2.145
0.01520,1.00e+09,2.3058874607,2.305,2.590,3.6324,1.692,7,0.000,0.368,0.00,0.00,-1,-1e-30,0.00,6.770e-01,3.076e-01,1.694e-03,2.401e-03,6.137e-03,-1.000,1.541e-02,-1.705,-1.461,-0.804,-0.761,-2.239
0.01520,1.00e+09,2.3061420918,2.305,2.629,3.6291,1.640,7,0.000,0.368,0.00,0.00,-1,-1e-30,0.00,6.770e-01,3.076e-01,1.694e-03,2.401e-03,6.137e-03,-1.000,1.541e-02,-1.803,-1.542,-0.873,-0.830,-2.329
0.01520,1.00e+09,2.3063805103,2.306,2.667,3.6260,1.590,7,0.000,0.368,0.00,0.00,-1,-1e-30,0.00,6.770e-01,3.076e-01,1.693e-03,2.402e-03,6.137e-03,-1.000,1.541e-02,-1.898,-1.620,-0.940,-0.896,-2.417
0.01520,1.00e+09,2.3066074848,2.306,2.705,3.6229,1.540,7,0.000,0.368,0.00,0.00,-1,-1e-30,0.00,6.770e-01,3.076e-01,1.692e-03,2.403e-03,6.137e-03,-1.000,1.541e-02,-1.991,-1.694,-1.001,-0.957,-2.500
0.01520,1.00e+09,2.3068275452,2.306,2.741,3.6198,1.491,7,0.000,0.367,0.00,0.00,-1,-1e-30,0.00,6.770e-01,3.076e-01,1.690e-03,2.405e-03,6.137e-03,-1.000,1.541e-02,-2.083,-1.767,-1.060,-1.017,-2.582
0.01520,1.00e+09,2.3070447445,2.306,2.779,3.6167,1.441,7,0.000,0.367,0.00,0.00,-1,-1e-30,0.00,6.770e-01,3.076e-01,1.689e-03,2.406e-03,6.137e-03,-1.000,1.541e-02,-2.177,-1.842,-1.121,-1.078,-2.666
0.01520,1.00e+09,2.3072609901,2.307,2.821,3.6131,1.385,7,0.000,0.367,0.00,0.00,-1,-1e-30,0.00,6.770e-01,3.076e-01,1.688e-03,2.408e-03,6.137e-03,-1.000,1.541e-02,-2.282,-1.926,-1.189,-1.146,-2.760
0.01520,1.00e+09,2.3074665070,2.307,2.879,3.6082,1.307,7,0.000,0.366,0.00,0.00,-1,-1e-30,0.00,6.770e-01,3.076e-01,1.686e-03,2.410e-03,6.137e-03,-1.000,1.541e-02,-2.426,-2.036,-1.275,-1.232,-2.886
0.01520,1.00e+09,2.3076202869,2.307,2.952,3.6018,1.208,7,0.000,0.366,0.00,0.00,-1,-1e-30,0.00,6.770e-01,3.076e-01,1.684e-03,2.413e-03,6.137e-03,-1.000,1.540e-02,-2.610,-2.175,-1.381,-1.339,-3.046
0.01520,1.00e+09,2.3076920509,2.307,2.996,3.5980,1.149,7,0.000,0.366,0.00,0.00,-1,-1e-30,0.00,6.770e-01,3.077e-01,1.683e-03,2.414e-03,6.137e-03,-1.000,1.537e-02,-2.720,-2.258,-1.444,-1.402,-3.141
0.01520,1.00e+09,2.3077459335,2.307,3.031,3.5949,1.102,7,0.000,0.366,0.00,0.00,-1,-1e-30,0.00,6.770e-01,3.077e-01,1.683e-03,2.414e-03,6.137e-03,-1.000,1.537e-02,-2.807,-2.319,-1.485,-1.443,-3.213
0.01520,1.00e+09,2.3078050613,2.307,3.069,3.5914,1.050,7,0.000,0.365,0.00,0.00,-1,-1e-30,0.00,6.770e-01,3.077e-01,1.682e-03,2.415e-03,6.137e-03,-1.000,1.537e-02,-2.902,-2.384,-1.529,-1.487,-3.292
0.01520,1.00e+09,2.3078613281,2.307,3.104,3.5882,1.002,7,0.000,0.365,0.00,0.00,-1,-1e-30,0.00,6.770e-01,3.077e-01,1.682e-03,2.415e-03,6.137e-03,-1.000,1.537e-02,-2.990,-2.445,-1.570,-1.528,-3.365
0.01520,1.00e+09,2.3079206944,2.307,3.139,3.5849,0.954,7,0.000,0.365,0.00,0.00,-1,-1e-30,0.00,6.770e-01,3.077e-01,1.682e-03,2.415e-03,6.137e-03,-1.000,1.537e-02,-3.078,-2.505,-1.608,-1.566,-3.437
0.01520,1.00e+09,2.3079845905,2.307,3.174,3.5816,0.906,7,0.000,0.365,0.00,0.00,-1,-1e-30,0.00,6.770e-01,3.077e-01,1.682e-03,2.415e-03,6.137e-03,-1.000,1.537e-02,-3.165,-2.559,-1.635,-1.593,-3.506
0.01520,1.00e+09,2.3080575466,2.307,3.210,3.5782,0.856,7,0.000,0.365,0.00,0.00,-1,-1e-30,0.00,6.770e-01,3.077e-01,1.682e-03,2.415e-03,6.137e-03,-1.000,1.537e-02,-3.256,-2.613,-1.658,-1.617,-3.576
0.01520,1.00e+09,2.3081326485,2.307,3.246,3.5747,0.806,7,0.000,0.365,0.00,0.00,-1,-1e-30,0.00,6.770e-01,3.077e-01,1.682e-03,2.415e-03,6.137e-03,-1.000,1.537e-02,-3.345,-2.666,-1.679,-1.639,-3.646
0.01520,1.00e+09,2.3081660271,2.307,3.264,3.5729,0.781,7,0.000,0.365,0.00,0.00,-1,-1e-30,0.00,6.770e-01,3.077e-01,1.682e-03,2.415e-03,6.137e-03,-1.000,1.537e-02,-3.390,-2.691,-1.689,-1.648,-3.679
0.01520,1.00e+09,2.3081769943,2.307,3.278,3.5715,0.761,7,0.524,0.365,0.00,0.00,-1,-1e-30,0.00,6.770e-01,3.077e-01,1.682e-03,2.415e-03,6.137e-03,-1.000,1.537e-02,-3.425,-2.712,-1.697,-1.656,-3.706
0.01520,1.00e+09,2.3081831932,2.307,3.283,3.5709,0.753,7,0.525,0.365,0.00,0.00,-1,-1e-30,0.00,6.770e-01,3.077e-01,1.682e-03,2.415e-03,6.137e-03,-1.000,1.537e-02,-3.439,-2.719,-1.700,-1.659,-3.716
0.01520,1.00e+09,2.3081839085,2.307,3.283,3.5671,0.738,8,0.525,0.386,41.16,26.77,1,-3.8e-08,0.00,6.770e-01,3.077e-01,1.782e-03,2.417e-03,6.161e-03,-1.000,1.536e-02,-3.439,-2.671,-1.607,-1.567,-3.689
0.01520,1.00e+09,2.3081851006,2.307,3.020,3.5931,1.105,8,0.525,0.386,18.65,13.50,1,-1.6e-08,0.00,6.770e-01,3.077e-01,1.782e-03,2.417e-03,6.161e-03,-1.000,1.536e-02,-2.781,-2.277,-1.434,-1.391,-3.179
0.01520,1.00e+09,2.3081853390,2.307,2.992,3.5959,1.145,8,0.525,0.386,17.13,12.54,1,-1.47e-08,0.00,6.770e-01,3.077e-01,1.782e-03,2.417e-03,6.161e-03,-1.000,1.536e-02,-2.710,-2.230,-1.404,-1.362,-3.121
0.01520,1.00e+09,2.3081874847,2.307,2.775,3.6173,1.447,8,0.525,0.386,8.91,7.13,1,-8.23e-09,0.00,6.770e-01,3.077e-01,1.782e-03,2.417e-03,6.161e-03,-1.000,1.536e-02,-2.167,-1.837,-1.119,-1.076,-2.659
0.01520,1.00e+09,2.3081908226,2.307,2.741,3.6207,1.495,8,0.525,0.386,8.03,6.52,1,-7.56e-09,0.00,6.770e-01,3.077e-01,1.782e-03,2.417e-03,6.161e-03,-1.000,1.536e-02,-2.081,-1.771,-1.069,-1.025,-2.583
0.01520,1.00e+09,2.3081955910,2.306,2.818,3.6131,1.387,8,0.525,0.386,10.15,7.98,1,-9.17e-09,0.00,6.770e-01,3.077e-01,1.782e-03,2.417e-03,6.161e-03,-1.000,1.536e-02,-2.275,-1.918,-1.181,-1.138,-2.753
0.01520,1.00e+09,2.3082015514,2.306,2.982,3.5967,1.157,8,0.525,0.386,16.66,12.25,1,-1.43e-08,0.00,6.770e-01,3.077e-01,1.782e-03,2.417e-03,6.161e-03,-1.000,1.536e-02,-2.686,-2.213,-1.392,-1.349,-3.100
0.01520,1.00e+09,2.3082094193,2.305,3.150,3.5799,0.922,8,0.525,0.386,27.65,18.98,1,-2.39e-08,0.00,6.770e-01,3.077e-01,1.782e-03,2.417e-03,6.161e-03,-1.000,1.536e-02,-3.105,-2.481,-1.543,-1.502,-3.435
0.01520,1.00e+09,2.3082184792,2.305,3.274,3.5674,0.749,8,0.526,0.386,40.22,26.23,1,-3.65e-08,0.00,6.770e-01,3.077e-01,1.782e-03,2.417e-03,6.161e-03,-1.000,1.536e-02,-3.414,-2.650,-1.591,-1.551,-3.666
0.01520,1.00e+09,2.3082294464,2.304,3.348,3.5598,0.644,8,0.526,0.386,50.41,31.89,1,-4.79e-08,0.00,6.770e-01,3.077e-01,1.782e-03,2.417e-03,6.161e-03,-1.000,1.536e-02,-3.599,-2.733,-1.575,-1.536,-3.793
0.01520,1.00e+09,2.3082420826,2.303,3.390,3.5554,0.584,8,0.526,0.386,57.39,35.67,1,-5.61e-08,0.00,6.770e-01,3.077e-01,1.782e-03,2.417e-03,6.161e-03,-1.000,1.536e-02,-3.704,-2.777,-1.556,-1.518,-3.863
0.01520,1.00e+09,2.3082566261,2.302,3.421,3.5519,0.539,8,0.526,0.386,63.25,38.79,1,-6.33e-08,0.00,6.770e-01,3.077e-01,1.782e-03,2.417e-03,6.161e-03,-1.000,1.536e-02,-3.783,-2.796,-1.509,-1.472,-3.904
0.01520,1.00e+09,2.3082568645,2.302,3.246,3.5697,0.785,8,0.527,0.386,37.20,24.52,1,-3.29e-08,0.00,6.770e-01,3.077e-01,1.782e-03,2.417e-03,6.161e-03,-1.000,1.536e-02,-3.345,-2.612,-1.582,-1.542,-3.614
0.01520,1.00e+09,2.3082580566,2.302,3.135,3.5810,0.941,8,0.527,0.386,26.55,18.32,1,-2.27e-08,0.00,6.770e-01,3.077e-01,1.782e-03,2.417e-03,6.161e-03,-1.000,1.536e-02,-3.067,-2.454,-1.526,-1.484,-3.403
0.01520,1.00e+09,2.3082604408,2.302,2.917,3.6031,1.247,8,0.527,0.386,13.71,10.35,1,-1.19e-08,0.00,6.770e-01,3.077e-01,1.782e-03,2.417e-03,6.161e-03,-1.000,1.536e-02,-2.522,-2.096,-1.309,-1.266,-2.962
0.01520,1.00e+09,2.3082640171,2.301,2.879,3.6069,1.301,8,0.527,0.386,12.22,9.36,1,-1.08e-08,0.00,6.770e-01,3.077e-01,1.782e-03,2.417e-03,6.161e-03,-1.000,1.536e-02,-2.427,-2.028,-1.261,-1.218,-2.882
0.01520,1.00e+09,2.3082690239,2.301,2.951,3.5996,1.199,8,0.527,0.386,15.22,11.32,1,-1.31e-08,0.00,6.770e-01,3.077e-01,1.782e-03,2.417e-03,6.161e-03,-1.000,1.536e-02,-2.608,-2.157,-1.353,-1.310,-3.035
0.01520,1.00e+09,2.3082754612,2.300,3.108,3.5836,0.978,8,0.527,0.386,24.51,17.09,1,-2.08e-08,0.00,6.770e-01,3.077e-01,1.782e-03,2.417e-03,6.161e-03,-1.000,1.536e-02,-3.000,-2.415,-1.511,-1.469,-3.352
0.01520,1.00e+09,2.3082835674,2.300,3.267,3.5674,0.755,8,0.527,0.386,39.70,25.94,1,-3.54e-08,0.00,6.770e-01,3.077e-01,1.782e-03,2.417e-03,6.161e-03,-1.000,1.536e-02,-3.397,-2.632,-1.572,-1.532,-3.648
0.01520,1.00e+09,2.3082933426,2.299,3.380,3.5557,0.594,8,0.528,0.386,56.15,34.99,1,-5.39e-08,0.00,6.770e-01,3.077e-01,1.782e-03,2.417e-03,6.161e-03,-1.000,1.536e-02,-3.681,-2.758,-1.543,-1.505,-3.842
0.01520,1.00e+09,2.3083050251,2.298,3.443,3.5490,0.504,8,0.528,0.386,68.17,41.38,1,-6.9e-08,0.00,6.770e-01,3.077e-01,1.782e-03,2.417e-03,6.161e-03,-1.000,1.536e-02,-3.839,-2.802,-1.458,-1.422,-3.929
0.01520,1.00e+09,2.3083186150,2.297,3.474,3.5458,0.461,8,0.529,0.386,74.85,44.86,1,-7.79e-08,0.00,6.770e-01,3.077e-01,1.782e-03,2.417e-03,6.161e-03,-1.000,1.536e-02,-3.914,-2.820,-1.411,-1.375,-3.970
0.01520,1.00e+09,2.3083338737,2.296,3.491,3.5437,0.434,8,0.529,0.386,79.19,47.09,1,-8.37e-08,0.00,6.770e-01,3.077e-01,1.782e-03,2.417e-03,6.161e-03,-1.000,1.536e-02,-3.959,-2.829,-1.380,-1.344,-3.992
0.01520,1.00e+09,2.3083341122,2.296,3.324,3.5611,0.672,8,0.529,0.386,47.47,30.26,1,-4.35e-08,0.00,6.770e-01,3.077e-01,1.782e-03,2.417e-03,6.161e-03,-1.000,1.536e-02,-3.540,-2.691,-1.550,-1.511,-3.743
0.01520,1.00e+09,2.3083355427,2.295,3.213,3.5726,0.828,8,0.529,0.386,33.86,22.59,1,-2.94e-08,0.00,6.769e-01,3.077e-01,1.782e-03,2.417e-03,6.161e-03,-1.000,1.536e-02,-3.263,-2.561,-1.559,-1.519,-3.550
0.01520,1.00e+09,2.3083379269,2.295,2.996,3.5952,1.135,8,0.529,0.386,17.46,12.74,1,-1.5e-08,0.00,6.769e-01,3.077e-01,1.782e-03,2.417e-03,6.161e-03,-1.000,1.536e-02,-2.721,-2.235,-1.404,-1.362,-3.128
0.01520,1.00e+09,2.3083417416,2.295,2.957,3.5993,1.191,8,0.529,0.386,15.48,11.48,1,-1.34e-08,0.00,6.769e-01,3.077e-01,1.783e-03,2.417e-03,6.161e-03,-1.000,1.536e-02,-2.622,-2.169,-1.363,-1.320,-3.048
0.01520,1.00e+09,2.3083472252,2.294,3.027,3.5919,1.091,8,0.530,0.386,19.21,13.84,1,-1.64e-08,0.00,6.769e-01,3.077e-01,1.784e-03,2.417e-03,6.161e-03,-1.000,1.537e-02,-2.799,-2.285,-1.434,-1.392,-3.191
0.01520,1.00e+09,2.3083541393,2.294,3.181,3.5759,0.874,8,0.530,0.386,30.69,20.75,1,-2.64e-08,0.00,6.769e-01,3.077e-01,1.785e-03,2.417e-03,6.161e-03,-1.000,1.537e-02,-3.181,-2.515,-1.542,-1.501,-3.488
0.01520,1.00e+09,2.3083629608,2.293,3.335,3.5598,0.655,8,0.530,0.387,49.24,31.23,1,-4.53e-08,0.00,6.769e-01,3.078e-01,1.786e-03,2.417e-03,6.161e-03,-1.000,1.537e-02,-3.567,-2.701,-1.542,-1.503,-3.761
0.01520,1.00e+09,2.3083736897,2.292,3.445,3.5482,0.498,8,0.531,0.387,69.00,41.80,1,-6.92e-08,0.00,6.769e-01,3.078e-01,1.787e-03,2.417e-03,6.162e-03,-1.000,1.537e-02,-3.842,-2.790,-1.431,-1.394,-3.923
0.01520,1.00e+09,2.3083860874,2.290,3.505,3.5418,0.412,8,0.531,0.387,83.03,49.04,1,-8.82e-08,0.00,6.769e-01,3.078e-01,1.787e-03,2.417e-03,6.162e-03,-1.000,1.537e-02,-3.992,-2.827,-1.337,-1.301,-4.004
0.01520,1.00e+09,2.3084006310,2.289,3.532,3.5388,0.373,8,0.532,0.387,90.37,52.77,1,-9.87e-08,0.00,6.769e-01,3.078e-01,1.787e-03,2.417e-03,6.162e-03,-1.000,1.537e-02,-4.059,-2.830,-1.263,-1.229,-4.026
0.01520,1.00e+09,2.3084173203,2.288,3.546,3.5370,0.351,8,0.532,0.386,94.74,54.96,1,-1.05e-07,0.00,6.769e-01,3.077e-01,1.785e-03,2.417e-03,6.161e-03,-1.000,1.537e-02,-4.096,-2.829,-1.218,-1.184,-4.037
0.01520,1.00e+09,2.3084175587,2.287,3.388,3.5538,0.577,8,0.532,0.389,58.23,36.08,1,-5.54e-08,0.00,6.766e-01,3.080e-01,1.801e-03,2.417e-03,6.164e-03,-1.000,1.539e-02,-3.700,-2.745,-1.496,-1.458,-3.841
0.01520,1.00e+09,2.3084189892,2.287,3.278,3.5655,0.733,8,0.532,0.390,41.53,26.94,1,-3.69e-08,0.00,6.766e-01,3.080e-01,1.801e-03,2.417e-03,6.164e-03,-1.000,1.539e-02,-3.425,-2.635,-1.551,-1.511,-3.662
0.01520,1.00e+09,2.3084218502,2.287,3.063,3.5883,1.040,8,0.532,0.390,21.43,15.20,1,-1.83e-08,0.00,6.766e-01,3.080e-01,1.802e-03,2.417e-03,6.164e-03,-1.000,1.539e-02,-2.886,-2.342,-1.469,-1.427,-3.261
0.01520,1.00e+09,2.3084261417,2.287,3.022,3.5927,1.098,8,0.533,0.390,18.89,13.64,1,-1.62e-08,0.00,6.766e-01,3.080e-01,1.803e-03,2.417e-03,6.165e-03,-1.000,1.539e-02,-2.784,-2.277,-1.430,-1.388,-3.180
0.01520,1.00e+09,2.3084318638,2.286,3.090,3.5854,1.000,8,0.533,0.390,23.34,16.37,1,-1.99e-08,0.00,6.766e-01,3.080e-01,1.804e-03,2.417e-03,6.165e-03,-1.000,1.539e-02,-2.956,-2.387,-1.495,-1.453,-3.317
0.01520,1.00e+09,2.3084397316,2.285,3.239,3.5695,0.788,8,0.533,0.391,36.91,24.33,1,-3.22e-08,0.00,6.766e-01,3.080e-01,1.806e-03,2.417e-03,6.165e-03,-1.000,1.539e-02,-3.328,-2.593,-1.561,-1.521,-3.596
0.01520,1.00e+09,2.3084492683,2.284,3.389,3.5535,0.574,8,0.534,0.391,58.56,36.25,1,-5.56e-08,0.00,6.765e-01,3.081e-01,1.807e-03,2.417e-03,6.165e-03,-1.000,1.540e-02,-3.702,-2.743,-1.487,-1.450,-3.840
0.01520,1.00e+09,2.3084609509,2.283,3.495,3.5421,0.422,8,0.534,0.391,81.21,48.09,1,-8.46e-08,0.00,6.765e-01,3.081e-01,1.808e-03,2.417e-03,6.165e-03,-1.000,1.540e-02,-3.967,-2.810,-1.329,-1.293,-3.984
0.01520,1.00e+09,2.3084747791,2.281,3.551,3.5360,0.341,8,0.535,0.391,96.83,55.98,1,-1.07e-07,0.00,6.765e-01,3.081e-01,1.807e-03,2.417e-03,6.165e-03,-1.000,1.540e-02,-4.108,-2.818,-1.180,-1.146,-4.033
0.01520,1.00e+09,2.3084907532,2.279,3.575,3.5332,0.305,8,0.535,0.390,104.51,59.79,1,-1.19e-07,0.00,6.766e-01,3.080e-01,1.805e-03,2.417e-03,6.165e-03,-1.000,1.539e-02,-4.169,-2.818,-1.109,-1.077,-4.052
0.01520,1.00e+09,2.3085091114,2.278,3.587,3.5318,0.287,8,0.536,0.390,108.61,61.81,1,-1.25e-07,0.00,6.766e-01,3.080e-01,1.801e-03,2.418e-03,6.164e-03,-1.000,1.539e-02,-4.198,-2.816,-1.069,-1.038,-4.060
0.01520,1.00e+09,2.3085095882,2.277,3.439,3.5478,0.500,8,0.536,0.399,68.64,41.57,1,-6.76e-08,0.00,6.760e-01,3.086e-01,1.845e-03,2.417e-03,6.171e-03,-1.000,1.544e-02,-3.827,-2.769,-1.403,-1.366,-3.904
0.01520,1.00e+09,2.3085110188,2.277,3.330,3.5596,0.656,8,0.536,0.399,49.00,31.06,1,-4.46e-08,0.00,6.760e-01,3.086e-01,1.846e-03,2.417e-03,6.172e-03,-1.000,1.544e-02,-3.554,-2.685,-1.525,-1.486,-3.746
0.01520,1.00e+09,2.3085138798,2.277,3.116,3.5827,0.962,8,0.536,0.399,25.31,17.55,1,-2.16e-08,0.00,6.760e-01,3.086e-01,1.847e-03,2.417e-03,6.172e-03,-1.000,1.544e-02,-3.019,-2.425,-1.513,-1.471,-3.367
0.01520,1.00e+09,2.3085184097,2.276,3.073,3.5874,1.023,8,0.536,0.399,22.20,15.67,1,-1.9e-08,0.00,6.760e-01,3.086e-01,1.848e-03,2.417e-03,6.172e-03,-1.000,1.545e-02,-2.913,-2.361,-1.481,-1.439,-3.284
0.01520,1.00e+09,2.3085248470,2.275,3.140,3.5801,0.927,8,0.537,0.400,27.29,18.73,1,-2.34e-08,0.00,6.760e-01,3.086e-01,1.850e-03,2.417e-03,6.172e-03,-1.000,1.545e-02,-3.080,-2.458,-1.523,-1.482,-3.412
0.01520,1.00e+09,2.3085331917,2.274,3.285,3.5645,0.720,8,0.537,0.400,42.69,27.57,1,-3.8e-08,0.00,6.760e-01,3.086e-01,1.852e-03,2.417e-03,6.172e-03,-1.000,1.545e-02,-3.442,-2.638,-1.541,-1.501,-3.671
0.01520,1.00e+09,2.3085436821,2.273,3.430,3.5487,0.512,8,0.537,0.400,66.92,40.66,1,-6.54e-08,0.00,6.760e-01,3.086e-01,1.853e-03,2.417e-03,6.172e-03,-1.000,1.545e-02,-3.804,-2.761,-1.412,-1.375,-3.891
0.01520,1.00e+09,2.3085563183,2.271,3.531,3.5375,0.365,8,0.538,0.400,91.84,53.45,1,-9.88e-08,0.00,6.760e-01,3.086e-01,1.853e-03,2.417e-03,6.172e-03,-1.000,1.545e-02,-4.059,-2.802,-1.205,-1.171,-4.007
0.01520,1.00e+09,2.3085711002,2.269,3.585,3.5316,0.287,8,0.538,0.400,108.54,61.74,1,-1.24e-07,0.00,6.760e-01,3.086e-01,1.851e-03,2.417e-03,6.171e-03,-1.000,1.545e-02,-4.192,-2.806,-1.055,-1.023,-4.051
0.01520,1.00e+09,2.3085882664,2.267,3.606,3.5291,0.256,8,0.539,0.399,116.24,65.51,1,-1.36e-07,0.00,6.760e-01,3.085e-01,1.846e-03,2.417e-03,6.171e-03,-1.000,1.544e-02,-4.246,-2.806,-0.989,-0.958,-4.067
0.01520,1.00e+09,2.3086080551,2.265,3.616,3.5280,0.241,8,0.540,0.397,119.87,67.26,1,-1.41e-07,0.00,6.761e-01,3.085e-01,1.838e-03,2.418e-03,6.170e-03,-1.000,1.543e-02,-4.269,-2.803,-0.956,-0.925,-4.073
0.01520,1.00e+09,2.3086085320,2.265,3.477,3.5432,0.440,8,0.540,0.416,78.00,46.39,1,-7.94e-08,0.00,6.752e-01,3.093e-01,1.927e-03,2.415e-03,6.180e-03,-1.000,1.554e-02,-3.924,-2.786,-1.327,-1.291,-3.952
0.01520,1.00e+09,2.3086099625,2.264,3.369,3.5551,0.596,8,0.540,0.416,55.73,34.69,1,-5.21e-08,0.00,6.752e-01,3.093e-01,1.927e-03,2.415e-03,6.180e-03,-1.000,1.554e-02,-3.653,-2.722,-1.497,-1.460,-3.809
0.01520,1.00e+09,2.3086130619,2.264,3.158,3.5785,0.901,8,0.540,0.416,28.84,19.63,1,-2.5e-08,0.00,6.752e-01,3.093e-01,1.929e-03,2.415e-03,6.180e-03,-1.000,1.554e-02,-3.124,-2.485,-1.535,-1.494,-3.446
0.01520,1.00e+09,2.3086178303,2.263,3.114,3.5834,0.964,8,0.540,0.417,25.18,17.45,1,-2.18e-08,0.00,6.752e-01,3.093e-01,1.931e-03,2.415e-03,6.180e-03,-1.000,1.555e-02,-3.015,-2.427,-1.521,-1.479,-3.366
0.01520,1.00e+09,2.3086247444,2.262,3.179,3.5762,0.870,8,0.540,0.417,30.85,20.81,1,-2.68e-08,0.00,6.752e-01,3.093e-01,1.933e-03,2.415e-03,6.180e-03,-1.000,1.555e-02,-3.178,-2.514,-1.543,-1.502,-3.486
0.01520,1.00e+09,2.3086333275,2.261,3.320,3.5606,0.667,8,0.541,0.418,47.80,30.38,1,-4.34e-08,0.00,6.752e-01,3.093e-01,1.935e-03,2.415e-03,6.180e-03,-1.000,1.555e-02,-3.529,-2.674,-1.526,-1.487,-3.729
0.01520,1.00e+09,2.3086442947,2.259,3.460,3.5449,0.463,8,0.541,0.418,74.18,44.41,1,-7.43e-08,0.00,6.752e-01,3.093e-01,1.937e-03,2.415e-03,6.180e-03,-1.000,1.555e-02,-3.881,-2.773,-1.349,-1.313,-3.927
0.01520,1.00e+09,2.3086576462,2.258,3.559,3.5339,0.321,8,0.542,0.418,100.95,57.96,1,-1.11e-07,0.00,6.752e-01,3.093e-01,1.936e-03,2.415e-03,6.180e-03,-1.000,1.555e-02,-4.127,-2.792,-1.102,-1.069,-4.021
0.01520,1.00e+09,2.3086731434,2.255,3.610,3.5281,0.246,8,0.542,0.417,118.60,66.61,1,-1.38e-07,0.00,6.752e-01,3.093e-01,1.933e-03,2.415e-03,6.180e-03,-1.000,1.555e-02,-4.255,-2.792,-0.950,-0.919,-4.061
0.01520,1.00e+09,2.3086912632,2.253,3.630,3.5257,0.216,8,0.543,0.416,126.47,70.40,1,-1.51e-07,0.00,6.752e-01,3.092e-01,1.926e-03,2.415e-03,6.179e-03,-1.000,1.554e-02,-4.304,-2.778,-0.866,-0.837,-4.061
0.01520,1.00e+09,2.3087120056,2.250,3.638,3.5247,0.203,8,0.544,0.413,129.91,72.05,1,-1.56e-07,0.00,6.753e-01,3.092e-01,1.913e-03,2.416e-03,6.179e-03,-1.000,1.552e-02,-4.324,-2.769,-0.826,-0.798,-4.059
0.01520,1.00e+09,2.3087124825,2.250,3.510,3.5391,0.389,8,0.544,0.446,87.08,50.99,1,-9.11e-08,0.00,6.741e-01,3.102e-01,2.068e-03,2.412e-03,6.189e-03,-1.000,1.571e-02,-4.004,-2.783,-1.226,-1.191,-3.976
0.01520,1.00e+09,2.3087139130,2.249,3.403,3.5511,0.544,8,0.544,0.446,62.35,38.19,1,-5.97e-08,0.00,6.741e-01,3.102e-01,2.069e-03,2.412e-03,6.189e-03,-1.000,1.571e-02,-3.737,-2.737,-1.435,-1.398,-3.850
0.01520,1.00e+09,2.3087170124,2.249,3.194,3.5747,0.847,8,0.544,0.446,32.39,21.69,1,-2.84e-08,0.00,6.741e-01,3.102e-01,2.071e-03,2.412e-03,6.189e-03,-1.000,1.571e-02,-3.214,-2.535,-1.550,-1.510,-3.514
0.01520,1.00e+09,2.3087215424,2.248,3.149,3.5797,0.911,8,0.544,0.447,28.21,19.24,1,-2.46e-08,0.00,6.741e-01,3.102e-01,2.073e-03,2.412e-03,6.189e-03,-1.000,1.571e-02,-3.103,-2.477,-1.537,-1.496,-3.433
0.01520,1.00e+09,2.3087282181,2.247,3.214,3.5724,0.817,8,0.544,0.447,34.55,22.93,1,-3.04e-08,0.00,6.741e-01,3.102e-01,2.076e-03,2.412e-03,6.189e-03,-1.000,1.571e-02,-3.265,-2.561,-1.557,-1.516,-3.551
0.01520,1.00e+09,2.3087365627,2.246,3.352,3.5568,0.616,8,0.545,0.448,53.26,33.33,1,-4.94e-08,0.00,6.741e-01,3.102e-01,2.078e-03,2.412e-03,6.188e-03,-1.000,1.572e-02,-3.610,-2.704,-1.506,-1.468,-3.781
0.01520,1.00e+09,2.3087472916,2.244,3.490,3.5411,0.415,8,0.545,0.448,82.27,48.52,1,-8.44e-08,0.00,6.741e-01,3.102e-01,2.079e-03,2.412e-03,6.188e-03,-1.000,1.572e-02,-3.956,-2.777,-1.271,-1.235,-3.958
0.01520,1.00e+09,2.3087601662,2.242,3.588,3.5300,0.273,8,0.546,0.448,111.79,63.25,1,-1.27e-07,0.00,6.741e-01,3.101e-01,2.079e-03,2.412e-03,6.188e-03,-1.000,1.572e-02,-4.199,-2.778,-0.984,-0.953,-4.034
0.01520,1.00e+09,2.3087754250,2.239,3.639,3.5240,0.197,8,0.546,0.447,131.62,72.82,1,-1.58e-07,0.00,6.742e-01,3.101e-01,2.075e-03,2.412e-03,6.188e-03,-1.000,1.571e-02,-4.328,-2.754,-0.789,-0.762,-4.047
0.01520,1.00e+09,2.3087930679,2.237,3.661,3.5214,0.165,8,0.547,0.445,141.07,77.31,1,-1.74e-07,0.00,6.742e-01,3.101e-01,2.065e-03,2.412e-03,6.188e-03,-1.000,1.570e-02,-4.381,-2.736,-0.693,-0.667,-4.045
0.01520,1.00e+09,2.3088130951,2.234,3.671,3.5201,0.149,8,0.548,0.442,145.92,79.59,1,-1.82e-07,0.00,6.743e-01,3.100e-01,2.049e-03,2.412e-03,6.188e-03,-1.000,1.568e-02,-4.406,-2.725,-0.642,-0.617,-4.042
0.01520,1.00e+09,2.3088135719,2.233,3.552,3.5337,0.322,8,0.548,0.492,100.35,57.58,1,-1.09e-07,0.00,6.729e-01,3.112e-01,2.285e-03,2.407e-03,6.197e-03,-1.000,1.595e-02,-4.109,-2.770,-1.076,-1.043,-4.000
0.01520,1.00e+09,2.3088150024,2.233,3.445,3.5459,0.477,8,0.548,0.492,71.89,43.16,1,-7.1e-08,0.00,6.729e-01,3.112e-01,2.285e-03,2.407e-03,6.196e-03,-1.000,1.595e-02,-3.844,-2.752,-1.348,-1.311,-3.900
0.01520,1.00e+09,2.3088183403,2.233,3.238,3.5697,0.780,8,0.548,0.492,37.41,24.54,1,-3.32e-08,0.00,6.729e-01,3.112e-01,2.287e-03,2.407e-03,6.196e-03,-1.000,1.595e-02,-3.324,-2.591,-1.562,-1.521,-3.594
0.01520,1.00e+09,2.3088231087,2.232,3.192,3.5750,0.846,8,0.548,0.492,32.40,21.67,1,-2.86e-08,0.00,6.729e-01,3.112e-01,2.288e-03,2.407e-03,6.196e-03,-1.000,1.595e-02,-3.210,-2.533,-1.551,-1.510,-3.511
0.01520,1.00e+09,2.3088300228,2.230,3.255,3.5677,0.754,8,0.548,0.493,39.50,25.72,1,-3.53e-08,0.00,6.729e-01,3.112e-01,2.290e-03,2.407e-03,6.196e-03,-1.000,1.595e-02,-3.367,-2.608,-1.553,-1.513,-3.622
0.01520,1.00e+09,2.3088390827,2.229,3.389,3.5524,0.559,8,0.549,0.493,60.24,37.04,1,-5.72e-08,0.00,6.729e-01,3.112e-01,2.292e-03,2.407e-03,6.196e-03,-1.000,1.595e-02,-3.702,-2.722,-1.444,-1.407,-3.827
0.01520,1.00e+09,2.3088502884,2.227,3.522,3.5369,0.363,8,0.549,0.493,91.90,53.35,1,-9.7e-08,0.00,6.729e-01,3.112e-01,2.292e-03,2.408e-03,6.196e-03,-1.000,1.595e-02,-4.036,-2.766,-1.154,-1.120,-3.975
0.01520,1.00e+09,2.3088638783,2.224,3.616,3.5261,0.226,8,0.549,0.493,123.50,68.87,1,-1.44e-07,0.00,6.729e-01,3.111e-01,2.290e-03,2.408e-03,6.196e-03,-1.000,1.595e-02,-4.269,-2.752,-0.850,-0.821,-4.033
0.01520,1.00e+09,2.3088798523,2.221,3.664,3.5204,0.155,8,0.550,0.492,144.00,78.64,1,-1.77e-07,0.00,6.729e-01,3.111e-01,2.284e-03,2.408e-03,6.195e-03,-1.000,1.595e-02,-4.389,-2.716,-0.643,-0.617,-4.031
0.01520,1.00e+09,2.3088982105,2.218,3.682,3.5181,0.126,8,0.551,0.489,152.99,82.85,1,-1.93e-07,0.00,6.730e-01,3.111e-01,2.273e-03,2.408e-03,6.195e-03,-1.000,1.593e-02,-4.435,-2.698,-0.555,-0.531,-4.028
0.01520,1.00e+09,2.3089194298,2.215,3.689,3.5171,0.115,8,0.552,0.485,156.83,84.63,1,-1.99e-07,0.00,6.730e-01,3.110e-01,2.254e-03,2.408e-03,6.195e-03,-1.000,1.591e-02,-4.453,-2.688,-0.515,-0.491,-4.024
0.01520,1.00e+09,2.3089199066,2.214,3.581,3.5298,0.273,8,0.552,0.552,111.36,62.95,1,-1.25e-07,0.00,6.714e-01,3.123e-01,2.570e-03,2.402e-03,6.202e-03,-1.000,1.626e-02,-4.182,-2.757,-0.959,-0.928,-4.014
0.01520,1.00e+09,2.3089213371,2.214,3.475,3.5422,0.429,8,0.552,0.553,79.53,47.05,1,-8.05e-08,0.00,6.714e-01,3.123e-01,2.570e-03,2.402e-03,6.202e-03,-1.000,1.626e-02,-3.916,-2.761,-1.281,-1.246,-3.934
0.01520,1.00e+09,2.3089241982,2.213,3.269,3.5662,0.731,8,0.552,0.553,41.51,26.82,1,-3.75e-08,0.00,6.715e-01,3.123e-01,2.570e-03,2.402e-03,6.202e-03,-1.000,1.626e-02,-3.402,-2.622,-1.547,-1.507,-3.645
0.01520,1.00e+09,2.3089289665,2.213,3.222,3.5716,0.799,8,0.552,0.553,35.83,23.62,1,-3.21e-08,0.00,6.715e-01,3.123e-01,2.571e-03,2.402e-03,6.202e-03,-1.000,1.626e-02,-3.286,-2.574,-1.563,-1.522,-3.568
0.01520,1.00e+09,2.3089351654,2.211,3.284,3.5644,0.708,8,0.552,0.553,43.61,27.99,1,-3.96e-08,0.00,6.715e-01,3.123e-01,2.570e-03,2.403e-03,6.202e-03,-1.000,1.626e-02,-3.441,-2.636,-1.537,-1.498,-3.670
0.01520,1.00e+09,2.3089437485,2.210,3.415,3.5490,0.515,8,0.552,0.552,66.08,40.08,1,-6.4e-08,0.00,6.715e-01,3.123e-01,2.569e-03,2.403e-03,6.202e-03,-1.000,1.626e-02,-3.768,-2.731,-1.388,-1.352,-3.858
0.01520,1.00e+09,2.3089540005,2.208,3.546,3.5336,0.322,8,0.553,0.552,100.12,57.40,1,-1.08e-07,0.00,6.715e-01,3.122e-01,2.567e-03,2.403e-03,6.202e-03,-1.000,1.626e-02,-4.095,-2.754,-1.057,-1.025,-3.985
0.01520,1.00e+09,2.3089666367,2.205,3.637,3.5228,0.187,8,0.553,0.551,133.94,73.80,1,-1.59e-07,0.00,6.715e-01,3.122e-01,2.561e-03,2.403e-03,6.201e-03,-1.000,1.625e-02,-4.323,-2.717,-0.718,-0.691,-4.018
0.01520,1.00e+09,2.3089816570,2.202,3.684,3.5171,0.117,8,0.554,0.549,155.92,84.15,1,-1.96e-07,0.00,6.716e-01,3.122e-01,2.552e-03,2.403e-03,6.201e-03,-1.000,1.624e-02,-4.441,-2.677,-0.504,-0.480,-4.012
0.01520,1.00e+09,2.3089988232,2.199,3.703,3.5148,0.088,8,0.554,0.546,165.76,88.71,1,-2.13e-07,0.00,6.716e-01,3.121e-01,2.538e-03,2.403e-03,6.201e-03,-1.000,1.623e-02,-4.487,-2.657,-0.411,-0.389,-4.007
0.01520,1.00e+09,2.3090186119,2.195,3.710,3.5137,0.076,8,0.555,0.541,170.22,90.75,1,-2.21e-07,0.00,6.717e-01,3.121e-01,2.517e-03,2.403e-03,6.201e-03,-1.000,1.620e-02,-4.506,-2.645,-0.367,-0.345,-4.001
0.01520,1.00e+09,2.3090190887,2.195,3.612,3.5254,0.221,8,0.555,0.623,124.55,69.28,1,-1.44e-07,0.00,6.700e-01,3.134e-01,2.899e-03,2.397e-03,6.206e-03,-1.000,1.662e-02,-4.261,-2.725,-0.804,-0.775,-4.010
0.01520,1.00e+09,2.3090205193,2.194,3.505,3.5381,0.379,8,0.555,0.623,88.52,51.56,1,-9.19e-08,0.00,6.700e-01,3.134e-01,2.899e-03,2.397e-03,6.206e-03,-1.000,1.662e-02,-3.992,-2.749,-1.168,-1.134,-3.950
0.01520,1.00e+09,2.3090236187,2.194,3.301,3.5623,0.679,8,0.555,0.623,46.30,29.45,1,-4.25e-08,0.00,6.700e-01,3.134e-01,2.899e-03,2.397e-03,6.206e-03,-1.000,1.662e-02,-3.483,-2.650,-1.524,-1.485,-3.696
0.01520,1.00e+09,2.3090283871,2.193,3.253,3.5680,0.749,8,0.556,0.623,39.80,25.84,1,-3.6e-08,0.00,6.700e-01,3.134e-01,2.898e-03,2.397e-03,6.206e-03,-1.000,1.662e-02,-3.364,-2.607,-1.554,-1.514,-3.620
0.01520,1.00e+09,2.3090348244,2.191,3.314,3.5607,0.660,8,0.556,0.622,48.30,30.54,1,-4.45e-08,0.00,6.700e-01,3.134e-01,2.897e-03,2.397e-03,6.206e-03,-1.000,1.662e-02,-3.515,-2.662,-1.515,-1.476,-3.716
0.01520,1.00e+09,2.3090434074,2.189,3.442,3.5456,0.471,8,0.556,0.622,72.55,43.41,1,-7.17e-08,0.00,6.700e-01,3.134e-01,2.895e-03,2.397e-03,6.206e-03,-1.000,1.661e-02,-3.834,-2.737,-1.325,-1.289,-3.887
0.01520,1.00e+09,2.3090541363,2.187,3.569,3.5304,0.283,8,0.557,0.621,108.82,61.62,1,-1.2e-07,0.00,6.701e-01,3.133e-01,2.891e-03,2.397e-03,6.206e-03,-1.000,1.661e-02,-4.151,-2.740,-0.959,-0.928,-3.992
0.01520,1.00e+09,2.3090672493,2.184,3.657,3.5199,0.152,8,0.557,0.620,144.27,78.62,1,-1.75e-07,0.00,6.701e-01,3.133e-01,2.885e-03,2.398e-03,6.205e-03,-1.000,1.660e-02,-4.371,-2.684,-0.595,-0.570,-4.002
0.01520,1.00e+09,2.3090825081,2.181,3.702,3.5144,0.085,8,0.558,0.618,166.75,89.09,1,-2.14e-07,0.00,6.701e-01,3.133e-01,2.876e-03,2.398e-03,6.205e-03,-1.000,1.659e-02,-4.484,-2.643,-0.387,-0.364,-3.995
0.01520,1.00e+09,2.3091003895,2.177,3.718,3.5123,0.059,8,0.558,0.615,176.29,93.46,1,-2.31e-07,0.00,6.702e-01,3.133e-01,2.862e-03,2.398e-03,6.205e-03,-1.000,1.658e-02,-4.526,-2.621,-0.303,-0.282,-3.984
0.01520,1.00e+09,2.3091206551,2.173,3.724,3.5115,0.049,8,0.559,0.611,180.05,95.16,1,-2.38e-07,0.00,6.702e-01,3.132e-01,2.842e-03,2.398e-03,6.206e-03,-1.000,1.656e-02,-4.540,-2.610,-0.268,-0.248,-3.978
0.01520,1.00e+09,2.3091208935,2.173,3.636,3.5220,0.179,8,0.559,0.704,136.15,74.74,1,-1.62e-07,0.00,6.684e-01,3.146e-01,3.276e-03,2.392e-03,6.209e-03,-1.000,1.703e-02,-4.321,-2.692,-0.669,-0.642,-3.998
0.01520,1.00e+09,2.3091223240,2.172,3.528,3.5349,0.338,8,0.559,0.703,96.49,55.49,1,-1.03e-07,0.00,6.684e-01,3.145e-01,3.276e-03,2.392e-03,6.209e-03,-1.000,1.703e-02,-4.051,-2.737,-1.073,-1.040,-3.959
0.01520,1.00e+09,2.3091251850,2.172,3.327,3.5589,0.636,8,0.559,0.703,50.79,31.87,1,-4.71e-08,0.00,6.684e-01,3.145e-01,3.275e-03,2.392e-03,6.208e-03,-1.000,1.703e-02,-3.547,-2.669,-1.499,-1.461,-3.734
0.01520,1.00e+09,2.3091294765,2.171,3.279,3.5646,0.706,8,0.559,0.703,43.60,27.93,1,-3.98e-08,0.00,6.684e-01,3.145e-01,3.273e-03,2.392e-03,6.208e-03,-1.000,1.702e-02,-3.427,-2.626,-1.530,-1.491,-3.658
0.01520,1.00e+09,2.3091354370,2.169,3.339,3.5574,0.617,8,0.560,0.702,52.89,33.00,1,-4.93e-08,0.00,6.685e-01,3.145e-01,3.271e-03,2.392e-03,6.208e-03,-1.000,1.702e-02,-3.578,-2.680,-1.490,-1.452,-3.753
0.01520,1.00e+09,2.3091433048,2.167,3.465,3.5423,0.430,8,0.560,0.702,79.05,46.70,1,-7.96e-08,0.00,6.685e-01,3.145e-01,3.267e-03,2.392e-03,6.208e-03,-1.000,1.702e-02,-3.892,-2.739,-1.262,-1.226,-3.911
0.01520,1.00e+09,2.3091533184,2.165,3.590,3.5272,0.245,8,0.560,0.700,118.02,66.03,1,-1.33e-07,0.00,6.685e-01,3.145e-01,3.262e-03,2.392e-03,6.208e-03,-1.000,1.701e-02,-4.205,-2.720,-0.854,-0.824,-3.994
0.01520,1.00e+09,2.3091650009,2.162,3.677,3.5166,0.114,8,0.561,0.699,156.28,84.16,1,-1.94e-07,0.00,6.685e-01,3.145e-01,3.254e-03,2.392e-03,6.208e-03,-1.000,1.700e-02,-4.423,-2.645,-0.458,-0.434,-3.983
0.01520,1.00e+09,2.3091790676,2.159,3.723,3.5110,0.046,8,0.561,0.697,181.18,95.61,1,-2.38e-07,0.00,6.686e-01,3.144e-01,3.244e-03,2.392e-03,6.208e-03,-1.000,1.699e-02,-4.537,-2.591,-0.234,-0.214,-3.961
0.01520,1.00e+09,2.3091952801,2.155,3.741,3.5086,0.017,8,0.562,0.694,192.69,100.82,1,-2.59e-07,0.00,6.686e-01,3.144e-01,3.231e-03,2.392e-03,6.208e-03,-1.000,1.698e-02,-4.583,-2.561,-0.133,-0.115,-3.943
0.01520,1.00e+09,2.3092138767,2.151,3.749,3.5074,0.003,8,0.563,0.690,198.37,103.36,1,-2.69e-07,0.00,6.687e-01,3.143e-01,3.213e-03,2.393e-03,6.208e-03,-1.000,1.696e-02,-4.603,-2.543,-0.079,-0.063,-3.932
0.01520,1.00e+09,2.3092141151,2.151,3.670,3.5170,0.120,8,0.563,0.790,154.07,83.08,1,-1.89e-07,0.00,6.668e-01,3.157e-01,3.679e-03,2.386e-03,6.209e-03,-1.000,1.746e-02,-4.405,-2.637,-0.461,-0.437,-3.973
0.01520,1.00e+09,2.3092157841,2.150,3.561,3.5302,0.282,8,0.563,0.790,108.71,61.45,1,-1.19e-07,0.00,6.668e-01,3.157e-01,3.679e-03,2.386e-03,6.209e-03,-1.000,1.746e-02,-4.133,-2.717,-0.931,-0.900,-3.971
0.01520,1.00e+09,2.3092184067,2.150,3.361,3.5544,0.579,8,0.563,0.790,57.32,35.34,1,-5.42e-08,0.00,6.668e-01,3.157e-01,3.677e-03,2.386e-03,6.209e-03,-1.000,1.746e-02,-3.634,-2.690,-1.451,-1.414,-3.782
0.01520,1.00e+09,2.3092229366,2.148,3.312,3.5604,0.651,8,0.563,0.789,49.01,30.87,1,-4.54e-08,0.00,6.668e-01,3.157e-01,3.675e-03,2.386e-03,6.209e-03,-1.000,1.746e-02,-3.511,-2.653,-1.501,-1.462,-3.709
0.01520,1.00e+09,2.3092288971,2.147,3.372,3.5532,0.563,8,0.563,0.788,59.29,36.38,1,-5.63e-08,0.00,6.669e-01,3.157e-01,3.672e-03,2.386e-03,6.209e-03,-1.000,1.745e-02,-3.659,-2.693,-1.431,-1.393,-3.794
0.01520,1.00e+09,2.3092370033,2.145,3.494,3.5382,0.380,8,0.564,0.788,87.92,51.14,1,-9.06e-08,0.00,6.669e-01,3.157e-01,3.667e-03,2.386e-03,6.209e-03,-1.000,1.745e-02,-3.965,-2.725,-1.146,-1.112,-3.924
0.01520,1.00e+09,2.3092470169,2.142,3.616,3.5234,0.199,8,0.564,0.786,130.02,71.71,1,-1.5e-07,0.00,6.669e-01,3.156e-01,3.661e-03,2.386e-03,6.209e-03,-1.000,1.744e-02,-4.269,-2.679,-0.699,-0.671,-3.976
0.01520,1.00e+09,2.3092589378,2.139,3.700,3.5131,0.072,8,0.564,0.785,170.70,90.72,1,-2.18e-07,0.00,6.669e-01,3.156e-01,3.654e-03,2.386e-03,6.209e-03,-1.000,1.743e-02,-4.480,-2.598,-0.302,-0.280,-3.958
0.01520,1.00e+09,2.3092732430,2.135,3.743,3.5077,0.007,8,0.565,0.782,196.52,102.45,1,-2.64e-07,0.00,6.670e-01,3.156e-01,3.644e-03,2.387e-03,6.209e-03,-1.000,1.742e-02,-4.588,-2.537,-0.082,-0.065,-3.925
0.01520,1.00e+09,2.3092896938,2.131,3.760,3.5055,-0.019,8,0.566,0.780,207.81,107.49,1,-2.86e-07,0.00,6.670e-01,3.156e-01,3.631e-03,2.387e-03,6.209e-03,-1.000,1.741e-02,-4.630,-2.510,0.012,0.027,-3.909
0.01520,1.00e+09,2.3093085289,2.126,3.766,3.5046,-0.030,8,0.567,0.776,212.75,109.67,1,-2.95e-07,0.00,6.671e-01,3.155e-01,3.615e-03,2.387e-03,6.209e-03,-1.000,1.739e-02,-4.646,-2.497,0.054,0.069,-3.900
0.01520,1.00e+09,2.3093087673,2.126,3.697,3.5131,0.073,8,0.567,0.881,170.27,90.47,1,-2.16e-07,0.00,6.652e-01,3.169e-01,4.101e-03,2.380e-03,6.209e-03,-1.000,1.792e-02,-4.472,-2.592,-0.297,-0.276,-3.951
0.01520,1.00e+09,2.3093101978,2.126,3.587,3.5265,0.236,8,0.567,0.880,119.72,66.72,1,-1.35e-07,0.00,6.652e-01,3.169e-01,4.100e-03,2.380e-03,6.209e-03,-1.000,1.792e-02,-4.198,-2.694,-0.807,-0.777,-3.972
0.01520,1.00e+09,2.3093128204,2.125,3.390,3.5507,0.531,8,0.567,0.880,63.42,38.52,1,-6.11e-08,0.00,6.652e-01,3.169e-01,4.098e-03,2.380e-03,6.209e-03,-1.000,1.791e-02,-3.704,-2.696,-1.386,-1.349,-3.812
0.01520,1.00e+09,2.3093168736,2.124,3.340,3.5568,0.605,8,0.567,0.879,54.07,33.56,1,-5.09e-08,0.00,6.652e-01,3.169e-01,4.095e-03,2.380e-03,6.209e-03,-1.000,1.791e-02,-3.579,-2.673,-1.476,-1.437,-3.750
0.01520,1.00e+09,2.3093228340,2.122,3.398,3.5497,0.517,8,0.567,0.878,65.25,39.47,1,-6.32e-08,0.00,6.652e-01,3.169e-01,4.090e-03,2.380e-03,6.209e-03,-1.000,1.791e-02,-3.725,-2.699,-1.369,-1.332,-3.822
0.01520,1.00e+09,2.3093302250,2.120,3.518,3.5351,0.339,8,0.567,0.877,95.93,55.08,1,-1.02e-07,0.00,6.653e-01,3.168e-01,4.084e-03,2.380e-03,6.209e-03,-1.000,1.790e-02,-4.025,-2.715,-1.056,-1.023,-3.936
0.01520,1.00e+09,2.3093395233,2.117,3.637,3.5207,0.162,8,0.568,0.875,140.42,76.55,1,-1.68e-07,0.00,6.653e-01,3.168e-01,4.076e-03,2.380e-03,6.209e-03,-1.000,1.789e-02,-4.321,-2.656,-0.593,-0.567,-3.970
0.01520,1.00e+09,2.3093509674,2.114,3.719,3.5108,0.040,8,0.568,0.873,182.78,96.12,1,-2.42e-07,0.00,6.653e-01,3.168e-01,4.066e-03,2.381e-03,6.209e-03,-1.000,1.788e-02,-4.527,-2.574,-0.210,-0.191,-3.945
0.01520,1.00e+09,2.3093643188,2.110,3.761,3.5059,-0.023,8,0.569,0.871,209.15,107.98,1,-2.93e-07,0.00,6.654e-01,3.168e-01,4.054e-03,2.381e-03,6.209e-03,-1.000,1.787e-02,-4.632,-2.521,-0.006,0.009,-3.919
0.01520,1.00e+09,2.3093798161,2.105,3.777,3.5041,-0.047,8,0.570,0.867,220.27,112.90,1,-3.17e-07,0.00,6.654e-01,3.167e-01,4.039e-03,2.381e-03,6.209e-03,-1.000,1.785e-02,-4.672,-2.504,0.069,0.083,-3.911
0.01520,1.00e+09,2.3093974590,2.100,3.783,3.5035,-0.057,8,0.570,0.864,224.77,114.86,1,-3.28e-07,0.00,6.655e-01,3.167e-01,4.022e-03,2.381e-03,6.209e-03,-1.000,1.783e-02,-4.688,-2.500,0.091,0.105,-3.910
0.01520,1.00e+09,2.3093976974,2.100,3.723,3.5107,0.032,8,0.570,0.970,185.51,97.30,1,-2.5e-07,0.00,6.636e-01,3.180e-01,4.517e-03,2.374e-03,6.208e-03,-1.000,1.837e-02,-4.537,-2.581,-0.212,-0.192,-3.952
0.01520,1.00e+09,2.3093991280,2.100,3.613,3.5239,0.195,8,0.570,0.970,130.48,71.78,1,-1.54e-07,0.00,6.636e-01,3.180e-01,4.516e-03,2.374e-03,6.208e-03,-1.000,1.837e-02,-4.261,-2.685,-0.718,-0.691,-3.979
0.01520,1.00e+09,2.3094017506,2.099,3.417,3.5474,0.485,8,0.571,0.969,69.87,41.83,1,-6.91e-08,0.00,6.636e-01,3.180e-01,4.513e-03,2.374e-03,6.208e-03,-1.000,1.836e-02,-3.772,-2.706,-1.329,-1.293,-3.844
0.01520,1.00e+09,2.3094055653,2.098,3.366,3.5534,0.559,8,0.571,0.968,59.46,36.38,1,-5.7e-08,0.00,6.636e-01,3.180e-01,4.509e-03,2.375e-03,6.208e-03,-1.000,1.836e-02,-3.645,-2.683,-1.425,-1.388,-3.782
0.01520,1.00e+09,2.3094112873,2.096,3.423,3.5466,0.475,8,0.571,0.967,71.41,42.62,1,-7.11e-08,0.00,6.636e-01,3.180e-01,4.503e-03,2.375e-03,6.208e-03,-1.000,1.835e-02,-3.788,-2.709,-1.318,-1.281,-3.853
0.01520,1.00e+09,2.3094184399,2.093,3.540,3.5328,0.302,8,0.571,0.966,103.65,58.81,1,-1.14e-07,0.00,6.637e-01,3.180e-01,4.496e-03,2.375e-03,6.208e-03,-1.000,1.834e-02,-4.081,-2.722,-1.002,-0.970,-3.958
0.01520,1.00e+09,2.3094274998,2.090,3.656,3.5194,0.132,8,0.572,0.964,149.49,80.69,1,-1.88e-07,0.00,6.637e-01,3.180e-01,4.487e-03,2.375e-03,6.208e-03,-1.000,1.834e-02,-4.370,-2.667,-0.560,-0.535,-3.989
0.01520,1.00e+09,2.3094384670,2.087,3.735,3.5103,0.015,8,0.572,0.961,192.17,100.24,1,-2.7e-07,0.00,6.638e-01,3.179e-01,4.476e-03,2.375e-03,6.208e-03,-1.000,1.832e-02,-4.569,-2.598,-0.215,-0.196,-3.973
0.01520,1.00e+09,2.3094513416,2.083,3.776,3.5060,-0.043,8,0.573,0.959,217.97,111.75,1,-3.26e-07,0.00,6.638e-01,3.179e-01,4.463e-03,2.375e-03,6.208e-03,-1.000,1.831e-02,-4.670,-2.561,-0.042,-0.026,-3.958
0.01520,1.00e+09,2.3094663620,2.078,3.791,3.5047,-0.065,8,0.574,0.955,228.14,116.21,1,-3.53e-07,0.00,6.639e-01,3.178e-01,4.448e-03,2.375e-03,6.208e-03,-1.000,1.829e-02,-4.708,-2.556,0.006,0.020,-3.961
0.01520,1.00e+09,2.3094835281,2.072,3.797,3.5046,-0.072,8,0.574,0.952,231.55,117.68,1,-3.65e-07,0.00,6.639e-01,3.178e-01,4.431e-03,2.376e-03,6.208e-03,-1.000,1.827e-02,-4.721,-2.566,0.002,0.016,-3.971
0.01520,1.00e+09,2.3094837666,2.072,3.746,3.5103,0.002,8,0.575,1.058,195.52,104.89,1,-2.89e-07,0.00,6.620e-01,3.192e-01,4.926e-03,2.369e-03,6.207e-03,7.533,1.881e-02,-4.594,-3.494,-2.370,-2.331,-4.541
0.01520,1.00e+09,2.3094849586,2.072,3.635,3.5227,0.162,8,0.575,1.058,134.66,79.28,1,-1.76e-07,0.00,6.620e-01,3.192e-01,4.925e-03,2.369e-03,6.207e-03,7.530,1.881e-02,-4.317,-3.315,-2.251,-2.210,-4.334
0.01520,1.00e+09,2.3094873428,2.071,3.441,3.5445,0.443,8,0.575,1.057,70.11,48.57,1,-7.78e-08,0.00,6.620e-01,3.191e-01,4.922e-03,2.369e-03,6.207e-03,7.526,1.881e-02,-3.832,-3.009,-2.041,-1.997,-3.980
0.01520,1.00e+09,2.3094911575,2.070,3.389,3.5501,0.517,8,0.575,1.056,59.11,42.72,1,-6.34e-08,0.00,6.621e-01,3.191e-01,4.917e-03,2.369e-03,6.207e-03,7.518,1.880e-02,-3.704,-2.924,-1.978,-1.933,-3.883
0.01520,1.00e+09,2.3094964027,2.068,3.446,3.5431,0.432,8,0.575,1.055,71.99,49.53,1,-7.89e-08,0.00,6.621e-01,3.191e-01,4.911e-03,2.369e-03,6.207e-03,7.508,1.879e-02,-3.845,-3.009,-2.034,-1.990,-3.984
0.01520,1.00e+09,2.3095033169,2.066,3.561,3.5291,0.261,8,0.575,1.053,107.11,66.73,1,-1.26e-07,0.00,6.621e-01,3.191e-01,4.903e-03,2.369e-03,6.207e-03,7.494,1.879e-02,-4.132,-3.179,-2.143,-2.101,-4.185
0.01520,1.00e+09,2.3095116615,2.063,3.673,3.5148,0.090,8,0.576,1.051,159.02,89.75,1,-2.04e-07,0.00,6.622e-01,3.191e-01,4.893e-03,2.369e-03,6.207e-03,7.476,1.878e-02,-4.413,-3.344,-2.241,-2.201,-4.382
0.01520,1.00e+09,2.3095221519,2.060,3.751,3.5042,-0.030,8,0.576,1.049,210.46,110.72,1,-2.87e-07,0.00,6.622e-01,3.190e-01,4.881e-03,2.369e-03,6.207e-03,7.454,1.876e-02,-4.607,-3.460,-2.305,-2.266,-4.522
0.01520,1.00e+09,2.3095343113,2.056,3.790,3.4977,-0.097,8,0.577,1.046,245.40,124.21,1,-3.4e-07,0.00,6.623e-01,3.190e-01,4.868e-03,2.370e-03,6.207e-03,7.427,1.875e-02,-4.706,-3.533,-2.345,-2.307,-4.608
0.01520,1.00e+09,2.3095483780,2.051,3.805,3.4938,-0.128,8,0.578,1.042,263.97,131.14,1,-3.6e-07,0.00,6.623e-01,3.190e-01,4.852e-03,2.370e-03,6.207e-03,7.394,1.873e-02,-4.743,-3.535,-2.323,-2.287,-4.620
0.01520,1.00e+09,2.3095643520,2.046,3.811,3.4907,-0.147,8,0.579,1.038,275.85,135.48,0,-3.64e-07,0.00,6.624e-01,3.189e-01,4.835e-03,2.370e-03,6.207e-03,7.353,1.871e-02,-4.757,-3.523,-2.293,-2.257,-4.616
0.01520,1.00e+09,2.3095645905,2.046,3.769,3.4959,-0.084,8,0.579,1.144,238.30,121.39,1,-3.01e-07,0.00,6.605e-01,3.202e-01,5.324e-03,2.363e-03,6.205e-03,7.927,1.924e-02,-4.652,-3.464,-2.267,-2.230,-4.543
0.01520,1.00e+09,2.3095657825,2.045,3.657,3.5099,0.083,8,0.579,1.144,161.58,90.68,1,-1.83e-07,0.00,6.605e-01,3.202e-01,5.323e-03,2.364e-03,6.205e-03,7.927,1.924e-02,-4.374,-3.293,-2.176,-2.136,-4.338
0.01520,1.00e+09,2.3095684052,2.045,3.466,3.5340,0.371,8,0.579,1.143,82.73,54.86,1,-8.18e-08,0.00,6.605e-01,3.202e-01,5.321e-03,2.364e-03,6.205e-03,7.925,1.924e-02,-3.894,-3.002,-2.004,-1.961,-3.991
0.01520,1.00e+09,2.3095722198,2.043,3.413,3.5404,0.449,8,0.579,1.143,69.07,47.91,1,-6.66e-08,0.00,6.605e-01,3.202e-01,5.317e-03,2.364e-03,6.205e-03,7.923,1.924e-02,-3.763,-2.923,-1.951,-1.908,-3.897
0.01520,1.00e+09,2.3095774651,2.041,3.469,3.5329,0.362,8,0.579,1.141,84.40,55.67,1,-8.28e-08,0.00,6.606e-01,3.202e-01,5.312e-03,2.364e-03,6.205e-03,7.919,1.923e-02,-3.903,-3.003,-2.000,-1.957,-3.994
0.01520,1.00e+09,2.3095843792,2.039,3.581,3.5180,0.190,8,0.580,1.140,125.97,75.18,1,-1.31e-07,0.00,6.606e-01,3.202e-01,5.306e-03,2.364e-03,6.205e-03,7.915,1.922e-02,-4.184,-3.165,-2.093,-2.053,-4.190
0.01520,1.00e+09,2.3095929623,2.036,3.691,3.5030,0.019,8,0.580,1.138,187.16,101.17,1,-2.1e-07,0.00,6.606e-01,3.202e-01,5.298e-03,2.364e-03,6.205e-03,7.910,1.922e-02,-4.458,-3.327,-2.172,-2.133,-4.388
0.01520,1.00e+09,2.3096032143,2.033,3.767,3.4920,-0.101,8,0.581,1.136,247.24,124.64,1,-2.92e-07,0.00,6.606e-01,3.202e-01,5.289e-03,2.364e-03,6.205e-03,7.904,1.921e-02,-4.647,-3.438,-2.222,-2.185,-4.525
0.01520,1.00e+09,2.3096156120,2.029,3.805,3.4856,-0.165,8,0.581,1.134,287.25,139.43,0,-3.45e-07,0.00,6.607e-01,3.201e-01,5.279e-03,2.364e-03,6.205e-03,7.897,1.919e-02,-4.742,-3.501,-2.247,-2.212,-4.602
0.01520,1.00e+09,2.3096299171,2.024,3.819,3.4821,-0.195,8,0.582,1.132,307.61,146.72,0,-3.66e-07,0.00,6.607e-01,3.201e-01,5.268e-03,2.364e-03,6.206e-03,7.889,1.918e-02,-4.779,-3.506,-2.231,-2.196,-4.616
0.01520,1.00e+09,2.3096461296,2.018,3.825,3.4795,-0.212,8,0.583,1.129,319.88,151.01,0,-3.72e-07,0.00,6.608e-01,3.201e-01,5.255e-03,2.364e-03,6.206e-03,7.880,1.917e-02,-4.793,-3.504,-2.213,-2.178,-4.619
0.01520,1.00e+09,2.3096463680,2.018,3.792,3.4840,-0.162,8,0.583,1.233,284.48,138.29,0,-3.21e-07,0.00,6.589e-01,3.214e-01,5.735e-03,2.358e-03,6.204e-03,8.136,1.969e-02,-4.711,-3.463,-2.202,-2.166,-4.568
0.01520,1.00e+09,2.3096475601,2.018,3.681,3.4992,0.011,8,0.583,1.232,190.48,102.33,1,-1.95e-07,0.00,6.589e-01,3.214e-01,5.734e-03,2.358e-03,6.204e-03,8.136,1.969e-02,-4.431,-3.275,-2.101,-2.063,-4.345
0.01520,1.00e+09,2.3096499443,2.017,3.491,3.5250,0.304,8,0.583,1.232,96.47,61.40,1,-8.82e-08,0.00,6.590e-01,3.214e-01,5.732e-03,2.358e-03,6.204e-03,8.135,1.969e-02,-3.957,-2.994,-1.955,-1.914,-4.003
0.01520,1.00e+09,2.3096535206,2.015,3.438,3.5321,0.385,8,0.583,1.231,79.93,53.31,1,-7.15e-08,0.00,6.590e-01,3.213e-01,5.728e-03,2.358e-03,6.204e-03,8.134,1.968e-02,-3.825,-2.918,-1.911,-1.869,-3.911
0.01520,1.00e+09,2.3096585274,2.014,3.493,3.5241,0.297,8,0.584,1.230,97.99,62.11,1,-8.88e-08,0.00,6.590e-01,3.213e-01,5.724e-03,2.358e-03,6.204e-03,8.132,1.968e-02,-3.964,-2.993,-1.950,-1.909,-4.004
0.01520,1.00e+09,2.3096652031,2.011,3.603,3.5084,0.124,8,0.584,1.229,146.57,84.01,1,-1.39e-07,0.00,6.590e-01,3.213e-01,5.718e-03,2.358e-03,6.204e-03,8.129,1.967e-02,-4.238,-3.146,-2.020,-1.981,-4.195
0.01520,1.00e+09,2.3096733093,2.008,3.711,3.4927,-0.047,8,0.584,1.227,217.84,113.07,1,-2.21e-07,0.00,6.590e-01,3.213e-01,5.711e-03,2.358e-03,6.204e-03,8.126,1.967e-02,-4.506,-3.279,-2.065,-2.028,-4.366
0.01520,1.00e+09,2.3096830845,2.004,3.784,3.4814,-0.167,8,0.585,1.226,287.62,139.25,0,-3.05e-07,0.00,6.591e-01,3.213e-01,5.702e-03,2.358e-03,6.204e-03,8.123,1.966e-02,-4.691,-3.429,-2.154,-2.119,-4.539
0.01520,1.00e+09,2.3096947670,2.000,3.822,3.4749,-0.231,8,0.586,1.224,334.05,155.73,0,-3.59e-07,0.00,6.591e-01,3.213e-01,5.693e-03,2.359e-03,6.204e-03,8.119,1.965e-02,-4.785,-3.480,-2.162,-2.128,-4.605
0.01520,1.00e+09,2.3097083569,1.995,3.837,3.4714,-0.261,8,0.586,1.221,357.85,163.91,0,-3.82e-07,0.00,6.591e-01,3.212e-01,5.683e-03,2.359e-03,6.204e-03,8.115,1.964e-02,-4.821,-3.516,-2.178,-2.144,-4.648
0.01520,1.00e+09,2.3097238541,1.989,3.843,3.4689,-0.279,8,0.587,1.219,372.39,168.79,0,-3.9e-07,0.00,6.592e-01,3.212e-01,5.673e-03,2.359e-03,6.204e-03,8.110,1.962e-02,-4.837,-3.530,-2.181,-2.147,-4.667
0.01520,1.00e+09,2.3097240925,1.989,3.819,3.4723,-0.241,8,0.587,1.320,341.25,158.08,0,-3.51e-07,0.00,6.574e-01,3.225e-01,6.139e-03,2.353e-03,6.202e-03,8.275,2.013e-02,-4.777,-3.473,-2.143,-2.109,-4.602
0.01520,1.00e+09,2.3097252846,1.988,3.707,3.4886,-0.064,8,0.587,1.320,226.01,116.02,1,-2.13e-07,0.00,6.574e-01,3.225e-01,6.138e-03,2.353e-03,6.202e-03,8.275,2.013e-02,-4.496,-3.262,-2.028,-1.992,-4.356
0.01520,1.00e+09,2.3097276688,1.987,3.519,3.5159,0.233,8,0.588,1.319,113.56,69.21,1,-9.69e-08,0.00,6.574e-01,3.225e-01,6.136e-03,2.353e-03,6.202e-03,8.275,2.013e-02,-4.028,-2.993,-1.909,-1.869,-4.023
0.01520,1.00e+09,2.3097312450,1.986,3.465,3.5236,0.317,8,0.588,1.318,93.33,59.72,1,-7.83e-08,0.00,6.574e-01,3.224e-01,6.132e-03,2.353e-03,6.202e-03,8.274,2.013e-02,-3.893,-2.919,-1.873,-1.832,-3.931
0.01520,1.00e+09,2.3097360134,1.983,3.520,3.5154,0.229,8,0.588,1.317,114.48,69.60,1,-9.72e-08,0.00,6.574e-01,3.224e-01,6.128e-03,2.353e-03,6.202e-03,8.272,2.012e-02,-4.030,-2.991,-1.904,-1.864,-4.022
0.01520,1.00e+09,2.3097426891,1.980,3.627,3.4993,0.057,8,0.588,1.316,170.77,93.94,1,-1.51e-07,0.00,6.575e-01,3.224e-01,6.122e-03,2.353e-03,6.202e-03,8.271,2.012e-02,-4.298,-3.142,-1.969,-1.931,-4.212
0.01520,1.00e+09,2.3097505569,1.976,3.731,3.4834,-0.112,8,0.589,1.315,252.44,125.92,1,-2.37e-07,0.00,6.575e-01,3.224e-01,6.116e-03,2.353e-03,6.202e-03,8.269,2.011e-02,-4.558,-3.331,-2.072,-2.036,-4.435
0.01520,1.00e+09,2.3097603321,1.972,3.803,3.4722,-0.229,8,0.590,1.313,331.20,154.32,0,-3.25e-07,0.00,6.575e-01,3.224e-01,6.109e-03,2.353e-03,6.202e-03,8.266,2.010e-02,-4.736,-3.429,-2.101,-2.067,-4.559
0.01520,1.00e+09,2.3097720146,1.966,3.839,3.4661,-0.291,8,0.590,1.312,382.29,171.77,0,-3.82e-07,0.00,6.575e-01,3.224e-01,6.101e-03,2.353e-03,6.202e-03,8.264,2.009e-02,-4.827,-3.520,-2.159,-2.126,-4.660
0.01520,1.00e+09,2.3097853661,1.960,3.853,3.4631,-0.318,8,0.591,1.310,407.17,179.98,0,-4.07e-07,0.00,6.576e-01,3.223e-01,6.093e-03,2.353e-03,6.202e-03,8.262,2.008e-02,-4.861,-3.546,-2.172,-2.139,-4.691
0.01520,1.00e+09,2.3098006248,1.953,3.858,3.4611,-0.333,8,0.592,1.308,421.19,184.49,0,-4.17e-07,0.00,6.576e-01,3.223e-01,6.085e-03,2.353e-03,6.202e-03,8.259,2.008e-02,-4.875,-3.549,-2.164,-2.131,-4.697
0.01520,1.00e+09,2.3098008633,1.953,3.844,3.4633,-0.310,8,0.592,1.405,399.19,177.20,0,-3.91e-07,0.00,6.559e-01,3.235e-01,6.532e-03,2.347e-03,6.200e-03,8.379,2.057e-02,-4.839,-3.529,-2.157,-2.123,-4.673
0.01520,1.00e+09,2.3098020554,1.952,3.731,3.4803,-0.130,8,0.592,1.404,262.51,129.36,0,-2.37e-07,0.00,6.559e-01,3.235e-01,6.530e-03,2.347e-03,6.200e-03,8.378,2.057e-02,-4.558,-3.315,-2.038,-2.003,-4.425
0.01520,1.00e+09,2.3098042011,1.949,3.546,3.5083,0.167,8,0.592,1.404,131.78,77.10,1,-1.08e-07,0.00,6.559e-01,3.235e-01,6.527e-03,2.347e-03,6.200e-03,8.377,2.056e-02,-4.095,-3.001,-1.875,-1.836,-4.051
0.01520,1.00e+09,2.3098073006,1.946,3.491,3.5163,0.253,8,0.593,1.403,107.79,66.28,1,-8.72e-08,0.00,6.559e-01,3.235e-01,6.522e-03,2.347e-03,6.200e-03,8.376,2.056e-02,-3.958,-2.926,-1.845,-1.805,-3.956
0.01520,1.00e+09,2.3098120689,1.941,3.545,3.5077,0.164,8,0.593,1.401,132.60,77.40,1,-1.08e-07,0.00,6.560e-01,3.235e-01,6.516e-03,2.348e-03,6.200e-03,8.375,2.055e-02,-4.092,-2.995,-1.866,-1.826,-4.045
0.01520,1.00e+09,2.3098180294,1.935,3.649,3.4911,-0.008,8,0.593,1.400,197.74,104.42,1,-1.67e-07,0.00,6.560e-01,3.235e-01,6.508e-03,2.348e-03,6.200e-03,8.373,2.054e-02,-4.354,-3.138,-1.921,-1.885,-4.226
0.01520,1.00e+09,2.3098254204,1.928,3.750,3.4748,-0.176,8,0.594,1.398,291.99,139.81,0,-2.59e-07,0.00,6.560e-01,3.234e-01,6.500e-03,2.348e-03,6.200e-03,8.371,2.053e-02,-4.606,-3.316,-2.007,-1.973,-4.439
0.01520,1.00e+09,2.3098344803,1.919,3.819,3.4631,-0.294,8,0.594,1.396,383.39,171.38,0,-3.52e-07,0.00,6.561e-01,3.234e-01,6.491e-03,2.348e-03,6.200e-03,8.369,2.052e-02,-4.778,-3.468,-2.096,-2.063,-4.612
0.01520,1.00e+09,2.3098452091,1.908,3.854,3.4565,-0.358,8,0.595,1.394,444.16,191.20,0,-4.66e-07,0.00,6.561e-01,3.234e-01,6.483e-03,2.348e-03,6.200e-03,8.367,2.051e-02,-4.865,-3.527,-2.117,-2.084,-4.683
0.01520,1.00e+09,2.3098578453,1.896,3.867,3.4529,-0.388,8,0.596,1.393,476.02,201.17,0,-7.42e-07,0.00,6.561e-01,3.234e-01,6.475e-03,2.348e-03,6.200e-03,8.365,2.050e-02,-4.898,-3.543,-2.112,-2.079,-4.706
0.01520,1.00e+09,2.3098719120,1.882,3.873,3.4504,-0.407,8,0.597,1.392,496.33,207.31,0,-9.8e-07,0.00,6.561e-01,3.234e-01,6.471e-03,2.348e-03,6.200e-03,8.364,2.050e-02,-4.912,-3.543,-2.097,-2.065,-4.711
0.01520,1.00e+09,2.3098721504,1.881,3.867,3.4512,-0.398,8,0.597,1.478,486.74,204.27,0,-8.64e-07,0.00,6.546e-01,3.244e-01,6.870e-03,2.343e-03,6.198e-03,8.451,2.094e-02,-4.898,-3.537,-2.096,-2.063,-4.703
0.01520,1.00e+09,2.3098731041,1.878,3.754,3.4689,-0.215,8,0.597,1.477,317.94,148.35,0,-2.67e-07,0.00,6.546e-01,3.244e-01,6.868e-03,2.343e-03,6.198e-03,8.451,2.094e-02,-4.616,-3.312,-1.971,-1.937,-4.446
0.01520,1.00e+09,2.3098752499,1.873,3.572,3.4976,0.081,8,0.597,1.476,159.59,88.38,1,-1.23e-07,0.00,6.546e-01,3.244e-01,6.863e-03,2.343e-03,6.198e-03,8.450,2.093e-02,-4.159,-2.993,-1.811,-1.774,-4.066
0.01520,1.00e+09,2.3098783493,1.864,3.516,3.5060,0.169,8,0.597,1.475,130.23,75.82,1,-9.84e-08,0.00,6.547e-01,3.244e-01,6.857e-03,2.343e-03,6.198e-03,8.449,2.093e-02,-4.020,-2.909,-1.771,-1.731,-3.964
0.01520,1.00e+09,2.3098828793,1.852,3.569,3.4967,0.075,8,0.598,1.473,161.47,88.99,1,-1.23e-07,0.00,6.547e-01,3.244e-01,6.848e-03,2.343e-03,6.198e-03,8.447,2.092e-02,-4.153,-2.981,-1.795,-1.757,-4.056
0.01520,1.00e+09,2.3098886013,1.836,3.671,3.4793,-0.100,8,0.598,1.471,242.35,120.52,0,-1.9e-07,0.00,6.547e-01,3.244e-01,6.839e-03,2.343e-03,6.198e-03,8.445,2.091e-02,-4.408,-3.182,-1.904,-1.869,-4.294
0.01520,1.00e+09,2.3098959923,1.816,3.769,3.4621,-0.272,8,0.599,1.469,360.41,162.05,0,-2.94e-07,0.00,6.548e-01,3.243e-01,6.829e-03,2.343e-03,6.198e-03,8.443,2.090e-02,-4.653,-3.343,-1.967,-1.934,-4.488
0.01520,1.00e+09,2.3099045753,1.793,3.836,3.4495,-0.394,8,0.599,1.467,478.10,199.87,0,-8.04e-07,0.00,6.548e-01,3.243e-01,6.821e-03,2.344e-03,6.198e-03,8.442,2.089e-02,-4.820,-3.451,-2.001,-1.969,-4.620
0.01520,1.00e+09,2.3099150658,1.766,3.869,3.4418,-0.465,8,0.600,1.466,561.98,225.04,0,-2.25e-06,0.00,6.548e-01,3.243e-01,6.817e-03,2.344e-03,6.198e-03,8.441,2.088e-02,-4.904,-3.512,-2.019,-1.988,-4.694
0.01520,1.00e+09,2.3099269867,1.735,3.882,3.4372,-0.504,8,0.601,1.467,613.69,239.64,0,-3.84e-06,0.00,6.548e-01,3.243e-01,6.818e-03,2.344e-03,6.198e-03,8.441,2.088e-02,-4.936,-3.542,-2.022,-1.990,-4.732
0.01520,1.00e+09,2.3099405766,1.700,3.888,3.4334,-0.534,8,0.602,1.469,654.24,250.49,0,-5.63e-06,0.00,6.548e-01,3.243e-01,6.828e-03,2.343e-03,6.198e-03,8.443,2.089e-02,-4.949,-3.543,-2.004,-1.974,-4.738
0.01520,1.00e+09,2.3099408150,1.698,3.892,3.4326,-0.541,8,0.602,1.530,665.72,253.73,0,-6.22e-06,0.00,6.537e-01,3.251e-01,7.110e-03,2.340e-03,6.197e-03,8.497,2.121e-02,-4.959,-3.550,-2.007,-1.977,-4.746
0.01520,1.00e+09,2.3099417686,1.691,3.779,3.4513,-0.355,8,0.602,1.529,432.05,183.28,0,-4.35e-07,0.00,6.537e-01,3.251e-01,7.108e-03,2.340e-03,6.197e-03,8.496,2.120e-02,-4.676,-3.319,-1.881,-1.849,-4.484
0.01520,1.00e+09,2.3099436760,1.677,3.598,3.4810,-0.060,8,0.602,1.528,217.05,109.16,0,-1.53e-07,0.00,6.537e-01,3.251e-01,7.102e-03,2.340e-03,6.197e-03,8.495,2.120e-02,-4.226,-2.979,-1.708,-1.673,-4.088
0.01520,1.00e+09,2.3099467754,1.655,3.542,3.4896,0.026,8,0.603,1.526,177.52,93.64,1,-1.23e-07,0.00,6.538e-01,3.251e-01,7.094e-03,2.340e-03,6.197e-03,8.494,2.119e-02,-4.084,-2.868,-1.644,-1.608,-3.958
0.01520,1.00e+09,2.3099508286,1.626,3.594,3.4792,-0.076,8,0.603,1.524,224.18,111.19,0,-1.56e-07,0.00,6.538e-01,3.250e-01,7.084e-03,2.340e-03,6.197e-03,8.492,2.118e-02,-4.215,-2.976,-1.697,-1.662,-4.088
0.01520,1.00e+09,2.3099563122,1.588,3.693,3.4601,-0.262,8,0.604,1.522,343.90,152.60,0,-2.46e-07,0.00,6.538e-01,3.250e-01,7.074e-03,2.340e-03,6.197e-03,8.490,2.117e-02,-4.463,-3.147,-1.762,-1.729,-4.295
0.01520,1.00e+09,2.3099632263,1.542,3.788,3.4409,-0.447,8,0.604,1.520,525.39,208.54,0,-1.65e-06,0.00,6.539e-01,3.250e-01,7.065e-03,2.340e-03,6.197e-03,8.489,2.116e-02,-4.701,-3.309,-1.814,-1.782,-4.491
0.01520,1.00e+09,2.3099715710,1.488,3.852,3.4261,-0.585,8,0.605,1.519,720.98,262.52,0,-9.69e-06,0.00,6.539e-01,3.250e-01,7.059e-03,2.340e-03,6.197e-03,8.487,2.115e-02,-4.861,-3.424,-1.856,-1.826,-4.628
0.01520,1.00e+09,2.3099813461,1.427,3.885,3.4161,-0.676,8,0.606,1.519,883.48,303.03,0,-1.04e-05,0.00,6.539e-01,3.250e-01,7.059e-03,2.340e-03,6.197e-03,8.488,2.115e-02,-4.941,-3.476,-1.861,-1.832,-4.693
0.01520,1.00e+09,2.3099925518,1.359,3.897,3.4089,-0.738,8,0.607,1.521,1013.71,332.27,0,-1.07e-05,0.00,6.538e-01,3.250e-01,7.070e-03,2.340e-03,6.197e-03,8.490,2.116e-02,-4.972,-3.500,-1.874,-1.846,-4.721
0.01520,1.00e+09,2.3100054264,1.285,3.902,3.4023,-0.794,8,0.608,1.527,1144.65,359.07,0,-1.09e-05,0.00,6.538e-01,3.251e-01,7.096e-03,2.340e-03,6.197e-03,8.494,2.119e-02,-4.985,-3.509,-1.878,-1.849,-4.731
0.01520,1.00e+09,2.3100056648,1.282,3.916,3.3999,-0.818,8,0.608,1.549,1210.95,374.39,0,-1.12e-05,0.00,6.534e-01,3.253e-01,7.197e-03,2.339e-03,6.196e-03,8.512,2.130e-02,-5.020,-3.507,-1.862,-1.835,-4.733
0.01520,1.00e+09,2.3100066185,1.272,3.803,3.4227,-0.617,8,0.608,1.548,757.89,262.83,0,-8.64e-06,0.00,6.534e-01,3.253e-01,7.196e-03,2.339e-03,6.196e-03,8.512,2.130e-02,-4.736,-3.288,-1.704,-1.674,-4.496
0.01520,1.00e+09,2.3100082874,1.252,3.624,3.4592,-0.300,8,0.608,1.548,361.86,150.29,0,-2.62e-07,0.00,6.534e-01,3.253e-01,7.193e-03,2.339e-03,6.196e-03,8.512,2.130e-02,-4.291,-2.969,-1.576,-1.543,-4.119
0.01520,1.00e+09,2.3100111485,1.222,3.566,3.4746,-0.191,8,0.609,1.547,279.82,123.10,0,-2.22e-07,0.00,6.534e-01,3.253e-01,7.190e-03,2.339e-03,6.196e-03,8.511,2.129e-02,-4.145,-2.847,-1.534,-1.500,-3.971
0.01520,1.00e+09,2.3100152016,1.180,3.616,3.4704,-0.273,8,0.609,1.546,337.13,140.24,0,-3.05e-07,0.00,6.534e-01,3.253e-01,7.186e-03,2.339e-03,6.196e-03,8.510,2.129e-02,-4.271,-2.973,-1.631,-1.596,-4.107
0.01520,1.00e+09,2.3100202084,1.129,3.711,3.4591,-0.432,8,0.610,1.545,486.21,182.16,0,-1.21e-06,0.00,6.534e-01,3.253e-01,7.181e-03,2.339e-03,6.197e-03,8.509,2.128e-02,-4.508,-3.185,-1.785,-1.752,-4.339
0.01520,1.00e+09,2.3100266457,1.067,3.801,3.4500,-0.582,8,0.610,1.544,685.14,231.44,0,-8.6e-06,0.00,6.534e-01,3.253e-01,7.177e-03,2.339e-03,6.197e-03,8.509,2.128e-02,-4.732,-3.343,-1.877,-1.846,-4.518
0.01520,1.00e+09,2.3100345135,0.997,3.860,3.4484,-0.678,8,0.611,1.544,850.50,265.63,0,-9.86e-06,0.00,6.534e-01,3.253e-01,7.175e-03,2.339e-03,6.197e-03,8.508,2.128e-02,-4.880,-3.387,-1.882,-1.853,-4.575
0.01520,1.00e+09,2.3100435734,0.921,3.888,3.4545,-0.716,8,0.612,1.544,926.72,273.78,0,-1.05e-05,0.00,6.534e-01,3.253e-01,7.177e-03,2.339e-03,6.197e-03,8.509,2.128e-02,-4.950,-3.508,-2.038,-2.008,-4.685
0.01520,1.00e+09,2.3100543022,0.839,3.897,3.4664,-0.717,8,0.613,1.546,932.43,261.70,0,-1.07e-05,0.00,6.534e-01,3.253e-01,7.183e-03,2.339e-03,6.196e-03,8.510,2.129e-02,-4.971,-3.582,-2.172,-2.140,-4.739
0.01520,1.00e+09,2.3100664616,0.755,3.898,3.4818,-0.703,8,0.615,1.549,918.69,238.79,0,-1.08e-05,0.00,6.534e-01,3.253e-01,7.197e-03,2.339e-03,6.196e-03,8.512,2.130e-02,-4.975,-3.653,-2.325,-2.291,-4.782
0.01520,1.00e+09,2.3100845814,0.616,-9.999,4.0921,1.749,9,0.616,1.552,0.00,0.00,-1,-1e-30,0.00,6.533e-01,3.254e-01,7.211e-03,2.339e-03,6.196e-03,8.515,2.132e-02,29.767,30.438,30.379,30.365,30.516
#isochrone,terminated
